5.311526479750778 1.49640625 0.1525
5.311526479750778 1.49640625 0.305
5.311526479750778 1.49640625 0.4575
5.311526479750778 1.49640625 0.61
5.311526479750778 1.49640625 0.7625
5.311526479750778 1.49640625 0.915
5.311526479750778 1.49640625 1.0675
5.311526479750778 1.49640625 1.22
5.311526479750778 1.49640625 1.3725
5.311526479750778 1.49640625 1.525
5.311526479750778 1.49640625 1.6775
5.311526479750778 1.49640625 1.83
5.311526479750778 1.49640625 1.9825
5.311526479750778 1.49640625 2.135
5.311526479750778 1.49640625 2.2875
5.311526479750778 1.49640625 2.44
5.311526479750778 1.49640625 2.5925
5.311526479750778 1.49640625 2.745
5.311526479750778 1.49640625 2.8975
5.345794392523364 1.49640625 0.1525
5.345794392523364 1.49640625 0.305
5.345794392523364 1.49640625 0.4575
5.345794392523364 1.49640625 0.61
5.345794392523364 1.49640625 0.7625
5.345794392523364 1.49640625 0.915
5.345794392523364 1.49640625 1.0675
5.345794392523364 1.49640625 1.22
5.345794392523364 1.49640625 1.3725
5.345794392523364 1.49640625 1.525
5.345794392523364 1.49640625 1.6775
5.345794392523364 1.49640625 1.83
5.345794392523364 1.49640625 1.9825
5.345794392523364 1.49640625 2.135
5.345794392523364 1.49640625 2.2875
5.345794392523364 1.49640625 2.44
5.345794392523364 1.49640625 2.5925
5.345794392523364 1.49640625 2.745
5.345794392523364 1.49640625 2.8975
5.38006230529595 1.49640625 0.1525
5.38006230529595 1.49640625 0.305
5.38006230529595 1.49640625 0.4575
5.38006230529595 1.49640625 0.61
5.38006230529595 1.49640625 0.7625
5.38006230529595 1.49640625 0.915
5.38006230529595 1.49640625 1.0675
5.38006230529595 1.49640625 1.22
5.38006230529595 1.49640625 1.3725
5.38006230529595 1.49640625 1.525
5.38006230529595 1.49640625 1.6775
5.38006230529595 1.49640625 1.83
5.38006230529595 1.49640625 1.9825
5.38006230529595 1.49640625 2.135
5.38006230529595 1.49640625 2.2875
5.38006230529595 1.49640625 2.44
5.38006230529595 1.49640625 2.5925
5.38006230529595 1.49640625 2.745
5.38006230529595 1.49640625 2.8975
5.414330218068535 1.49640625 0.1525
5.414330218068535 1.49640625 0.305
5.414330218068535 1.49640625 0.4575
5.414330218068535 1.49640625 0.61
5.414330218068535 1.49640625 0.7625
5.414330218068535 1.49640625 0.915
5.414330218068535 1.49640625 1.0675
5.414330218068535 1.49640625 1.22
5.414330218068535 1.49640625 1.3725
5.414330218068535 1.49640625 1.525
5.414330218068535 1.49640625 1.6775
5.414330218068535 1.49640625 1.83
5.414330218068535 1.49640625 1.9825
5.414330218068535 1.49640625 2.135
5.414330218068535 1.49640625 2.2875
5.414330218068535 1.49640625 2.44
5.414330218068535 1.49640625 2.5925
5.414330218068535 1.49640625 2.745
5.414330218068535 1.49640625 2.8975
5.448598130841121 1.49640625 0.1525
5.448598130841121 1.49640625 0.305
5.448598130841121 1.49640625 0.4575
5.448598130841121 1.49640625 0.61
5.448598130841121 1.49640625 0.7625
5.448598130841121 1.49640625 0.915
5.448598130841121 1.49640625 1.0675
5.448598130841121 1.49640625 1.22
5.448598130841121 1.49640625 1.3725
5.448598130841121 1.49640625 1.525
5.448598130841121 1.49640625 1.6775
5.448598130841121 1.49640625 1.83
5.448598130841121 1.49640625 1.9825
5.448598130841121 1.49640625 2.135
5.448598130841121 1.49640625 2.2875
5.448598130841121 1.49640625 2.44
5.448598130841121 1.49640625 2.5925
5.448598130841121 1.49640625 2.745
5.448598130841121 1.49640625 2.8975
5.482866043613707 1.49640625 0.1525
5.482866043613707 1.49640625 0.305
5.482866043613707 1.49640625 0.4575
5.482866043613707 1.49640625 0.61
5.482866043613707 1.49640625 0.7625
5.482866043613707 1.49640625 0.915
5.482866043613707 1.49640625 1.0675
5.482866043613707 1.49640625 1.22
5.482866043613707 1.49640625 1.3725
5.482866043613707 1.49640625 1.525
5.482866043613707 1.49640625 1.6775
5.482866043613707 1.49640625 1.83
5.482866043613707 1.49640625 1.9825
5.482866043613707 1.49640625 2.135
5.482866043613707 1.49640625 2.2875
5.482866043613707 1.49640625 2.44
5.482866043613707 1.49640625 2.5925
5.482866043613707 1.49640625 2.745
5.482866043613707 1.49640625 2.8975
5.517133956386292 1.49640625 0.1525
5.517133956386292 1.49640625 0.305
5.517133956386292 1.49640625 0.4575
5.517133956386292 1.49640625 0.61
5.517133956386292 1.49640625 0.7625
5.517133956386292 1.49640625 0.915
5.517133956386292 1.49640625 1.0675
5.517133956386292 1.49640625 1.22
5.517133956386292 1.49640625 1.3725
5.517133956386292 1.49640625 1.525
5.517133956386292 1.49640625 1.6775
5.517133956386292 1.49640625 1.83
5.517133956386292 1.49640625 1.9825
5.517133956386292 1.49640625 2.135
5.517133956386292 1.49640625 2.2875
5.517133956386292 1.49640625 2.44
5.517133956386292 1.49640625 2.5925
5.517133956386292 1.49640625 2.745
5.517133956386292 1.49640625 2.8975
5.551401869158878 1.49640625 0.1525
5.551401869158878 1.49640625 0.305
5.551401869158878 1.49640625 0.4575
5.551401869158878 1.49640625 0.61
5.551401869158878 1.49640625 0.7625
5.551401869158878 1.49640625 0.915
5.551401869158878 1.49640625 1.0675
5.551401869158878 1.49640625 1.22
5.551401869158878 1.49640625 1.3725
5.551401869158878 1.49640625 1.525
5.551401869158878 1.49640625 1.6775
5.551401869158878 1.49640625 1.83
5.551401869158878 1.49640625 1.9825
5.551401869158878 1.49640625 2.135
5.551401869158878 1.49640625 2.2875
5.551401869158878 1.49640625 2.44
5.551401869158878 1.49640625 2.5925
5.551401869158878 1.49640625 2.745
5.551401869158878 1.49640625 2.8975
5.585669781931464 1.49640625 0.1525
5.585669781931464 1.49640625 0.305
5.585669781931464 1.49640625 0.4575
5.585669781931464 1.49640625 0.61
5.585669781931464 1.49640625 0.7625
5.585669781931464 1.49640625 0.915
5.585669781931464 1.49640625 1.0675
5.585669781931464 1.49640625 1.22
5.585669781931464 1.49640625 1.3725
5.585669781931464 1.49640625 1.525
5.585669781931464 1.49640625 1.6775
5.585669781931464 1.49640625 1.83
5.585669781931464 1.49640625 1.9825
5.585669781931464 1.49640625 2.135
5.585669781931464 1.49640625 2.2875
5.585669781931464 1.49640625 2.44
5.585669781931464 1.49640625 2.5925
5.585669781931464 1.49640625 2.745
5.585669781931464 1.49640625 2.8975
5.619937694704049 1.49640625 0.1525
5.619937694704049 1.49640625 0.305
5.619937694704049 1.49640625 0.4575
5.619937694704049 1.49640625 0.61
5.619937694704049 1.49640625 0.7625
5.619937694704049 1.49640625 0.915
5.619937694704049 1.49640625 1.0675
5.619937694704049 1.49640625 1.22
5.619937694704049 1.49640625 1.3725
5.619937694704049 1.49640625 1.525
5.619937694704049 1.49640625 1.6775
5.619937694704049 1.49640625 1.83
5.619937694704049 1.49640625 1.9825
5.619937694704049 1.49640625 2.135
5.619937694704049 1.49640625 2.2875
5.619937694704049 1.49640625 2.44
5.619937694704049 1.49640625 2.5925
5.619937694704049 1.49640625 2.745
5.619937694704049 1.49640625 2.8975
5.654205607476635 1.49640625 0.1525
5.654205607476635 1.49640625 0.305
5.654205607476635 1.49640625 0.4575
5.654205607476635 1.49640625 0.61
5.654205607476635 1.49640625 0.7625
5.654205607476635 1.49640625 0.915
5.654205607476635 1.49640625 1.0675
5.654205607476635 1.49640625 1.22
5.654205607476635 1.49640625 1.3725
5.654205607476635 1.49640625 1.525
5.654205607476635 1.49640625 1.6775
5.654205607476635 1.49640625 1.83
5.654205607476635 1.49640625 1.9825
5.654205607476635 1.49640625 2.135
5.654205607476635 1.49640625 2.2875
5.654205607476635 1.49640625 2.44
5.654205607476635 1.49640625 2.5925
5.654205607476635 1.49640625 2.745
5.654205607476635 1.49640625 2.8975
5.688473520249221 1.49640625 0.1525
5.688473520249221 1.49640625 0.305
5.688473520249221 1.49640625 0.4575
5.688473520249221 1.49640625 0.61
5.688473520249221 1.49640625 0.7625
5.688473520249221 1.49640625 0.915
5.688473520249221 1.49640625 1.0675
5.688473520249221 1.49640625 1.22
5.688473520249221 1.49640625 1.3725
5.688473520249221 1.49640625 1.525
5.688473520249221 1.49640625 1.6775
5.688473520249221 1.49640625 1.83
5.688473520249221 1.49640625 1.9825
5.688473520249221 1.49640625 2.135
5.688473520249221 1.49640625 2.2875
5.688473520249221 1.49640625 2.44
5.688473520249221 1.49640625 2.5925
5.688473520249221 1.49640625 2.745
5.688473520249221 1.49640625 2.8975
5.311526479750778 1.5059375 0.1525
5.311526479750778 1.5059375 0.305
5.311526479750778 1.5059375 0.4575
5.311526479750778 1.5059375 0.61
5.311526479750778 1.5059375 0.7625
5.311526479750778 1.5059375 0.915
5.311526479750778 1.5059375 1.0675
5.311526479750778 1.5059375 1.22
5.311526479750778 1.5059375 1.3725
5.311526479750778 1.5059375 1.525
5.311526479750778 1.5059375 1.6775
5.311526479750778 1.5059375 1.83
5.311526479750778 1.5059375 1.9825
5.311526479750778 1.5059375 2.135
5.311526479750778 1.5059375 2.2875
5.311526479750778 1.5059375 2.44
5.311526479750778 1.5059375 2.5925
5.311526479750778 1.5059375 2.745
5.311526479750778 1.5059375 2.8975
5.345794392523364 1.5059375 0.1525
5.345794392523364 1.5059375 0.305
5.345794392523364 1.5059375 0.4575
5.345794392523364 1.5059375 0.61
5.345794392523364 1.5059375 0.7625
5.345794392523364 1.5059375 0.915
5.345794392523364 1.5059375 1.0675
5.345794392523364 1.5059375 1.22
5.345794392523364 1.5059375 1.3725
5.345794392523364 1.5059375 1.525
5.345794392523364 1.5059375 1.6775
5.345794392523364 1.5059375 1.83
5.345794392523364 1.5059375 1.9825
5.345794392523364 1.5059375 2.135
5.345794392523364 1.5059375 2.2875
5.345794392523364 1.5059375 2.44
5.345794392523364 1.5059375 2.5925
5.345794392523364 1.5059375 2.745
5.345794392523364 1.5059375 2.8975
5.38006230529595 1.5059375 0.1525
5.38006230529595 1.5059375 0.305
5.38006230529595 1.5059375 0.4575
5.38006230529595 1.5059375 0.61
5.38006230529595 1.5059375 0.7625
5.38006230529595 1.5059375 0.915
5.38006230529595 1.5059375 1.0675
5.38006230529595 1.5059375 1.22
5.38006230529595 1.5059375 1.3725
5.38006230529595 1.5059375 1.525
5.38006230529595 1.5059375 1.6775
5.38006230529595 1.5059375 1.83
5.38006230529595 1.5059375 1.9825
5.38006230529595 1.5059375 2.135
5.38006230529595 1.5059375 2.2875
5.38006230529595 1.5059375 2.44
5.38006230529595 1.5059375 2.5925
5.38006230529595 1.5059375 2.745
5.38006230529595 1.5059375 2.8975
5.414330218068535 1.5059375 0.1525
5.414330218068535 1.5059375 0.305
5.414330218068535 1.5059375 0.4575
5.414330218068535 1.5059375 0.61
5.414330218068535 1.5059375 0.7625
5.414330218068535 1.5059375 0.915
5.414330218068535 1.5059375 1.0675
5.414330218068535 1.5059375 1.22
5.414330218068535 1.5059375 1.3725
5.414330218068535 1.5059375 1.525
5.414330218068535 1.5059375 1.6775
5.414330218068535 1.5059375 1.83
5.414330218068535 1.5059375 1.9825
5.414330218068535 1.5059375 2.135
5.414330218068535 1.5059375 2.2875
5.414330218068535 1.5059375 2.44
5.414330218068535 1.5059375 2.5925
5.414330218068535 1.5059375 2.745
5.414330218068535 1.5059375 2.8975
5.448598130841121 1.5059375 0.1525
5.448598130841121 1.5059375 0.305
5.448598130841121 1.5059375 0.4575
5.448598130841121 1.5059375 0.61
5.448598130841121 1.5059375 0.7625
5.448598130841121 1.5059375 0.915
5.448598130841121 1.5059375 1.0675
5.448598130841121 1.5059375 1.22
5.448598130841121 1.5059375 1.3725
5.448598130841121 1.5059375 1.525
5.448598130841121 1.5059375 1.6775
5.448598130841121 1.5059375 1.83
5.448598130841121 1.5059375 1.9825
5.448598130841121 1.5059375 2.135
5.448598130841121 1.5059375 2.2875
5.448598130841121 1.5059375 2.44
5.448598130841121 1.5059375 2.5925
5.448598130841121 1.5059375 2.745
5.448598130841121 1.5059375 2.8975
5.482866043613707 1.5059375 0.1525
5.482866043613707 1.5059375 0.305
5.482866043613707 1.5059375 0.4575
5.482866043613707 1.5059375 0.61
5.482866043613707 1.5059375 0.7625
5.482866043613707 1.5059375 0.915
5.482866043613707 1.5059375 1.0675
5.482866043613707 1.5059375 1.22
5.482866043613707 1.5059375 1.3725
5.482866043613707 1.5059375 1.525
5.482866043613707 1.5059375 1.6775
5.482866043613707 1.5059375 1.83
5.482866043613707 1.5059375 1.9825
5.482866043613707 1.5059375 2.135
5.482866043613707 1.5059375 2.2875
5.482866043613707 1.5059375 2.44
5.482866043613707 1.5059375 2.5925
5.482866043613707 1.5059375 2.745
5.482866043613707 1.5059375 2.8975
5.517133956386292 1.5059375 0.1525
5.517133956386292 1.5059375 0.305
5.517133956386292 1.5059375 0.4575
5.517133956386292 1.5059375 0.61
5.517133956386292 1.5059375 0.7625
5.517133956386292 1.5059375 0.915
5.517133956386292 1.5059375 1.0675
5.517133956386292 1.5059375 1.22
5.517133956386292 1.5059375 1.3725
5.517133956386292 1.5059375 1.525
5.517133956386292 1.5059375 1.6775
5.517133956386292 1.5059375 1.83
5.517133956386292 1.5059375 1.9825
5.517133956386292 1.5059375 2.135
5.517133956386292 1.5059375 2.2875
5.517133956386292 1.5059375 2.44
5.517133956386292 1.5059375 2.5925
5.517133956386292 1.5059375 2.745
5.517133956386292 1.5059375 2.8975
5.551401869158878 1.5059375 0.1525
5.551401869158878 1.5059375 0.305
5.551401869158878 1.5059375 0.4575
5.551401869158878 1.5059375 0.61
5.551401869158878 1.5059375 0.7625
5.551401869158878 1.5059375 0.915
5.551401869158878 1.5059375 1.0675
5.551401869158878 1.5059375 1.22
5.551401869158878 1.5059375 1.3725
5.551401869158878 1.5059375 1.525
5.551401869158878 1.5059375 1.6775
5.551401869158878 1.5059375 1.83
5.551401869158878 1.5059375 1.9825
5.551401869158878 1.5059375 2.135
5.551401869158878 1.5059375 2.2875
5.551401869158878 1.5059375 2.44
5.551401869158878 1.5059375 2.5925
5.551401869158878 1.5059375 2.745
5.551401869158878 1.5059375 2.8975
5.585669781931464 1.5059375 0.1525
5.585669781931464 1.5059375 0.305
5.585669781931464 1.5059375 0.4575
5.585669781931464 1.5059375 0.61
5.585669781931464 1.5059375 0.7625
5.585669781931464 1.5059375 0.915
5.585669781931464 1.5059375 1.0675
5.585669781931464 1.5059375 1.22
5.585669781931464 1.5059375 1.3725
5.585669781931464 1.5059375 1.525
5.585669781931464 1.5059375 1.6775
5.585669781931464 1.5059375 1.83
5.585669781931464 1.5059375 1.9825
5.585669781931464 1.5059375 2.135
5.585669781931464 1.5059375 2.2875
5.585669781931464 1.5059375 2.44
5.585669781931464 1.5059375 2.5925
5.585669781931464 1.5059375 2.745
5.585669781931464 1.5059375 2.8975
5.619937694704049 1.5059375 0.1525
5.619937694704049 1.5059375 0.305
5.619937694704049 1.5059375 0.4575
5.619937694704049 1.5059375 0.61
5.619937694704049 1.5059375 0.7625
5.619937694704049 1.5059375 0.915
5.619937694704049 1.5059375 1.0675
5.619937694704049 1.5059375 1.22
5.619937694704049 1.5059375 1.3725
5.619937694704049 1.5059375 1.525
5.619937694704049 1.5059375 1.6775
5.619937694704049 1.5059375 1.83
5.619937694704049 1.5059375 1.9825
5.619937694704049 1.5059375 2.135
5.619937694704049 1.5059375 2.2875
5.619937694704049 1.5059375 2.44
5.619937694704049 1.5059375 2.5925
5.619937694704049 1.5059375 2.745
5.619937694704049 1.5059375 2.8975
5.654205607476635 1.5059375 0.1525
5.654205607476635 1.5059375 0.305
5.654205607476635 1.5059375 0.4575
5.654205607476635 1.5059375 0.61
5.654205607476635 1.5059375 0.7625
5.654205607476635 1.5059375 0.915
5.654205607476635 1.5059375 1.0675
5.654205607476635 1.5059375 1.22
5.654205607476635 1.5059375 1.3725
5.654205607476635 1.5059375 1.525
5.654205607476635 1.5059375 1.6775
5.654205607476635 1.5059375 1.83
5.654205607476635 1.5059375 1.9825
5.654205607476635 1.5059375 2.135
5.654205607476635 1.5059375 2.2875
5.654205607476635 1.5059375 2.44
5.654205607476635 1.5059375 2.5925
5.654205607476635 1.5059375 2.745
5.654205607476635 1.5059375 2.8975
5.688473520249221 1.5059375 0.1525
5.688473520249221 1.5059375 0.305
5.688473520249221 1.5059375 0.4575
5.688473520249221 1.5059375 0.61
5.688473520249221 1.5059375 0.7625
5.688473520249221 1.5059375 0.915
5.688473520249221 1.5059375 1.0675
5.688473520249221 1.5059375 1.22
5.688473520249221 1.5059375 1.3725
5.688473520249221 1.5059375 1.525
5.688473520249221 1.5059375 1.6775
5.688473520249221 1.5059375 1.83
5.688473520249221 1.5059375 1.9825
5.688473520249221 1.5059375 2.135
5.688473520249221 1.5059375 2.2875
5.688473520249221 1.5059375 2.44
5.688473520249221 1.5059375 2.5925
5.688473520249221 1.5059375 2.745
5.688473520249221 1.5059375 2.8975
5.345794392523364 1.51546875 0.1525
5.345794392523364 1.51546875 0.305
5.345794392523364 1.51546875 0.4575
5.345794392523364 1.51546875 0.61
5.345794392523364 1.51546875 0.7625
5.345794392523364 1.51546875 0.915
5.345794392523364 1.51546875 1.0675
5.345794392523364 1.51546875 1.22
5.345794392523364 1.51546875 1.3725
5.345794392523364 1.51546875 1.525
5.345794392523364 1.51546875 1.6775
5.345794392523364 1.51546875 1.83
5.345794392523364 1.51546875 1.9825
5.345794392523364 1.51546875 2.135
5.345794392523364 1.51546875 2.2875
5.345794392523364 1.51546875 2.44
5.345794392523364 1.51546875 2.5925
5.345794392523364 1.51546875 2.745
5.345794392523364 1.51546875 2.8975
5.38006230529595 1.51546875 0.1525
5.38006230529595 1.51546875 0.305
5.38006230529595 1.51546875 0.4575
5.38006230529595 1.51546875 0.61
5.38006230529595 1.51546875 0.7625
5.38006230529595 1.51546875 0.915
5.38006230529595 1.51546875 1.0675
5.38006230529595 1.51546875 1.22
5.38006230529595 1.51546875 1.3725
5.38006230529595 1.51546875 1.525
5.38006230529595 1.51546875 1.6775
5.38006230529595 1.51546875 1.83
5.38006230529595 1.51546875 1.9825
5.38006230529595 1.51546875 2.135
5.38006230529595 1.51546875 2.2875
5.38006230529595 1.51546875 2.44
5.38006230529595 1.51546875 2.5925
5.38006230529595 1.51546875 2.745
5.38006230529595 1.51546875 2.8975
5.414330218068535 1.51546875 0.1525
5.414330218068535 1.51546875 0.305
5.414330218068535 1.51546875 0.4575
5.414330218068535 1.51546875 0.61
5.414330218068535 1.51546875 0.7625
5.414330218068535 1.51546875 0.915
5.414330218068535 1.51546875 1.0675
5.414330218068535 1.51546875 1.22
5.414330218068535 1.51546875 1.3725
5.414330218068535 1.51546875 1.525
5.414330218068535 1.51546875 1.6775
5.414330218068535 1.51546875 1.83
5.414330218068535 1.51546875 1.9825
5.414330218068535 1.51546875 2.135
5.414330218068535 1.51546875 2.2875
5.414330218068535 1.51546875 2.44
5.414330218068535 1.51546875 2.5925
5.414330218068535 1.51546875 2.745
5.414330218068535 1.51546875 2.8975
5.448598130841121 1.51546875 0.1525
5.448598130841121 1.51546875 0.305
5.448598130841121 1.51546875 0.4575
5.448598130841121 1.51546875 0.61
5.448598130841121 1.51546875 0.7625
5.448598130841121 1.51546875 0.915
5.448598130841121 1.51546875 1.0675
5.448598130841121 1.51546875 1.22
5.448598130841121 1.51546875 1.3725
5.448598130841121 1.51546875 1.525
5.448598130841121 1.51546875 1.6775
5.448598130841121 1.51546875 1.83
5.448598130841121 1.51546875 1.9825
5.448598130841121 1.51546875 2.135
5.448598130841121 1.51546875 2.2875
5.448598130841121 1.51546875 2.44
5.448598130841121 1.51546875 2.5925
5.448598130841121 1.51546875 2.745
5.448598130841121 1.51546875 2.8975
5.482866043613707 1.51546875 0.1525
5.482866043613707 1.51546875 0.305
5.482866043613707 1.51546875 0.4575
5.482866043613707 1.51546875 0.61
5.482866043613707 1.51546875 0.7625
5.482866043613707 1.51546875 0.915
5.482866043613707 1.51546875 1.0675
5.482866043613707 1.51546875 1.22
5.482866043613707 1.51546875 1.3725
5.482866043613707 1.51546875 1.525
5.482866043613707 1.51546875 1.6775
5.482866043613707 1.51546875 1.83
5.482866043613707 1.51546875 1.9825
5.482866043613707 1.51546875 2.135
5.482866043613707 1.51546875 2.2875
5.482866043613707 1.51546875 2.44
5.482866043613707 1.51546875 2.5925
5.482866043613707 1.51546875 2.745
5.482866043613707 1.51546875 2.8975
5.517133956386292 1.51546875 0.1525
5.517133956386292 1.51546875 0.305
5.517133956386292 1.51546875 0.4575
5.517133956386292 1.51546875 0.61
5.517133956386292 1.51546875 0.7625
5.517133956386292 1.51546875 0.915
5.517133956386292 1.51546875 1.0675
5.517133956386292 1.51546875 1.22
5.517133956386292 1.51546875 1.3725
5.517133956386292 1.51546875 1.525
5.517133956386292 1.51546875 1.6775
5.517133956386292 1.51546875 1.83
5.517133956386292 1.51546875 1.9825
5.517133956386292 1.51546875 2.135
5.517133956386292 1.51546875 2.2875
5.517133956386292 1.51546875 2.44
5.517133956386292 1.51546875 2.5925
5.517133956386292 1.51546875 2.745
5.517133956386292 1.51546875 2.8975
5.551401869158878 1.51546875 0.1525
5.551401869158878 1.51546875 0.305
5.551401869158878 1.51546875 0.4575
5.551401869158878 1.51546875 0.61
5.551401869158878 1.51546875 0.7625
5.551401869158878 1.51546875 0.915
5.551401869158878 1.51546875 1.0675
5.551401869158878 1.51546875 1.22
5.551401869158878 1.51546875 1.3725
5.551401869158878 1.51546875 1.525
5.551401869158878 1.51546875 1.6775
5.551401869158878 1.51546875 1.83
5.551401869158878 1.51546875 1.9825
5.551401869158878 1.51546875 2.135
5.551401869158878 1.51546875 2.2875
5.551401869158878 1.51546875 2.44
5.551401869158878 1.51546875 2.5925
5.551401869158878 1.51546875 2.745
5.551401869158878 1.51546875 2.8975
5.585669781931464 1.51546875 0.1525
5.585669781931464 1.51546875 0.305
5.585669781931464 1.51546875 0.4575
5.585669781931464 1.51546875 0.61
5.585669781931464 1.51546875 0.7625
5.585669781931464 1.51546875 0.915
5.585669781931464 1.51546875 1.0675
5.585669781931464 1.51546875 1.22
5.585669781931464 1.51546875 1.3725
5.585669781931464 1.51546875 1.525
5.585669781931464 1.51546875 1.6775
5.585669781931464 1.51546875 1.83
5.585669781931464 1.51546875 1.9825
5.585669781931464 1.51546875 2.135
5.585669781931464 1.51546875 2.2875
5.585669781931464 1.51546875 2.44
5.585669781931464 1.51546875 2.5925
5.585669781931464 1.51546875 2.745
5.585669781931464 1.51546875 2.8975
5.619937694704049 1.51546875 0.1525
5.619937694704049 1.51546875 0.305
5.619937694704049 1.51546875 0.4575
5.619937694704049 1.51546875 0.61
5.619937694704049 1.51546875 0.7625
5.619937694704049 1.51546875 0.915
5.619937694704049 1.51546875 1.0675
5.619937694704049 1.51546875 1.22
5.619937694704049 1.51546875 1.3725
5.619937694704049 1.51546875 1.525
5.619937694704049 1.51546875 1.6775
5.619937694704049 1.51546875 1.83
5.619937694704049 1.51546875 1.9825
5.619937694704049 1.51546875 2.135
5.619937694704049 1.51546875 2.2875
5.619937694704049 1.51546875 2.44
5.619937694704049 1.51546875 2.5925
5.619937694704049 1.51546875 2.745
5.619937694704049 1.51546875 2.8975
5.654205607476635 1.51546875 0.1525
5.654205607476635 1.51546875 0.305
5.654205607476635 1.51546875 0.4575
5.654205607476635 1.51546875 0.61
5.654205607476635 1.51546875 0.7625
5.654205607476635 1.51546875 0.915
5.654205607476635 1.51546875 1.0675
5.654205607476635 1.51546875 1.22
5.654205607476635 1.51546875 1.3725
5.654205607476635 1.51546875 1.525
5.654205607476635 1.51546875 1.6775
5.654205607476635 1.51546875 1.83
5.654205607476635 1.51546875 1.9825
5.654205607476635 1.51546875 2.135
5.654205607476635 1.51546875 2.2875
5.654205607476635 1.51546875 2.44
5.654205607476635 1.51546875 2.5925
5.654205607476635 1.51546875 2.745
5.654205607476635 1.51546875 2.8975
5.345794392523364 1.525 0.1525
5.345794392523364 1.525 0.305
5.345794392523364 1.525 0.4575
5.345794392523364 1.525 0.61
5.345794392523364 1.525 0.7625
5.345794392523364 1.525 0.915
5.345794392523364 1.525 1.0675
5.345794392523364 1.525 1.22
5.345794392523364 1.525 1.3725
5.345794392523364 1.525 1.525
5.345794392523364 1.525 1.6775
5.345794392523364 1.525 1.83
5.345794392523364 1.525 1.9825
5.345794392523364 1.525 2.135
5.345794392523364 1.525 2.2875
5.345794392523364 1.525 2.44
5.345794392523364 1.525 2.5925
5.345794392523364 1.525 2.745
5.345794392523364 1.525 2.8975
5.38006230529595 1.525 0.1525
5.38006230529595 1.525 0.305
5.38006230529595 1.525 0.4575
5.38006230529595 1.525 0.61
5.38006230529595 1.525 0.7625
5.38006230529595 1.525 0.915
5.38006230529595 1.525 1.0675
5.38006230529595 1.525 1.22
5.38006230529595 1.525 1.3725
5.38006230529595 1.525 1.525
5.38006230529595 1.525 1.6775
5.38006230529595 1.525 1.83
5.38006230529595 1.525 1.9825
5.38006230529595 1.525 2.135
5.38006230529595 1.525 2.2875
5.38006230529595 1.525 2.44
5.38006230529595 1.525 2.5925
5.38006230529595 1.525 2.745
5.38006230529595 1.525 2.8975
5.414330218068535 1.525 0.1525
5.414330218068535 1.525 0.305
5.414330218068535 1.525 0.4575
5.414330218068535 1.525 0.61
5.414330218068535 1.525 0.7625
5.414330218068535 1.525 0.915
5.414330218068535 1.525 1.0675
5.414330218068535 1.525 1.22
5.414330218068535 1.525 1.3725
5.414330218068535 1.525 1.525
5.414330218068535 1.525 1.6775
5.414330218068535 1.525 1.83
5.414330218068535 1.525 1.9825
5.414330218068535 1.525 2.135
5.414330218068535 1.525 2.2875
5.414330218068535 1.525 2.44
5.414330218068535 1.525 2.5925
5.414330218068535 1.525 2.745
5.414330218068535 1.525 2.8975
5.448598130841121 1.525 0.1525
5.448598130841121 1.525 0.305
5.448598130841121 1.525 0.4575
5.448598130841121 1.525 0.61
5.448598130841121 1.525 0.7625
5.448598130841121 1.525 0.915
5.448598130841121 1.525 1.0675
5.448598130841121 1.525 1.22
5.448598130841121 1.525 1.3725
5.448598130841121 1.525 1.525
5.448598130841121 1.525 1.6775
5.448598130841121 1.525 1.83
5.448598130841121 1.525 1.9825
5.448598130841121 1.525 2.135
5.448598130841121 1.525 2.2875
5.448598130841121 1.525 2.44
5.448598130841121 1.525 2.5925
5.448598130841121 1.525 2.745
5.448598130841121 1.525 2.8975
5.482866043613707 1.525 0.1525
5.482866043613707 1.525 0.305
5.482866043613707 1.525 0.4575
5.482866043613707 1.525 0.61
5.482866043613707 1.525 0.7625
5.482866043613707 1.525 0.915
5.482866043613707 1.525 1.0675
5.482866043613707 1.525 1.22
5.482866043613707 1.525 1.3725
5.482866043613707 1.525 1.525
5.482866043613707 1.525 1.6775
5.482866043613707 1.525 1.83
5.482866043613707 1.525 1.9825
5.482866043613707 1.525 2.135
5.482866043613707 1.525 2.2875
5.482866043613707 1.525 2.44
5.482866043613707 1.525 2.5925
5.482866043613707 1.525 2.745
5.482866043613707 1.525 2.8975
5.517133956386292 1.525 0.1525
5.517133956386292 1.525 0.305
5.517133956386292 1.525 0.4575
5.517133956386292 1.525 0.61
5.517133956386292 1.525 0.7625
5.517133956386292 1.525 0.915
5.517133956386292 1.525 1.0675
5.517133956386292 1.525 1.22
5.517133956386292 1.525 1.3725
5.517133956386292 1.525 1.525
5.517133956386292 1.525 1.6775
5.517133956386292 1.525 1.83
5.517133956386292 1.525 1.9825
5.517133956386292 1.525 2.135
5.517133956386292 1.525 2.2875
5.517133956386292 1.525 2.44
5.517133956386292 1.525 2.5925
5.517133956386292 1.525 2.745
5.517133956386292 1.525 2.8975
5.551401869158878 1.525 0.1525
5.551401869158878 1.525 0.305
5.551401869158878 1.525 0.4575
5.551401869158878 1.525 0.61
5.551401869158878 1.525 0.7625
5.551401869158878 1.525 0.915
5.551401869158878 1.525 1.0675
5.551401869158878 1.525 1.22
5.551401869158878 1.525 1.3725
5.551401869158878 1.525 1.525
5.551401869158878 1.525 1.6775
5.551401869158878 1.525 1.83
5.551401869158878 1.525 1.9825
5.551401869158878 1.525 2.135
5.551401869158878 1.525 2.2875
5.551401869158878 1.525 2.44
5.551401869158878 1.525 2.5925
5.551401869158878 1.525 2.745
5.551401869158878 1.525 2.8975
5.585669781931464 1.525 0.1525
5.585669781931464 1.525 0.305
5.585669781931464 1.525 0.4575
5.585669781931464 1.525 0.61
5.585669781931464 1.525 0.7625
5.585669781931464 1.525 0.915
5.585669781931464 1.525 1.0675
5.585669781931464 1.525 1.22
5.585669781931464 1.525 1.3725
5.585669781931464 1.525 1.525
5.585669781931464 1.525 1.6775
5.585669781931464 1.525 1.83
5.585669781931464 1.525 1.9825
5.585669781931464 1.525 2.135
5.585669781931464 1.525 2.2875
5.585669781931464 1.525 2.44
5.585669781931464 1.525 2.5925
5.585669781931464 1.525 2.745
5.585669781931464 1.525 2.8975
5.619937694704049 1.525 0.1525
5.619937694704049 1.525 0.305
5.619937694704049 1.525 0.4575
5.619937694704049 1.525 0.61
5.619937694704049 1.525 0.7625
5.619937694704049 1.525 0.915
5.619937694704049 1.525 1.0675
5.619937694704049 1.525 1.22
5.619937694704049 1.525 1.3725
5.619937694704049 1.525 1.525
5.619937694704049 1.525 1.6775
5.619937694704049 1.525 1.83
5.619937694704049 1.525 1.9825
5.619937694704049 1.525 2.135
5.619937694704049 1.525 2.2875
5.619937694704049 1.525 2.44
5.619937694704049 1.525 2.5925
5.619937694704049 1.525 2.745
5.619937694704049 1.525 2.8975
5.654205607476635 1.525 0.1525
5.654205607476635 1.525 0.305
5.654205607476635 1.525 0.4575
5.654205607476635 1.525 0.61
5.654205607476635 1.525 0.7625
5.654205607476635 1.525 0.915
5.654205607476635 1.525 1.0675
5.654205607476635 1.525 1.22
5.654205607476635 1.525 1.3725
5.654205607476635 1.525 1.525
5.654205607476635 1.525 1.6775
5.654205607476635 1.525 1.83
5.654205607476635 1.525 1.9825
5.654205607476635 1.525 2.135
5.654205607476635 1.525 2.2875
5.654205607476635 1.525 2.44
5.654205607476635 1.525 2.5925
5.654205607476635 1.525 2.745
5.654205607476635 1.525 2.8975
5.345794392523364 1.53453125 0.1525
5.345794392523364 1.53453125 0.305
5.345794392523364 1.53453125 0.4575
5.345794392523364 1.53453125 0.61
5.345794392523364 1.53453125 0.7625
5.345794392523364 1.53453125 0.915
5.345794392523364 1.53453125 1.0675
5.345794392523364 1.53453125 1.22
5.345794392523364 1.53453125 1.3725
5.345794392523364 1.53453125 1.525
5.345794392523364 1.53453125 1.6775
5.345794392523364 1.53453125 1.83
5.345794392523364 1.53453125 1.9825
5.345794392523364 1.53453125 2.135
5.345794392523364 1.53453125 2.2875
5.345794392523364 1.53453125 2.44
5.345794392523364 1.53453125 2.5925
5.345794392523364 1.53453125 2.745
5.345794392523364 1.53453125 2.8975
5.38006230529595 1.53453125 0.1525
5.38006230529595 1.53453125 0.305
5.38006230529595 1.53453125 0.4575
5.38006230529595 1.53453125 0.61
5.38006230529595 1.53453125 0.7625
5.38006230529595 1.53453125 0.915
5.38006230529595 1.53453125 1.0675
5.38006230529595 1.53453125 1.22
5.38006230529595 1.53453125 1.3725
5.38006230529595 1.53453125 1.525
5.38006230529595 1.53453125 1.6775
5.38006230529595 1.53453125 1.83
5.38006230529595 1.53453125 1.9825
5.38006230529595 1.53453125 2.135
5.38006230529595 1.53453125 2.2875
5.38006230529595 1.53453125 2.44
5.38006230529595 1.53453125 2.5925
5.38006230529595 1.53453125 2.745
5.38006230529595 1.53453125 2.8975
5.414330218068535 1.53453125 0.1525
5.414330218068535 1.53453125 0.305
5.414330218068535 1.53453125 0.4575
5.414330218068535 1.53453125 0.61
5.414330218068535 1.53453125 0.7625
5.414330218068535 1.53453125 0.915
5.414330218068535 1.53453125 1.0675
5.414330218068535 1.53453125 1.22
5.414330218068535 1.53453125 1.3725
5.414330218068535 1.53453125 1.525
5.414330218068535 1.53453125 1.6775
5.414330218068535 1.53453125 1.83
5.414330218068535 1.53453125 1.9825
5.414330218068535 1.53453125 2.135
5.414330218068535 1.53453125 2.2875
5.414330218068535 1.53453125 2.44
5.414330218068535 1.53453125 2.5925
5.414330218068535 1.53453125 2.745
5.414330218068535 1.53453125 2.8975
5.448598130841121 1.53453125 0.1525
5.448598130841121 1.53453125 0.305
5.448598130841121 1.53453125 0.4575
5.448598130841121 1.53453125 0.61
5.448598130841121 1.53453125 0.7625
5.448598130841121 1.53453125 0.915
5.448598130841121 1.53453125 1.0675
5.448598130841121 1.53453125 1.22
5.448598130841121 1.53453125 1.3725
5.448598130841121 1.53453125 1.525
5.448598130841121 1.53453125 1.6775
5.448598130841121 1.53453125 1.83
5.448598130841121 1.53453125 1.9825
5.448598130841121 1.53453125 2.135
5.448598130841121 1.53453125 2.2875
5.448598130841121 1.53453125 2.44
5.448598130841121 1.53453125 2.5925
5.448598130841121 1.53453125 2.745
5.448598130841121 1.53453125 2.8975
5.482866043613707 1.53453125 0.1525
5.482866043613707 1.53453125 0.305
5.482866043613707 1.53453125 0.4575
5.482866043613707 1.53453125 0.61
5.482866043613707 1.53453125 0.7625
5.482866043613707 1.53453125 0.915
5.482866043613707 1.53453125 1.0675
5.482866043613707 1.53453125 1.22
5.482866043613707 1.53453125 1.3725
5.482866043613707 1.53453125 1.525
5.482866043613707 1.53453125 1.6775
5.482866043613707 1.53453125 1.83
5.482866043613707 1.53453125 1.9825
5.482866043613707 1.53453125 2.135
5.482866043613707 1.53453125 2.2875
5.482866043613707 1.53453125 2.44
5.482866043613707 1.53453125 2.5925
5.482866043613707 1.53453125 2.745
5.482866043613707 1.53453125 2.8975
5.517133956386292 1.53453125 0.1525
5.517133956386292 1.53453125 0.305
5.517133956386292 1.53453125 0.4575
5.517133956386292 1.53453125 0.61
5.517133956386292 1.53453125 0.7625
5.517133956386292 1.53453125 0.915
5.517133956386292 1.53453125 1.0675
5.517133956386292 1.53453125 1.22
5.517133956386292 1.53453125 1.3725
5.517133956386292 1.53453125 1.525
5.517133956386292 1.53453125 1.6775
5.517133956386292 1.53453125 1.83
5.517133956386292 1.53453125 1.9825
5.517133956386292 1.53453125 2.135
5.517133956386292 1.53453125 2.2875
5.517133956386292 1.53453125 2.44
5.517133956386292 1.53453125 2.5925
5.517133956386292 1.53453125 2.745
5.517133956386292 1.53453125 2.8975
5.551401869158878 1.53453125 0.1525
5.551401869158878 1.53453125 0.305
5.551401869158878 1.53453125 0.4575
5.551401869158878 1.53453125 0.61
5.551401869158878 1.53453125 0.7625
5.551401869158878 1.53453125 0.915
5.551401869158878 1.53453125 1.0675
5.551401869158878 1.53453125 1.22
5.551401869158878 1.53453125 1.3725
5.551401869158878 1.53453125 1.525
5.551401869158878 1.53453125 1.6775
5.551401869158878 1.53453125 1.83
5.551401869158878 1.53453125 1.9825
5.551401869158878 1.53453125 2.135
5.551401869158878 1.53453125 2.2875
5.551401869158878 1.53453125 2.44
5.551401869158878 1.53453125 2.5925
5.551401869158878 1.53453125 2.745
5.551401869158878 1.53453125 2.8975
5.585669781931464 1.53453125 0.1525
5.585669781931464 1.53453125 0.305
5.585669781931464 1.53453125 0.4575
5.585669781931464 1.53453125 0.61
5.585669781931464 1.53453125 0.7625
5.585669781931464 1.53453125 0.915
5.585669781931464 1.53453125 1.0675
5.585669781931464 1.53453125 1.22
5.585669781931464 1.53453125 1.3725
5.585669781931464 1.53453125 1.525
5.585669781931464 1.53453125 1.6775
5.585669781931464 1.53453125 1.83
5.585669781931464 1.53453125 1.9825
5.585669781931464 1.53453125 2.135
5.585669781931464 1.53453125 2.2875
5.585669781931464 1.53453125 2.44
5.585669781931464 1.53453125 2.5925
5.585669781931464 1.53453125 2.745
5.585669781931464 1.53453125 2.8975
5.619937694704049 1.53453125 0.1525
5.619937694704049 1.53453125 0.305
5.619937694704049 1.53453125 0.4575
5.619937694704049 1.53453125 0.61
5.619937694704049 1.53453125 0.7625
5.619937694704049 1.53453125 0.915
5.619937694704049 1.53453125 1.0675
5.619937694704049 1.53453125 1.22
5.619937694704049 1.53453125 1.3725
5.619937694704049 1.53453125 1.525
5.619937694704049 1.53453125 1.6775
5.619937694704049 1.53453125 1.83
5.619937694704049 1.53453125 1.9825
5.619937694704049 1.53453125 2.135
5.619937694704049 1.53453125 2.2875
5.619937694704049 1.53453125 2.44
5.619937694704049 1.53453125 2.5925
5.619937694704049 1.53453125 2.745
5.619937694704049 1.53453125 2.8975
5.654205607476635 1.53453125 0.1525
5.654205607476635 1.53453125 0.305
5.654205607476635 1.53453125 0.4575
5.654205607476635 1.53453125 0.61
5.654205607476635 1.53453125 0.7625
5.654205607476635 1.53453125 0.915
5.654205607476635 1.53453125 1.0675
5.654205607476635 1.53453125 1.22
5.654205607476635 1.53453125 1.3725
5.654205607476635 1.53453125 1.525
5.654205607476635 1.53453125 1.6775
5.654205607476635 1.53453125 1.83
5.654205607476635 1.53453125 1.9825
5.654205607476635 1.53453125 2.135
5.654205607476635 1.53453125 2.2875
5.654205607476635 1.53453125 2.44
5.654205607476635 1.53453125 2.5925
5.654205607476635 1.53453125 2.745
5.654205607476635 1.53453125 2.8975
5.345794392523364 1.5440625 0.1525
5.345794392523364 1.5440625 0.305
5.345794392523364 1.5440625 0.4575
5.345794392523364 1.5440625 0.61
5.345794392523364 1.5440625 0.7625
5.345794392523364 1.5440625 0.915
5.345794392523364 1.5440625 1.0675
5.345794392523364 1.5440625 1.22
5.345794392523364 1.5440625 1.3725
5.345794392523364 1.5440625 1.525
5.345794392523364 1.5440625 1.6775
5.345794392523364 1.5440625 1.83
5.345794392523364 1.5440625 1.9825
5.345794392523364 1.5440625 2.135
5.345794392523364 1.5440625 2.2875
5.345794392523364 1.5440625 2.44
5.345794392523364 1.5440625 2.5925
5.345794392523364 1.5440625 2.745
5.345794392523364 1.5440625 2.8975
5.38006230529595 1.5440625 0.1525
5.38006230529595 1.5440625 0.305
5.38006230529595 1.5440625 0.4575
5.38006230529595 1.5440625 0.61
5.38006230529595 1.5440625 0.7625
5.38006230529595 1.5440625 0.915
5.38006230529595 1.5440625 1.0675
5.38006230529595 1.5440625 1.22
5.38006230529595 1.5440625 1.3725
5.38006230529595 1.5440625 1.525
5.38006230529595 1.5440625 1.6775
5.38006230529595 1.5440625 1.83
5.38006230529595 1.5440625 1.9825
5.38006230529595 1.5440625 2.135
5.38006230529595 1.5440625 2.2875
5.38006230529595 1.5440625 2.44
5.38006230529595 1.5440625 2.5925
5.38006230529595 1.5440625 2.745
5.38006230529595 1.5440625 2.8975
5.414330218068535 1.5440625 0.1525
5.414330218068535 1.5440625 0.305
5.414330218068535 1.5440625 0.4575
5.414330218068535 1.5440625 0.61
5.414330218068535 1.5440625 0.7625
5.414330218068535 1.5440625 0.915
5.414330218068535 1.5440625 1.0675
5.414330218068535 1.5440625 1.22
5.414330218068535 1.5440625 1.3725
5.414330218068535 1.5440625 1.525
5.414330218068535 1.5440625 1.6775
5.414330218068535 1.5440625 1.83
5.414330218068535 1.5440625 1.9825
5.414330218068535 1.5440625 2.135
5.414330218068535 1.5440625 2.2875
5.414330218068535 1.5440625 2.44
5.414330218068535 1.5440625 2.5925
5.414330218068535 1.5440625 2.745
5.414330218068535 1.5440625 2.8975
5.448598130841121 1.5440625 0.1525
5.448598130841121 1.5440625 0.305
5.448598130841121 1.5440625 0.4575
5.448598130841121 1.5440625 0.61
5.448598130841121 1.5440625 0.7625
5.448598130841121 1.5440625 0.915
5.448598130841121 1.5440625 1.0675
5.448598130841121 1.5440625 1.22
5.448598130841121 1.5440625 1.3725
5.448598130841121 1.5440625 1.525
5.448598130841121 1.5440625 1.6775
5.448598130841121 1.5440625 1.83
5.448598130841121 1.5440625 1.9825
5.448598130841121 1.5440625 2.135
5.448598130841121 1.5440625 2.2875
5.448598130841121 1.5440625 2.44
5.448598130841121 1.5440625 2.5925
5.448598130841121 1.5440625 2.745
5.448598130841121 1.5440625 2.8975
5.482866043613707 1.5440625 0.1525
5.482866043613707 1.5440625 0.305
5.482866043613707 1.5440625 0.4575
5.482866043613707 1.5440625 0.61
5.482866043613707 1.5440625 0.7625
5.482866043613707 1.5440625 0.915
5.482866043613707 1.5440625 1.0675
5.482866043613707 1.5440625 1.22
5.482866043613707 1.5440625 1.3725
5.482866043613707 1.5440625 1.525
5.482866043613707 1.5440625 1.6775
5.482866043613707 1.5440625 1.83
5.482866043613707 1.5440625 1.9825
5.482866043613707 1.5440625 2.135
5.482866043613707 1.5440625 2.2875
5.482866043613707 1.5440625 2.44
5.482866043613707 1.5440625 2.5925
5.482866043613707 1.5440625 2.745
5.482866043613707 1.5440625 2.8975
5.517133956386292 1.5440625 0.1525
5.517133956386292 1.5440625 0.305
5.517133956386292 1.5440625 0.4575
5.517133956386292 1.5440625 0.61
5.517133956386292 1.5440625 0.7625
5.517133956386292 1.5440625 0.915
5.517133956386292 1.5440625 1.0675
5.517133956386292 1.5440625 1.22
5.517133956386292 1.5440625 1.3725
5.517133956386292 1.5440625 1.525
5.517133956386292 1.5440625 1.6775
5.517133956386292 1.5440625 1.83
5.517133956386292 1.5440625 1.9825
5.517133956386292 1.5440625 2.135
5.517133956386292 1.5440625 2.2875
5.517133956386292 1.5440625 2.44
5.517133956386292 1.5440625 2.5925
5.517133956386292 1.5440625 2.745
5.517133956386292 1.5440625 2.8975
5.551401869158878 1.5440625 0.1525
5.551401869158878 1.5440625 0.305
5.551401869158878 1.5440625 0.4575
5.551401869158878 1.5440625 0.61
5.551401869158878 1.5440625 0.7625
5.551401869158878 1.5440625 0.915
5.551401869158878 1.5440625 1.0675
5.551401869158878 1.5440625 1.22
5.551401869158878 1.5440625 1.3725
5.551401869158878 1.5440625 1.525
5.551401869158878 1.5440625 1.6775
5.551401869158878 1.5440625 1.83
5.551401869158878 1.5440625 1.9825
5.551401869158878 1.5440625 2.135
5.551401869158878 1.5440625 2.2875
5.551401869158878 1.5440625 2.44
5.551401869158878 1.5440625 2.5925
5.551401869158878 1.5440625 2.745
5.551401869158878 1.5440625 2.8975
5.585669781931464 1.5440625 0.1525
5.585669781931464 1.5440625 0.305
5.585669781931464 1.5440625 0.4575
5.585669781931464 1.5440625 0.61
5.585669781931464 1.5440625 0.7625
5.585669781931464 1.5440625 0.915
5.585669781931464 1.5440625 1.0675
5.585669781931464 1.5440625 1.22
5.585669781931464 1.5440625 1.3725
5.585669781931464 1.5440625 1.525
5.585669781931464 1.5440625 1.6775
5.585669781931464 1.5440625 1.83
5.585669781931464 1.5440625 1.9825
5.585669781931464 1.5440625 2.135
5.585669781931464 1.5440625 2.2875
5.585669781931464 1.5440625 2.44
5.585669781931464 1.5440625 2.5925
5.585669781931464 1.5440625 2.745
5.585669781931464 1.5440625 2.8975
5.619937694704049 1.5440625 0.1525
5.619937694704049 1.5440625 0.305
5.619937694704049 1.5440625 0.4575
5.619937694704049 1.5440625 0.61
5.619937694704049 1.5440625 0.7625
5.619937694704049 1.5440625 0.915
5.619937694704049 1.5440625 1.0675
5.619937694704049 1.5440625 1.22
5.619937694704049 1.5440625 1.3725
5.619937694704049 1.5440625 1.525
5.619937694704049 1.5440625 1.6775
5.619937694704049 1.5440625 1.83
5.619937694704049 1.5440625 1.9825
5.619937694704049 1.5440625 2.135
5.619937694704049 1.5440625 2.2875
5.619937694704049 1.5440625 2.44
5.619937694704049 1.5440625 2.5925
5.619937694704049 1.5440625 2.745
5.619937694704049 1.5440625 2.8975
5.654205607476635 1.5440625 0.1525
5.654205607476635 1.5440625 0.305
5.654205607476635 1.5440625 0.4575
5.654205607476635 1.5440625 0.61
5.654205607476635 1.5440625 0.7625
5.654205607476635 1.5440625 0.915
5.654205607476635 1.5440625 1.0675
5.654205607476635 1.5440625 1.22
5.654205607476635 1.5440625 1.3725
5.654205607476635 1.5440625 1.525
5.654205607476635 1.5440625 1.6775
5.654205607476635 1.5440625 1.83
5.654205607476635 1.5440625 1.9825
5.654205607476635 1.5440625 2.135
5.654205607476635 1.5440625 2.2875
5.654205607476635 1.5440625 2.44
5.654205607476635 1.5440625 2.5925
5.654205607476635 1.5440625 2.745
5.654205607476635 1.5440625 2.8975
5.345794392523364 1.5535937499999999 0.1525
5.345794392523364 1.5535937499999999 0.305
5.345794392523364 1.5535937499999999 0.4575
5.345794392523364 1.5535937499999999 0.61
5.345794392523364 1.5535937499999999 0.7625
5.345794392523364 1.5535937499999999 0.915
5.345794392523364 1.5535937499999999 1.0675
5.345794392523364 1.5535937499999999 1.22
5.345794392523364 1.5535937499999999 1.3725
5.345794392523364 1.5535937499999999 1.525
5.345794392523364 1.5535937499999999 1.6775
5.345794392523364 1.5535937499999999 1.83
5.345794392523364 1.5535937499999999 1.9825
5.345794392523364 1.5535937499999999 2.135
5.345794392523364 1.5535937499999999 2.2875
5.345794392523364 1.5535937499999999 2.44
5.345794392523364 1.5535937499999999 2.5925
5.345794392523364 1.5535937499999999 2.745
5.345794392523364 1.5535937499999999 2.8975
5.38006230529595 1.5535937499999999 0.1525
5.38006230529595 1.5535937499999999 0.305
5.38006230529595 1.5535937499999999 0.4575
5.38006230529595 1.5535937499999999 0.61
5.38006230529595 1.5535937499999999 0.7625
5.38006230529595 1.5535937499999999 0.915
5.38006230529595 1.5535937499999999 1.0675
5.38006230529595 1.5535937499999999 1.22
5.38006230529595 1.5535937499999999 1.3725
5.38006230529595 1.5535937499999999 1.525
5.38006230529595 1.5535937499999999 1.6775
5.38006230529595 1.5535937499999999 1.83
5.38006230529595 1.5535937499999999 1.9825
5.38006230529595 1.5535937499999999 2.135
5.38006230529595 1.5535937499999999 2.2875
5.38006230529595 1.5535937499999999 2.44
5.38006230529595 1.5535937499999999 2.5925
5.38006230529595 1.5535937499999999 2.745
5.38006230529595 1.5535937499999999 2.8975
5.414330218068535 1.5535937499999999 0.1525
5.414330218068535 1.5535937499999999 0.305
5.414330218068535 1.5535937499999999 0.4575
5.414330218068535 1.5535937499999999 0.61
5.414330218068535 1.5535937499999999 0.7625
5.414330218068535 1.5535937499999999 0.915
5.414330218068535 1.5535937499999999 1.0675
5.414330218068535 1.5535937499999999 1.22
5.414330218068535 1.5535937499999999 1.3725
5.414330218068535 1.5535937499999999 1.525
5.414330218068535 1.5535937499999999 1.6775
5.414330218068535 1.5535937499999999 1.83
5.414330218068535 1.5535937499999999 1.9825
5.414330218068535 1.5535937499999999 2.135
5.414330218068535 1.5535937499999999 2.2875
5.414330218068535 1.5535937499999999 2.44
5.414330218068535 1.5535937499999999 2.5925
5.414330218068535 1.5535937499999999 2.745
5.414330218068535 1.5535937499999999 2.8975
5.448598130841121 1.5535937499999999 0.1525
5.448598130841121 1.5535937499999999 0.305
5.448598130841121 1.5535937499999999 0.4575
5.448598130841121 1.5535937499999999 0.61
5.448598130841121 1.5535937499999999 0.7625
5.448598130841121 1.5535937499999999 0.915
5.448598130841121 1.5535937499999999 1.0675
5.448598130841121 1.5535937499999999 1.22
5.448598130841121 1.5535937499999999 1.3725
5.448598130841121 1.5535937499999999 1.525
5.448598130841121 1.5535937499999999 1.6775
5.448598130841121 1.5535937499999999 1.83
5.448598130841121 1.5535937499999999 1.9825
5.448598130841121 1.5535937499999999 2.135
5.448598130841121 1.5535937499999999 2.2875
5.448598130841121 1.5535937499999999 2.44
5.448598130841121 1.5535937499999999 2.5925
5.448598130841121 1.5535937499999999 2.745
5.448598130841121 1.5535937499999999 2.8975
5.482866043613707 1.5535937499999999 0.1525
5.482866043613707 1.5535937499999999 0.305
5.482866043613707 1.5535937499999999 0.4575
5.482866043613707 1.5535937499999999 0.61
5.482866043613707 1.5535937499999999 0.7625
5.482866043613707 1.5535937499999999 0.915
5.482866043613707 1.5535937499999999 1.0675
5.482866043613707 1.5535937499999999 1.22
5.482866043613707 1.5535937499999999 1.3725
5.482866043613707 1.5535937499999999 1.525
5.482866043613707 1.5535937499999999 1.6775
5.482866043613707 1.5535937499999999 1.83
5.482866043613707 1.5535937499999999 1.9825
5.482866043613707 1.5535937499999999 2.135
5.482866043613707 1.5535937499999999 2.2875
5.482866043613707 1.5535937499999999 2.44
5.482866043613707 1.5535937499999999 2.5925
5.482866043613707 1.5535937499999999 2.745
5.482866043613707 1.5535937499999999 2.8975
5.517133956386292 1.5535937499999999 0.1525
5.517133956386292 1.5535937499999999 0.305
5.517133956386292 1.5535937499999999 0.4575
5.517133956386292 1.5535937499999999 0.61
5.517133956386292 1.5535937499999999 0.7625
5.517133956386292 1.5535937499999999 0.915
5.517133956386292 1.5535937499999999 1.0675
5.517133956386292 1.5535937499999999 1.22
5.517133956386292 1.5535937499999999 1.3725
5.517133956386292 1.5535937499999999 1.525
5.517133956386292 1.5535937499999999 1.6775
5.517133956386292 1.5535937499999999 1.83
5.517133956386292 1.5535937499999999 1.9825
5.517133956386292 1.5535937499999999 2.135
5.517133956386292 1.5535937499999999 2.2875
5.517133956386292 1.5535937499999999 2.44
5.517133956386292 1.5535937499999999 2.5925
5.517133956386292 1.5535937499999999 2.745
5.517133956386292 1.5535937499999999 2.8975
5.551401869158878 1.5535937499999999 0.1525
5.551401869158878 1.5535937499999999 0.305
5.551401869158878 1.5535937499999999 0.4575
5.551401869158878 1.5535937499999999 0.61
5.551401869158878 1.5535937499999999 0.7625
5.551401869158878 1.5535937499999999 0.915
5.551401869158878 1.5535937499999999 1.0675
5.551401869158878 1.5535937499999999 1.22
5.551401869158878 1.5535937499999999 1.3725
5.551401869158878 1.5535937499999999 1.525
5.551401869158878 1.5535937499999999 1.6775
5.551401869158878 1.5535937499999999 1.83
5.551401869158878 1.5535937499999999 1.9825
5.551401869158878 1.5535937499999999 2.135
5.551401869158878 1.5535937499999999 2.2875
5.551401869158878 1.5535937499999999 2.44
5.551401869158878 1.5535937499999999 2.5925
5.551401869158878 1.5535937499999999 2.745
5.551401869158878 1.5535937499999999 2.8975
5.585669781931464 1.5535937499999999 0.1525
5.585669781931464 1.5535937499999999 0.305
5.585669781931464 1.5535937499999999 0.4575
5.585669781931464 1.5535937499999999 0.61
5.585669781931464 1.5535937499999999 0.7625
5.585669781931464 1.5535937499999999 0.915
5.585669781931464 1.5535937499999999 1.0675
5.585669781931464 1.5535937499999999 1.22
5.585669781931464 1.5535937499999999 1.3725
5.585669781931464 1.5535937499999999 1.525
5.585669781931464 1.5535937499999999 1.6775
5.585669781931464 1.5535937499999999 1.83
5.585669781931464 1.5535937499999999 1.9825
5.585669781931464 1.5535937499999999 2.135
5.585669781931464 1.5535937499999999 2.2875
5.585669781931464 1.5535937499999999 2.44
5.585669781931464 1.5535937499999999 2.5925
5.585669781931464 1.5535937499999999 2.745
5.585669781931464 1.5535937499999999 2.8975
5.619937694704049 1.5535937499999999 0.1525
5.619937694704049 1.5535937499999999 0.305
5.619937694704049 1.5535937499999999 0.4575
5.619937694704049 1.5535937499999999 0.61
5.619937694704049 1.5535937499999999 0.7625
5.619937694704049 1.5535937499999999 0.915
5.619937694704049 1.5535937499999999 1.0675
5.619937694704049 1.5535937499999999 1.22
5.619937694704049 1.5535937499999999 1.3725
5.619937694704049 1.5535937499999999 1.525
5.619937694704049 1.5535937499999999 1.6775
5.619937694704049 1.5535937499999999 1.83
5.619937694704049 1.5535937499999999 1.9825
5.619937694704049 1.5535937499999999 2.135
5.619937694704049 1.5535937499999999 2.2875
5.619937694704049 1.5535937499999999 2.44
5.619937694704049 1.5535937499999999 2.5925
5.619937694704049 1.5535937499999999 2.745
5.619937694704049 1.5535937499999999 2.8975
5.654205607476635 1.5535937499999999 0.1525
5.654205607476635 1.5535937499999999 0.305
5.654205607476635 1.5535937499999999 0.4575
5.654205607476635 1.5535937499999999 0.61
5.654205607476635 1.5535937499999999 0.7625
5.654205607476635 1.5535937499999999 0.915
5.654205607476635 1.5535937499999999 1.0675
5.654205607476635 1.5535937499999999 1.22
5.654205607476635 1.5535937499999999 1.3725
5.654205607476635 1.5535937499999999 1.525
5.654205607476635 1.5535937499999999 1.6775
5.654205607476635 1.5535937499999999 1.83
5.654205607476635 1.5535937499999999 1.9825
5.654205607476635 1.5535937499999999 2.135
5.654205607476635 1.5535937499999999 2.2875
5.654205607476635 1.5535937499999999 2.44
5.654205607476635 1.5535937499999999 2.5925
5.654205607476635 1.5535937499999999 2.745
5.654205607476635 1.5535937499999999 2.8975
5.345794392523364 1.5631249999999999 0.1525
5.345794392523364 1.5631249999999999 0.305
5.345794392523364 1.5631249999999999 0.4575
5.345794392523364 1.5631249999999999 0.61
5.345794392523364 1.5631249999999999 0.7625
5.345794392523364 1.5631249999999999 0.915
5.345794392523364 1.5631249999999999 1.0675
5.345794392523364 1.5631249999999999 1.22
5.345794392523364 1.5631249999999999 1.3725
5.345794392523364 1.5631249999999999 1.525
5.345794392523364 1.5631249999999999 1.6775
5.345794392523364 1.5631249999999999 1.83
5.345794392523364 1.5631249999999999 1.9825
5.345794392523364 1.5631249999999999 2.135
5.345794392523364 1.5631249999999999 2.2875
5.345794392523364 1.5631249999999999 2.44
5.345794392523364 1.5631249999999999 2.5925
5.345794392523364 1.5631249999999999 2.745
5.345794392523364 1.5631249999999999 2.8975
5.38006230529595 1.5631249999999999 0.1525
5.38006230529595 1.5631249999999999 0.305
5.38006230529595 1.5631249999999999 0.4575
5.38006230529595 1.5631249999999999 0.61
5.38006230529595 1.5631249999999999 0.7625
5.38006230529595 1.5631249999999999 0.915
5.38006230529595 1.5631249999999999 1.0675
5.38006230529595 1.5631249999999999 1.22
5.38006230529595 1.5631249999999999 1.3725
5.38006230529595 1.5631249999999999 1.525
5.38006230529595 1.5631249999999999 1.6775
5.38006230529595 1.5631249999999999 1.83
5.38006230529595 1.5631249999999999 1.9825
5.38006230529595 1.5631249999999999 2.135
5.38006230529595 1.5631249999999999 2.2875
5.38006230529595 1.5631249999999999 2.44
5.38006230529595 1.5631249999999999 2.5925
5.38006230529595 1.5631249999999999 2.745
5.38006230529595 1.5631249999999999 2.8975
5.414330218068535 1.5631249999999999 0.1525
5.414330218068535 1.5631249999999999 0.305
5.414330218068535 1.5631249999999999 0.4575
5.414330218068535 1.5631249999999999 0.61
5.414330218068535 1.5631249999999999 0.7625
5.414330218068535 1.5631249999999999 0.915
5.414330218068535 1.5631249999999999 1.0675
5.414330218068535 1.5631249999999999 1.22
5.414330218068535 1.5631249999999999 1.3725
5.414330218068535 1.5631249999999999 1.525
5.414330218068535 1.5631249999999999 1.6775
5.414330218068535 1.5631249999999999 1.83
5.414330218068535 1.5631249999999999 1.9825
5.414330218068535 1.5631249999999999 2.135
5.414330218068535 1.5631249999999999 2.2875
5.414330218068535 1.5631249999999999 2.44
5.414330218068535 1.5631249999999999 2.5925
5.414330218068535 1.5631249999999999 2.745
5.414330218068535 1.5631249999999999 2.8975
5.448598130841121 1.5631249999999999 0.1525
5.448598130841121 1.5631249999999999 0.305
5.448598130841121 1.5631249999999999 0.4575
5.448598130841121 1.5631249999999999 0.61
5.448598130841121 1.5631249999999999 0.7625
5.448598130841121 1.5631249999999999 0.915
5.448598130841121 1.5631249999999999 1.0675
5.448598130841121 1.5631249999999999 1.22
5.448598130841121 1.5631249999999999 1.3725
5.448598130841121 1.5631249999999999 1.525
5.448598130841121 1.5631249999999999 1.6775
5.448598130841121 1.5631249999999999 1.83
5.448598130841121 1.5631249999999999 1.9825
5.448598130841121 1.5631249999999999 2.135
5.448598130841121 1.5631249999999999 2.2875
5.448598130841121 1.5631249999999999 2.44
5.448598130841121 1.5631249999999999 2.5925
5.448598130841121 1.5631249999999999 2.745
5.448598130841121 1.5631249999999999 2.8975
5.482866043613707 1.5631249999999999 0.1525
5.482866043613707 1.5631249999999999 0.305
5.482866043613707 1.5631249999999999 0.4575
5.482866043613707 1.5631249999999999 0.61
5.482866043613707 1.5631249999999999 0.7625
5.482866043613707 1.5631249999999999 0.915
5.482866043613707 1.5631249999999999 1.0675
5.482866043613707 1.5631249999999999 1.22
5.482866043613707 1.5631249999999999 1.3725
5.482866043613707 1.5631249999999999 1.525
5.482866043613707 1.5631249999999999 1.6775
5.482866043613707 1.5631249999999999 1.83
5.482866043613707 1.5631249999999999 1.9825
5.482866043613707 1.5631249999999999 2.135
5.482866043613707 1.5631249999999999 2.2875
5.482866043613707 1.5631249999999999 2.44
5.482866043613707 1.5631249999999999 2.5925
5.482866043613707 1.5631249999999999 2.745
5.482866043613707 1.5631249999999999 2.8975
5.517133956386292 1.5631249999999999 0.1525
5.517133956386292 1.5631249999999999 0.305
5.517133956386292 1.5631249999999999 0.4575
5.517133956386292 1.5631249999999999 0.61
5.517133956386292 1.5631249999999999 0.7625
5.517133956386292 1.5631249999999999 0.915
5.517133956386292 1.5631249999999999 1.0675
5.517133956386292 1.5631249999999999 1.22
5.517133956386292 1.5631249999999999 1.3725
5.517133956386292 1.5631249999999999 1.525
5.517133956386292 1.5631249999999999 1.6775
5.517133956386292 1.5631249999999999 1.83
5.517133956386292 1.5631249999999999 1.9825
5.517133956386292 1.5631249999999999 2.135
5.517133956386292 1.5631249999999999 2.2875
5.517133956386292 1.5631249999999999 2.44
5.517133956386292 1.5631249999999999 2.5925
5.517133956386292 1.5631249999999999 2.745
5.517133956386292 1.5631249999999999 2.8975
5.551401869158878 1.5631249999999999 0.1525
5.551401869158878 1.5631249999999999 0.305
5.551401869158878 1.5631249999999999 0.4575
5.551401869158878 1.5631249999999999 0.61
5.551401869158878 1.5631249999999999 0.7625
5.551401869158878 1.5631249999999999 0.915
5.551401869158878 1.5631249999999999 1.0675
5.551401869158878 1.5631249999999999 1.22
5.551401869158878 1.5631249999999999 1.3725
5.551401869158878 1.5631249999999999 1.525
5.551401869158878 1.5631249999999999 1.6775
5.551401869158878 1.5631249999999999 1.83
5.551401869158878 1.5631249999999999 1.9825
5.551401869158878 1.5631249999999999 2.135
5.551401869158878 1.5631249999999999 2.2875
5.551401869158878 1.5631249999999999 2.44
5.551401869158878 1.5631249999999999 2.5925
5.551401869158878 1.5631249999999999 2.745
5.551401869158878 1.5631249999999999 2.8975
5.585669781931464 1.5631249999999999 0.1525
5.585669781931464 1.5631249999999999 0.305
5.585669781931464 1.5631249999999999 0.4575
5.585669781931464 1.5631249999999999 0.61
5.585669781931464 1.5631249999999999 0.7625
5.585669781931464 1.5631249999999999 0.915
5.585669781931464 1.5631249999999999 1.0675
5.585669781931464 1.5631249999999999 1.22
5.585669781931464 1.5631249999999999 1.3725
5.585669781931464 1.5631249999999999 1.525
5.585669781931464 1.5631249999999999 1.6775
5.585669781931464 1.5631249999999999 1.83
5.585669781931464 1.5631249999999999 1.9825
5.585669781931464 1.5631249999999999 2.135
5.585669781931464 1.5631249999999999 2.2875
5.585669781931464 1.5631249999999999 2.44
5.585669781931464 1.5631249999999999 2.5925
5.585669781931464 1.5631249999999999 2.745
5.585669781931464 1.5631249999999999 2.8975
5.619937694704049 1.5631249999999999 0.1525
5.619937694704049 1.5631249999999999 0.305
5.619937694704049 1.5631249999999999 0.4575
5.619937694704049 1.5631249999999999 0.61
5.619937694704049 1.5631249999999999 0.7625
5.619937694704049 1.5631249999999999 0.915
5.619937694704049 1.5631249999999999 1.0675
5.619937694704049 1.5631249999999999 1.22
5.619937694704049 1.5631249999999999 1.3725
5.619937694704049 1.5631249999999999 1.525
5.619937694704049 1.5631249999999999 1.6775
5.619937694704049 1.5631249999999999 1.83
5.619937694704049 1.5631249999999999 1.9825
5.619937694704049 1.5631249999999999 2.135
5.619937694704049 1.5631249999999999 2.2875
5.619937694704049 1.5631249999999999 2.44
5.619937694704049 1.5631249999999999 2.5925
5.619937694704049 1.5631249999999999 2.745
5.619937694704049 1.5631249999999999 2.8975
5.654205607476635 1.5631249999999999 0.1525
5.654205607476635 1.5631249999999999 0.305
5.654205607476635 1.5631249999999999 0.4575
5.654205607476635 1.5631249999999999 0.61
5.654205607476635 1.5631249999999999 0.7625
5.654205607476635 1.5631249999999999 0.915
5.654205607476635 1.5631249999999999 1.0675
5.654205607476635 1.5631249999999999 1.22
5.654205607476635 1.5631249999999999 1.3725
5.654205607476635 1.5631249999999999 1.525
5.654205607476635 1.5631249999999999 1.6775
5.654205607476635 1.5631249999999999 1.83
5.654205607476635 1.5631249999999999 1.9825
5.654205607476635 1.5631249999999999 2.135
5.654205607476635 1.5631249999999999 2.2875
5.654205607476635 1.5631249999999999 2.44
5.654205607476635 1.5631249999999999 2.5925
5.654205607476635 1.5631249999999999 2.745
5.654205607476635 1.5631249999999999 2.8975
