14.750830564784053 14.600000000000001 4.5
14.750830564784053 14.600000000000001 4.8
14.750830564784053 14.600000000000001 5.1
14.750830564784053 14.600000000000001 5.3999999999999995
14.750830564784053 14.600000000000001 5.7
14.750830564784053 14.600000000000001 6.0
14.750830564784053 14.600000000000001 6.3
14.750830564784053 14.600000000000001 6.6
14.750830564784053 14.600000000000001 6.8999999999999995
14.750830564784053 14.600000000000001 7.199999999999999
14.750830564784053 14.600000000000001 7.5
14.750830564784053 14.600000000000001 7.8
14.750830564784053 14.600000000000001 8.1
14.750830564784053 14.600000000000001 8.4
14.750830564784053 14.600000000000001 8.7
14.750830564784053 14.600000000000001 9.0
14.750830564784053 14.600000000000001 9.299999999999999
14.750830564784053 14.600000000000001 9.6
14.750830564784053 14.600000000000001 9.9
14.750830564784053 14.600000000000001 10.2
14.850498338870432 14.600000000000001 4.5
14.850498338870432 14.600000000000001 4.8
14.850498338870432 14.600000000000001 5.1
14.850498338870432 14.600000000000001 5.3999999999999995
14.850498338870432 14.600000000000001 5.7
14.850498338870432 14.600000000000001 6.0
14.850498338870432 14.600000000000001 6.3
14.850498338870432 14.600000000000001 6.6
14.850498338870432 14.600000000000001 6.8999999999999995
14.850498338870432 14.600000000000001 7.199999999999999
14.850498338870432 14.600000000000001 7.5
14.850498338870432 14.600000000000001 7.8
14.850498338870432 14.600000000000001 8.1
14.850498338870432 14.600000000000001 8.4
14.850498338870432 14.600000000000001 8.7
14.850498338870432 14.600000000000001 9.0
14.850498338870432 14.600000000000001 9.299999999999999
14.850498338870432 14.600000000000001 9.6
14.850498338870432 14.600000000000001 9.9
14.850498338870432 14.600000000000001 10.2
14.950166112956811 14.600000000000001 4.5
14.950166112956811 14.600000000000001 4.8
14.950166112956811 14.600000000000001 5.1
14.950166112956811 14.600000000000001 5.3999999999999995
14.950166112956811 14.600000000000001 5.7
14.950166112956811 14.600000000000001 6.0
14.950166112956811 14.600000000000001 6.3
14.950166112956811 14.600000000000001 6.6
14.950166112956811 14.600000000000001 6.8999999999999995
14.950166112956811 14.600000000000001 7.199999999999999
14.950166112956811 14.600000000000001 7.5
14.950166112956811 14.600000000000001 7.8
14.950166112956811 14.600000000000001 8.1
14.950166112956811 14.600000000000001 8.4
14.950166112956811 14.600000000000001 8.7
14.950166112956811 14.600000000000001 9.0
14.950166112956811 14.600000000000001 9.299999999999999
14.950166112956811 14.600000000000001 9.6
14.950166112956811 14.600000000000001 9.9
14.950166112956811 14.600000000000001 10.2
15.049833887043189 14.600000000000001 4.5
15.049833887043189 14.600000000000001 4.8
15.049833887043189 14.600000000000001 5.1
15.049833887043189 14.600000000000001 5.3999999999999995
15.049833887043189 14.600000000000001 5.7
15.049833887043189 14.600000000000001 6.0
15.049833887043189 14.600000000000001 6.3
15.049833887043189 14.600000000000001 6.6
15.049833887043189 14.600000000000001 6.8999999999999995
15.049833887043189 14.600000000000001 7.199999999999999
15.049833887043189 14.600000000000001 7.5
15.049833887043189 14.600000000000001 7.8
15.049833887043189 14.600000000000001 8.1
15.049833887043189 14.600000000000001 8.4
15.049833887043189 14.600000000000001 8.7
15.049833887043189 14.600000000000001 9.0
15.049833887043189 14.600000000000001 9.299999999999999
15.049833887043189 14.600000000000001 9.6
15.049833887043189 14.600000000000001 9.9
15.049833887043189 14.600000000000001 10.2
15.149501661129568 14.600000000000001 4.5
15.149501661129568 14.600000000000001 4.8
15.149501661129568 14.600000000000001 5.1
15.149501661129568 14.600000000000001 5.3999999999999995
15.149501661129568 14.600000000000001 5.7
15.149501661129568 14.600000000000001 6.0
15.149501661129568 14.600000000000001 6.3
15.149501661129568 14.600000000000001 6.6
15.149501661129568 14.600000000000001 6.8999999999999995
15.149501661129568 14.600000000000001 7.199999999999999
15.149501661129568 14.600000000000001 7.5
15.149501661129568 14.600000000000001 7.8
15.149501661129568 14.600000000000001 8.1
15.149501661129568 14.600000000000001 8.4
15.149501661129568 14.600000000000001 8.7
15.149501661129568 14.600000000000001 9.0
15.149501661129568 14.600000000000001 9.299999999999999
15.149501661129568 14.600000000000001 9.6
15.149501661129568 14.600000000000001 9.9
15.149501661129568 14.600000000000001 10.2
15.249169435215947 14.600000000000001 4.5
15.249169435215947 14.600000000000001 4.8
15.249169435215947 14.600000000000001 5.1
15.249169435215947 14.600000000000001 5.3999999999999995
15.249169435215947 14.600000000000001 5.7
15.249169435215947 14.600000000000001 6.0
15.249169435215947 14.600000000000001 6.3
15.249169435215947 14.600000000000001 6.6
15.249169435215947 14.600000000000001 6.8999999999999995
15.249169435215947 14.600000000000001 7.199999999999999
15.249169435215947 14.600000000000001 7.5
15.249169435215947 14.600000000000001 7.8
15.249169435215947 14.600000000000001 8.1
15.249169435215947 14.600000000000001 8.4
15.249169435215947 14.600000000000001 8.7
15.249169435215947 14.600000000000001 9.0
15.249169435215947 14.600000000000001 9.299999999999999
15.249169435215947 14.600000000000001 9.6
15.249169435215947 14.600000000000001 9.9
15.249169435215947 14.600000000000001 10.2
14.651162790697674 14.700000000000001 4.5
14.651162790697674 14.700000000000001 4.8
14.651162790697674 14.700000000000001 5.1
14.651162790697674 14.700000000000001 5.3999999999999995
14.651162790697674 14.700000000000001 5.7
14.651162790697674 14.700000000000001 6.0
14.651162790697674 14.700000000000001 6.3
14.651162790697674 14.700000000000001 6.6
14.651162790697674 14.700000000000001 6.8999999999999995
14.651162790697674 14.700000000000001 7.199999999999999
14.651162790697674 14.700000000000001 7.5
14.651162790697674 14.700000000000001 7.8
14.651162790697674 14.700000000000001 8.1
14.651162790697674 14.700000000000001 8.4
14.651162790697674 14.700000000000001 8.7
14.651162790697674 14.700000000000001 9.0
14.651162790697674 14.700000000000001 9.299999999999999
14.651162790697674 14.700000000000001 9.6
14.651162790697674 14.700000000000001 9.9
14.651162790697674 14.700000000000001 10.2
14.750830564784053 14.700000000000001 4.5
14.750830564784053 14.700000000000001 4.8
14.750830564784053 14.700000000000001 5.1
14.750830564784053 14.700000000000001 5.3999999999999995
14.750830564784053 14.700000000000001 5.7
14.750830564784053 14.700000000000001 6.0
14.750830564784053 14.700000000000001 6.3
14.750830564784053 14.700000000000001 6.6
14.750830564784053 14.700000000000001 6.8999999999999995
14.750830564784053 14.700000000000001 7.199999999999999
14.750830564784053 14.700000000000001 7.5
14.750830564784053 14.700000000000001 7.8
14.750830564784053 14.700000000000001 8.1
14.750830564784053 14.700000000000001 8.4
14.750830564784053 14.700000000000001 8.7
14.750830564784053 14.700000000000001 9.0
14.750830564784053 14.700000000000001 9.299999999999999
14.750830564784053 14.700000000000001 9.6
14.750830564784053 14.700000000000001 9.9
14.750830564784053 14.700000000000001 10.2
14.850498338870432 14.700000000000001 4.5
14.850498338870432 14.700000000000001 4.8
14.850498338870432 14.700000000000001 5.1
14.850498338870432 14.700000000000001 5.3999999999999995
14.850498338870432 14.700000000000001 5.7
14.850498338870432 14.700000000000001 6.0
14.850498338870432 14.700000000000001 6.3
14.850498338870432 14.700000000000001 6.6
14.850498338870432 14.700000000000001 6.8999999999999995
14.850498338870432 14.700000000000001 7.199999999999999
14.850498338870432 14.700000000000001 7.5
14.850498338870432 14.700000000000001 7.8
14.850498338870432 14.700000000000001 8.1
14.850498338870432 14.700000000000001 8.4
14.850498338870432 14.700000000000001 8.7
14.850498338870432 14.700000000000001 9.0
14.850498338870432 14.700000000000001 9.299999999999999
14.850498338870432 14.700000000000001 9.6
14.850498338870432 14.700000000000001 9.9
14.850498338870432 14.700000000000001 10.2
14.950166112956811 14.700000000000001 4.5
14.950166112956811 14.700000000000001 4.8
14.950166112956811 14.700000000000001 5.1
14.950166112956811 14.700000000000001 5.3999999999999995
14.950166112956811 14.700000000000001 5.7
14.950166112956811 14.700000000000001 6.0
14.950166112956811 14.700000000000001 6.3
14.950166112956811 14.700000000000001 6.6
14.950166112956811 14.700000000000001 6.8999999999999995
14.950166112956811 14.700000000000001 7.199999999999999
14.950166112956811 14.700000000000001 7.5
14.950166112956811 14.700000000000001 7.8
14.950166112956811 14.700000000000001 8.1
14.950166112956811 14.700000000000001 8.4
14.950166112956811 14.700000000000001 8.7
14.950166112956811 14.700000000000001 9.0
14.950166112956811 14.700000000000001 9.299999999999999
14.950166112956811 14.700000000000001 9.6
14.950166112956811 14.700000000000001 9.9
14.950166112956811 14.700000000000001 10.2
15.049833887043189 14.700000000000001 4.5
15.049833887043189 14.700000000000001 4.8
15.049833887043189 14.700000000000001 5.1
15.049833887043189 14.700000000000001 5.3999999999999995
15.049833887043189 14.700000000000001 5.7
15.049833887043189 14.700000000000001 6.0
15.049833887043189 14.700000000000001 6.3
15.049833887043189 14.700000000000001 6.6
15.049833887043189 14.700000000000001 6.8999999999999995
15.049833887043189 14.700000000000001 7.199999999999999
15.049833887043189 14.700000000000001 7.5
15.049833887043189 14.700000000000001 7.8
15.049833887043189 14.700000000000001 8.1
15.049833887043189 14.700000000000001 8.4
15.049833887043189 14.700000000000001 8.7
15.049833887043189 14.700000000000001 9.0
15.049833887043189 14.700000000000001 9.299999999999999
15.049833887043189 14.700000000000001 9.6
15.049833887043189 14.700000000000001 9.9
15.049833887043189 14.700000000000001 10.2
15.149501661129568 14.700000000000001 4.5
15.149501661129568 14.700000000000001 4.8
15.149501661129568 14.700000000000001 5.1
15.149501661129568 14.700000000000001 5.3999999999999995
15.149501661129568 14.700000000000001 5.7
15.149501661129568 14.700000000000001 6.0
15.149501661129568 14.700000000000001 6.3
15.149501661129568 14.700000000000001 6.6
15.149501661129568 14.700000000000001 6.8999999999999995
15.149501661129568 14.700000000000001 7.199999999999999
15.149501661129568 14.700000000000001 7.5
15.149501661129568 14.700000000000001 7.8
15.149501661129568 14.700000000000001 8.1
15.149501661129568 14.700000000000001 8.4
15.149501661129568 14.700000000000001 8.7
15.149501661129568 14.700000000000001 9.0
15.149501661129568 14.700000000000001 9.299999999999999
15.149501661129568 14.700000000000001 9.6
15.149501661129568 14.700000000000001 9.9
15.149501661129568 14.700000000000001 10.2
15.249169435215947 14.700000000000001 4.5
15.249169435215947 14.700000000000001 4.8
15.249169435215947 14.700000000000001 5.1
15.249169435215947 14.700000000000001 5.3999999999999995
15.249169435215947 14.700000000000001 5.7
15.249169435215947 14.700000000000001 6.0
15.249169435215947 14.700000000000001 6.3
15.249169435215947 14.700000000000001 6.6
15.249169435215947 14.700000000000001 6.8999999999999995
15.249169435215947 14.700000000000001 7.199999999999999
15.249169435215947 14.700000000000001 7.5
15.249169435215947 14.700000000000001 7.8
15.249169435215947 14.700000000000001 8.1
15.249169435215947 14.700000000000001 8.4
15.249169435215947 14.700000000000001 8.7
15.249169435215947 14.700000000000001 9.0
15.249169435215947 14.700000000000001 9.299999999999999
15.249169435215947 14.700000000000001 9.6
15.249169435215947 14.700000000000001 9.9
15.249169435215947 14.700000000000001 10.2
15.348837209302326 14.700000000000001 4.5
15.348837209302326 14.700000000000001 4.8
15.348837209302326 14.700000000000001 5.1
15.348837209302326 14.700000000000001 5.3999999999999995
15.348837209302326 14.700000000000001 5.7
15.348837209302326 14.700000000000001 6.0
15.348837209302326 14.700000000000001 6.3
15.348837209302326 14.700000000000001 6.6
15.348837209302326 14.700000000000001 6.8999999999999995
15.348837209302326 14.700000000000001 7.199999999999999
15.348837209302326 14.700000000000001 7.5
15.348837209302326 14.700000000000001 7.8
15.348837209302326 14.700000000000001 8.1
15.348837209302326 14.700000000000001 8.4
15.348837209302326 14.700000000000001 8.7
15.348837209302326 14.700000000000001 9.0
15.348837209302326 14.700000000000001 9.299999999999999
15.348837209302326 14.700000000000001 9.6
15.348837209302326 14.700000000000001 9.9
15.348837209302326 14.700000000000001 10.2
14.551495016611296 14.8 4.5
14.551495016611296 14.8 4.8
14.551495016611296 14.8 5.1
14.551495016611296 14.8 5.3999999999999995
14.551495016611296 14.8 5.7
14.551495016611296 14.8 6.0
14.551495016611296 14.8 6.3
14.551495016611296 14.8 6.6
14.551495016611296 14.8 6.8999999999999995
14.551495016611296 14.8 7.199999999999999
14.551495016611296 14.8 7.5
14.551495016611296 14.8 7.8
14.551495016611296 14.8 8.1
14.551495016611296 14.8 8.4
14.551495016611296 14.8 8.7
14.551495016611296 14.8 9.0
14.551495016611296 14.8 9.299999999999999
14.551495016611296 14.8 9.6
14.551495016611296 14.8 9.9
14.551495016611296 14.8 10.2
14.651162790697674 14.8 4.5
14.651162790697674 14.8 4.8
14.651162790697674 14.8 5.1
14.651162790697674 14.8 5.3999999999999995
14.651162790697674 14.8 5.7
14.651162790697674 14.8 6.0
14.651162790697674 14.8 6.3
14.651162790697674 14.8 6.6
14.651162790697674 14.8 6.8999999999999995
14.651162790697674 14.8 7.199999999999999
14.651162790697674 14.8 7.5
14.651162790697674 14.8 7.8
14.651162790697674 14.8 8.1
14.651162790697674 14.8 8.4
14.651162790697674 14.8 8.7
14.651162790697674 14.8 9.0
14.651162790697674 14.8 9.299999999999999
14.651162790697674 14.8 9.6
14.651162790697674 14.8 9.9
14.651162790697674 14.8 10.2
14.750830564784053 14.8 4.5
14.750830564784053 14.8 4.8
14.750830564784053 14.8 5.1
14.750830564784053 14.8 5.3999999999999995
14.750830564784053 14.8 5.7
14.750830564784053 14.8 6.0
14.750830564784053 14.8 6.3
14.750830564784053 14.8 6.6
14.750830564784053 14.8 6.8999999999999995
14.750830564784053 14.8 7.199999999999999
14.750830564784053 14.8 7.5
14.750830564784053 14.8 7.8
14.750830564784053 14.8 8.1
14.750830564784053 14.8 8.4
14.750830564784053 14.8 8.7
14.750830564784053 14.8 9.0
14.750830564784053 14.8 9.299999999999999
14.750830564784053 14.8 9.6
14.750830564784053 14.8 9.9
14.750830564784053 14.8 10.2
14.850498338870432 14.8 4.5
14.850498338870432 14.8 4.8
14.850498338870432 14.8 5.1
14.850498338870432 14.8 5.3999999999999995
14.850498338870432 14.8 5.7
14.850498338870432 14.8 6.0
14.850498338870432 14.8 6.3
14.850498338870432 14.8 6.6
14.850498338870432 14.8 6.8999999999999995
14.850498338870432 14.8 7.199999999999999
14.850498338870432 14.8 7.5
14.850498338870432 14.8 7.8
14.850498338870432 14.8 8.1
14.850498338870432 14.8 8.4
14.850498338870432 14.8 8.7
14.850498338870432 14.8 9.0
14.850498338870432 14.8 9.299999999999999
14.850498338870432 14.8 9.6
14.850498338870432 14.8 9.9
14.850498338870432 14.8 10.2
14.950166112956811 14.8 4.5
14.950166112956811 14.8 4.8
14.950166112956811 14.8 5.1
14.950166112956811 14.8 5.3999999999999995
14.950166112956811 14.8 5.7
14.950166112956811 14.8 6.0
14.950166112956811 14.8 6.3
14.950166112956811 14.8 6.6
14.950166112956811 14.8 6.8999999999999995
14.950166112956811 14.8 7.199999999999999
14.950166112956811 14.8 7.5
14.950166112956811 14.8 7.8
14.950166112956811 14.8 8.1
14.950166112956811 14.8 8.4
14.950166112956811 14.8 8.7
14.950166112956811 14.8 9.0
14.950166112956811 14.8 9.299999999999999
14.950166112956811 14.8 9.6
14.950166112956811 14.8 9.9
14.950166112956811 14.8 10.2
15.049833887043189 14.8 4.5
15.049833887043189 14.8 4.8
15.049833887043189 14.8 5.1
15.049833887043189 14.8 5.3999999999999995
15.049833887043189 14.8 5.7
15.049833887043189 14.8 6.0
15.049833887043189 14.8 6.3
15.049833887043189 14.8 6.6
15.049833887043189 14.8 6.8999999999999995
15.049833887043189 14.8 7.199999999999999
15.049833887043189 14.8 7.5
15.049833887043189 14.8 7.8
15.049833887043189 14.8 8.1
15.049833887043189 14.8 8.4
15.049833887043189 14.8 8.7
15.049833887043189 14.8 9.0
15.049833887043189 14.8 9.299999999999999
15.049833887043189 14.8 9.6
15.049833887043189 14.8 9.9
15.049833887043189 14.8 10.2
15.149501661129568 14.8 4.5
15.149501661129568 14.8 4.8
15.149501661129568 14.8 5.1
15.149501661129568 14.8 5.3999999999999995
15.149501661129568 14.8 5.7
15.149501661129568 14.8 6.0
15.149501661129568 14.8 6.3
15.149501661129568 14.8 6.6
15.149501661129568 14.8 6.8999999999999995
15.149501661129568 14.8 7.199999999999999
15.149501661129568 14.8 7.5
15.149501661129568 14.8 7.8
15.149501661129568 14.8 8.1
15.149501661129568 14.8 8.4
15.149501661129568 14.8 8.7
15.149501661129568 14.8 9.0
15.149501661129568 14.8 9.299999999999999
15.149501661129568 14.8 9.6
15.149501661129568 14.8 9.9
15.149501661129568 14.8 10.2
15.249169435215947 14.8 4.5
15.249169435215947 14.8 4.8
15.249169435215947 14.8 5.1
15.249169435215947 14.8 5.3999999999999995
15.249169435215947 14.8 5.7
15.249169435215947 14.8 6.0
15.249169435215947 14.8 6.3
15.249169435215947 14.8 6.6
15.249169435215947 14.8 6.8999999999999995
15.249169435215947 14.8 7.199999999999999
15.249169435215947 14.8 7.5
15.249169435215947 14.8 7.8
15.249169435215947 14.8 8.1
15.249169435215947 14.8 8.4
15.249169435215947 14.8 8.7
15.249169435215947 14.8 9.0
15.249169435215947 14.8 9.299999999999999
15.249169435215947 14.8 9.6
15.249169435215947 14.8 9.9
15.249169435215947 14.8 10.2
15.348837209302326 14.8 4.5
15.348837209302326 14.8 4.8
15.348837209302326 14.8 5.1
15.348837209302326 14.8 5.3999999999999995
15.348837209302326 14.8 5.7
15.348837209302326 14.8 6.0
15.348837209302326 14.8 6.3
15.348837209302326 14.8 6.6
15.348837209302326 14.8 6.8999999999999995
15.348837209302326 14.8 7.199999999999999
15.348837209302326 14.8 7.5
15.348837209302326 14.8 7.8
15.348837209302326 14.8 8.1
15.348837209302326 14.8 8.4
15.348837209302326 14.8 8.7
15.348837209302326 14.8 9.0
15.348837209302326 14.8 9.299999999999999
15.348837209302326 14.8 9.6
15.348837209302326 14.8 9.9
15.348837209302326 14.8 10.2
15.448504983388704 14.8 4.5
15.448504983388704 14.8 4.8
15.448504983388704 14.8 5.1
15.448504983388704 14.8 5.3999999999999995
15.448504983388704 14.8 5.7
15.448504983388704 14.8 6.0
15.448504983388704 14.8 6.3
15.448504983388704 14.8 6.6
15.448504983388704 14.8 6.8999999999999995
15.448504983388704 14.8 7.199999999999999
15.448504983388704 14.8 7.5
15.448504983388704 14.8 7.8
15.448504983388704 14.8 8.1
15.448504983388704 14.8 8.4
15.448504983388704 14.8 8.7
15.448504983388704 14.8 9.0
15.448504983388704 14.8 9.299999999999999
15.448504983388704 14.8 9.6
15.448504983388704 14.8 9.9
15.448504983388704 14.8 10.2
14.551495016611296 14.9 4.5
14.551495016611296 14.9 4.8
14.551495016611296 14.9 5.1
14.551495016611296 14.9 5.3999999999999995
14.551495016611296 14.9 5.7
14.551495016611296 14.9 6.0
14.551495016611296 14.9 6.3
14.551495016611296 14.9 6.6
14.551495016611296 14.9 6.8999999999999995
14.551495016611296 14.9 7.199999999999999
14.551495016611296 14.9 7.5
14.551495016611296 14.9 7.8
14.551495016611296 14.9 8.1
14.551495016611296 14.9 8.4
14.551495016611296 14.9 8.7
14.551495016611296 14.9 9.0
14.551495016611296 14.9 9.299999999999999
14.551495016611296 14.9 9.6
14.551495016611296 14.9 9.9
14.551495016611296 14.9 10.2
14.651162790697674 14.9 4.5
14.651162790697674 14.9 4.8
14.651162790697674 14.9 5.1
14.651162790697674 14.9 5.3999999999999995
14.651162790697674 14.9 5.7
14.651162790697674 14.9 6.0
14.651162790697674 14.9 6.3
14.651162790697674 14.9 6.6
14.651162790697674 14.9 6.8999999999999995
14.651162790697674 14.9 7.199999999999999
14.651162790697674 14.9 7.5
14.651162790697674 14.9 7.8
14.651162790697674 14.9 8.1
14.651162790697674 14.9 8.4
14.651162790697674 14.9 8.7
14.651162790697674 14.9 9.0
14.651162790697674 14.9 9.299999999999999
14.651162790697674 14.9 9.6
14.651162790697674 14.9 9.9
14.651162790697674 14.9 10.2
14.750830564784053 14.9 4.5
14.750830564784053 14.9 4.8
14.750830564784053 14.9 5.1
14.750830564784053 14.9 5.3999999999999995
14.750830564784053 14.9 5.7
14.750830564784053 14.9 6.0
14.750830564784053 14.9 6.3
14.750830564784053 14.9 6.6
14.750830564784053 14.9 6.8999999999999995
14.750830564784053 14.9 7.199999999999999
14.750830564784053 14.9 7.5
14.750830564784053 14.9 7.8
14.750830564784053 14.9 8.1
14.750830564784053 14.9 8.4
14.750830564784053 14.9 8.7
14.750830564784053 14.9 9.0
14.750830564784053 14.9 9.299999999999999
14.750830564784053 14.9 9.6
14.750830564784053 14.9 9.9
14.750830564784053 14.9 10.2
14.850498338870432 14.9 4.5
14.850498338870432 14.9 4.8
14.850498338870432 14.9 5.1
14.850498338870432 14.9 5.3999999999999995
14.850498338870432 14.9 5.7
14.850498338870432 14.9 6.0
14.850498338870432 14.9 6.3
14.850498338870432 14.9 6.6
14.850498338870432 14.9 6.8999999999999995
14.850498338870432 14.9 7.199999999999999
14.850498338870432 14.9 7.5
14.850498338870432 14.9 7.8
14.850498338870432 14.9 8.1
14.850498338870432 14.9 8.4
14.850498338870432 14.9 8.7
14.850498338870432 14.9 9.0
14.850498338870432 14.9 9.299999999999999
14.850498338870432 14.9 9.6
14.850498338870432 14.9 9.9
14.850498338870432 14.9 10.2
14.950166112956811 14.9 4.5
14.950166112956811 14.9 4.8
14.950166112956811 14.9 5.1
14.950166112956811 14.9 5.3999999999999995
14.950166112956811 14.9 5.7
14.950166112956811 14.9 6.0
14.950166112956811 14.9 6.3
14.950166112956811 14.9 6.6
14.950166112956811 14.9 6.8999999999999995
14.950166112956811 14.9 7.199999999999999
14.950166112956811 14.9 7.5
14.950166112956811 14.9 7.8
14.950166112956811 14.9 8.1
14.950166112956811 14.9 8.4
14.950166112956811 14.9 8.7
14.950166112956811 14.9 9.0
14.950166112956811 14.9 9.299999999999999
14.950166112956811 14.9 9.6
14.950166112956811 14.9 9.9
14.950166112956811 14.9 10.2
15.049833887043189 14.9 4.5
15.049833887043189 14.9 4.8
15.049833887043189 14.9 5.1
15.049833887043189 14.9 5.3999999999999995
15.049833887043189 14.9 5.7
15.049833887043189 14.9 6.0
15.049833887043189 14.9 6.3
15.049833887043189 14.9 6.6
15.049833887043189 14.9 6.8999999999999995
15.049833887043189 14.9 7.199999999999999
15.049833887043189 14.9 7.5
15.049833887043189 14.9 7.8
15.049833887043189 14.9 8.1
15.049833887043189 14.9 8.4
15.049833887043189 14.9 8.7
15.049833887043189 14.9 9.0
15.049833887043189 14.9 9.299999999999999
15.049833887043189 14.9 9.6
15.049833887043189 14.9 9.9
15.049833887043189 14.9 10.2
15.149501661129568 14.9 4.5
15.149501661129568 14.9 4.8
15.149501661129568 14.9 5.1
15.149501661129568 14.9 5.3999999999999995
15.149501661129568 14.9 5.7
15.149501661129568 14.9 6.0
15.149501661129568 14.9 6.3
15.149501661129568 14.9 6.6
15.149501661129568 14.9 6.8999999999999995
15.149501661129568 14.9 7.199999999999999
15.149501661129568 14.9 7.5
15.149501661129568 14.9 7.8
15.149501661129568 14.9 8.1
15.149501661129568 14.9 8.4
15.149501661129568 14.9 8.7
15.149501661129568 14.9 9.0
15.149501661129568 14.9 9.299999999999999
15.149501661129568 14.9 9.6
15.149501661129568 14.9 9.9
15.149501661129568 14.9 10.2
15.249169435215947 14.9 4.5
15.249169435215947 14.9 4.8
15.249169435215947 14.9 5.1
15.249169435215947 14.9 5.3999999999999995
15.249169435215947 14.9 5.7
15.249169435215947 14.9 6.0
15.249169435215947 14.9 6.3
15.249169435215947 14.9 6.6
15.249169435215947 14.9 6.8999999999999995
15.249169435215947 14.9 7.199999999999999
15.249169435215947 14.9 7.5
15.249169435215947 14.9 7.8
15.249169435215947 14.9 8.1
15.249169435215947 14.9 8.4
15.249169435215947 14.9 8.7
15.249169435215947 14.9 9.0
15.249169435215947 14.9 9.299999999999999
15.249169435215947 14.9 9.6
15.249169435215947 14.9 9.9
15.249169435215947 14.9 10.2
15.348837209302326 14.9 4.5
15.348837209302326 14.9 4.8
15.348837209302326 14.9 5.1
15.348837209302326 14.9 5.3999999999999995
15.348837209302326 14.9 5.7
15.348837209302326 14.9 6.0
15.348837209302326 14.9 6.3
15.348837209302326 14.9 6.6
15.348837209302326 14.9 6.8999999999999995
15.348837209302326 14.9 7.199999999999999
15.348837209302326 14.9 7.5
15.348837209302326 14.9 7.8
15.348837209302326 14.9 8.1
15.348837209302326 14.9 8.4
15.348837209302326 14.9 8.7
15.348837209302326 14.9 9.0
15.348837209302326 14.9 9.299999999999999
15.348837209302326 14.9 9.6
15.348837209302326 14.9 9.9
15.348837209302326 14.9 10.2
15.448504983388704 14.9 4.5
15.448504983388704 14.9 4.8
15.448504983388704 14.9 5.1
15.448504983388704 14.9 5.3999999999999995
15.448504983388704 14.9 5.7
15.448504983388704 14.9 6.0
15.448504983388704 14.9 6.3
15.448504983388704 14.9 6.6
15.448504983388704 14.9 6.8999999999999995
15.448504983388704 14.9 7.199999999999999
15.448504983388704 14.9 7.5
15.448504983388704 14.9 7.8
15.448504983388704 14.9 8.1
15.448504983388704 14.9 8.4
15.448504983388704 14.9 8.7
15.448504983388704 14.9 9.0
15.448504983388704 14.9 9.299999999999999
15.448504983388704 14.9 9.6
15.448504983388704 14.9 9.9
15.448504983388704 14.9 10.2
14.551495016611296 15.0 4.5
14.551495016611296 15.0 4.8
14.551495016611296 15.0 5.1
14.551495016611296 15.0 5.3999999999999995
14.551495016611296 15.0 5.7
14.551495016611296 15.0 6.0
14.551495016611296 15.0 6.3
14.551495016611296 15.0 6.6
14.551495016611296 15.0 6.8999999999999995
14.551495016611296 15.0 7.199999999999999
14.551495016611296 15.0 7.5
14.551495016611296 15.0 7.8
14.551495016611296 15.0 8.1
14.551495016611296 15.0 8.4
14.551495016611296 15.0 8.7
14.551495016611296 15.0 9.0
14.551495016611296 15.0 9.299999999999999
14.551495016611296 15.0 9.6
14.551495016611296 15.0 9.9
14.551495016611296 15.0 10.2
14.651162790697674 15.0 4.5
14.651162790697674 15.0 4.8
14.651162790697674 15.0 5.1
14.651162790697674 15.0 5.3999999999999995
14.651162790697674 15.0 5.7
14.651162790697674 15.0 6.0
14.651162790697674 15.0 6.3
14.651162790697674 15.0 6.6
14.651162790697674 15.0 6.8999999999999995
14.651162790697674 15.0 7.199999999999999
14.651162790697674 15.0 7.5
14.651162790697674 15.0 7.8
14.651162790697674 15.0 8.1
14.651162790697674 15.0 8.4
14.651162790697674 15.0 8.7
14.651162790697674 15.0 9.0
14.651162790697674 15.0 9.299999999999999
14.651162790697674 15.0 9.6
14.651162790697674 15.0 9.9
14.651162790697674 15.0 10.2
14.750830564784053 15.0 4.5
14.750830564784053 15.0 4.8
14.750830564784053 15.0 5.1
14.750830564784053 15.0 5.3999999999999995
14.750830564784053 15.0 5.7
14.750830564784053 15.0 6.0
14.750830564784053 15.0 6.3
14.750830564784053 15.0 6.6
14.750830564784053 15.0 6.8999999999999995
14.750830564784053 15.0 7.199999999999999
14.750830564784053 15.0 7.5
14.750830564784053 15.0 7.8
14.750830564784053 15.0 8.1
14.750830564784053 15.0 8.4
14.750830564784053 15.0 8.7
14.750830564784053 15.0 9.0
14.750830564784053 15.0 9.299999999999999
14.750830564784053 15.0 9.6
14.750830564784053 15.0 9.9
14.750830564784053 15.0 10.2
14.850498338870432 15.0 4.5
14.850498338870432 15.0 4.8
14.850498338870432 15.0 5.1
14.850498338870432 15.0 5.3999999999999995
14.850498338870432 15.0 5.7
14.850498338870432 15.0 6.0
14.850498338870432 15.0 6.3
14.850498338870432 15.0 6.6
14.850498338870432 15.0 6.8999999999999995
14.850498338870432 15.0 7.199999999999999
14.850498338870432 15.0 7.5
14.850498338870432 15.0 7.8
14.850498338870432 15.0 8.1
14.850498338870432 15.0 8.4
14.850498338870432 15.0 8.7
14.850498338870432 15.0 9.0
14.850498338870432 15.0 9.299999999999999
14.850498338870432 15.0 9.6
14.850498338870432 15.0 9.9
14.850498338870432 15.0 10.2
14.950166112956811 15.0 4.5
14.950166112956811 15.0 4.8
14.950166112956811 15.0 5.1
14.950166112956811 15.0 5.3999999999999995
14.950166112956811 15.0 5.7
14.950166112956811 15.0 6.0
14.950166112956811 15.0 6.3
14.950166112956811 15.0 6.6
14.950166112956811 15.0 6.8999999999999995
14.950166112956811 15.0 7.199999999999999
14.950166112956811 15.0 7.5
14.950166112956811 15.0 7.8
14.950166112956811 15.0 8.1
14.950166112956811 15.0 8.4
14.950166112956811 15.0 8.7
14.950166112956811 15.0 9.0
14.950166112956811 15.0 9.299999999999999
14.950166112956811 15.0 9.6
14.950166112956811 15.0 9.9
14.950166112956811 15.0 10.2
15.049833887043189 15.0 4.5
15.049833887043189 15.0 4.8
15.049833887043189 15.0 5.1
15.049833887043189 15.0 5.3999999999999995
15.049833887043189 15.0 5.7
15.049833887043189 15.0 6.0
15.049833887043189 15.0 6.3
15.049833887043189 15.0 6.6
15.049833887043189 15.0 6.8999999999999995
15.049833887043189 15.0 7.199999999999999
15.049833887043189 15.0 7.5
15.049833887043189 15.0 7.8
15.049833887043189 15.0 8.1
15.049833887043189 15.0 8.4
15.049833887043189 15.0 8.7
15.049833887043189 15.0 9.0
15.049833887043189 15.0 9.299999999999999
15.049833887043189 15.0 9.6
15.049833887043189 15.0 9.9
15.049833887043189 15.0 10.2
15.149501661129568 15.0 4.5
15.149501661129568 15.0 4.8
15.149501661129568 15.0 5.1
15.149501661129568 15.0 5.3999999999999995
15.149501661129568 15.0 5.7
15.149501661129568 15.0 6.0
15.149501661129568 15.0 6.3
15.149501661129568 15.0 6.6
15.149501661129568 15.0 6.8999999999999995
15.149501661129568 15.0 7.199999999999999
15.149501661129568 15.0 7.5
15.149501661129568 15.0 7.8
15.149501661129568 15.0 8.1
15.149501661129568 15.0 8.4
15.149501661129568 15.0 8.7
15.149501661129568 15.0 9.0
15.149501661129568 15.0 9.299999999999999
15.149501661129568 15.0 9.6
15.149501661129568 15.0 9.9
15.149501661129568 15.0 10.2
15.249169435215947 15.0 4.5
15.249169435215947 15.0 4.8
15.249169435215947 15.0 5.1
15.249169435215947 15.0 5.3999999999999995
15.249169435215947 15.0 5.7
15.249169435215947 15.0 6.0
15.249169435215947 15.0 6.3
15.249169435215947 15.0 6.6
15.249169435215947 15.0 6.8999999999999995
15.249169435215947 15.0 7.199999999999999
15.249169435215947 15.0 7.5
15.249169435215947 15.0 7.8
15.249169435215947 15.0 8.1
15.249169435215947 15.0 8.4
15.249169435215947 15.0 8.7
15.249169435215947 15.0 9.0
15.249169435215947 15.0 9.299999999999999
15.249169435215947 15.0 9.6
15.249169435215947 15.0 9.9
15.249169435215947 15.0 10.2
15.348837209302326 15.0 4.5
15.348837209302326 15.0 4.8
15.348837209302326 15.0 5.1
15.348837209302326 15.0 5.3999999999999995
15.348837209302326 15.0 5.7
15.348837209302326 15.0 6.0
15.348837209302326 15.0 6.3
15.348837209302326 15.0 6.6
15.348837209302326 15.0 6.8999999999999995
15.348837209302326 15.0 7.199999999999999
15.348837209302326 15.0 7.5
15.348837209302326 15.0 7.8
15.348837209302326 15.0 8.1
15.348837209302326 15.0 8.4
15.348837209302326 15.0 8.7
15.348837209302326 15.0 9.0
15.348837209302326 15.0 9.299999999999999
15.348837209302326 15.0 9.6
15.348837209302326 15.0 9.9
15.348837209302326 15.0 10.2
15.448504983388704 15.0 4.5
15.448504983388704 15.0 4.8
15.448504983388704 15.0 5.1
15.448504983388704 15.0 5.3999999999999995
15.448504983388704 15.0 5.7
15.448504983388704 15.0 6.0
15.448504983388704 15.0 6.3
15.448504983388704 15.0 6.6
15.448504983388704 15.0 6.8999999999999995
15.448504983388704 15.0 7.199999999999999
15.448504983388704 15.0 7.5
15.448504983388704 15.0 7.8
15.448504983388704 15.0 8.1
15.448504983388704 15.0 8.4
15.448504983388704 15.0 8.7
15.448504983388704 15.0 9.0
15.448504983388704 15.0 9.299999999999999
15.448504983388704 15.0 9.6
15.448504983388704 15.0 9.9
15.448504983388704 15.0 10.2
14.551495016611296 15.100000000000001 4.5
14.551495016611296 15.100000000000001 4.8
14.551495016611296 15.100000000000001 5.1
14.551495016611296 15.100000000000001 5.3999999999999995
14.551495016611296 15.100000000000001 5.7
14.551495016611296 15.100000000000001 6.0
14.551495016611296 15.100000000000001 6.3
14.551495016611296 15.100000000000001 6.6
14.551495016611296 15.100000000000001 6.8999999999999995
14.551495016611296 15.100000000000001 7.199999999999999
14.551495016611296 15.100000000000001 7.5
14.551495016611296 15.100000000000001 7.8
14.551495016611296 15.100000000000001 8.1
14.551495016611296 15.100000000000001 8.4
14.551495016611296 15.100000000000001 8.7
14.551495016611296 15.100000000000001 9.0
14.551495016611296 15.100000000000001 9.299999999999999
14.551495016611296 15.100000000000001 9.6
14.551495016611296 15.100000000000001 9.9
14.551495016611296 15.100000000000001 10.2
14.651162790697674 15.100000000000001 4.5
14.651162790697674 15.100000000000001 4.8
14.651162790697674 15.100000000000001 5.1
14.651162790697674 15.100000000000001 5.3999999999999995
14.651162790697674 15.100000000000001 5.7
14.651162790697674 15.100000000000001 6.0
14.651162790697674 15.100000000000001 6.3
14.651162790697674 15.100000000000001 6.6
14.651162790697674 15.100000000000001 6.8999999999999995
14.651162790697674 15.100000000000001 7.199999999999999
14.651162790697674 15.100000000000001 7.5
14.651162790697674 15.100000000000001 7.8
14.651162790697674 15.100000000000001 8.1
14.651162790697674 15.100000000000001 8.4
14.651162790697674 15.100000000000001 8.7
14.651162790697674 15.100000000000001 9.0
14.651162790697674 15.100000000000001 9.299999999999999
14.651162790697674 15.100000000000001 9.6
14.651162790697674 15.100000000000001 9.9
14.651162790697674 15.100000000000001 10.2
14.750830564784053 15.100000000000001 4.5
14.750830564784053 15.100000000000001 4.8
14.750830564784053 15.100000000000001 5.1
14.750830564784053 15.100000000000001 5.3999999999999995
14.750830564784053 15.100000000000001 5.7
14.750830564784053 15.100000000000001 6.0
14.750830564784053 15.100000000000001 6.3
14.750830564784053 15.100000000000001 6.6
14.750830564784053 15.100000000000001 6.8999999999999995
14.750830564784053 15.100000000000001 7.199999999999999
14.750830564784053 15.100000000000001 7.5
14.750830564784053 15.100000000000001 7.8
14.750830564784053 15.100000000000001 8.1
14.750830564784053 15.100000000000001 8.4
14.750830564784053 15.100000000000001 8.7
14.750830564784053 15.100000000000001 9.0
14.750830564784053 15.100000000000001 9.299999999999999
14.750830564784053 15.100000000000001 9.6
14.750830564784053 15.100000000000001 9.9
14.750830564784053 15.100000000000001 10.2
14.850498338870432 15.100000000000001 4.5
14.850498338870432 15.100000000000001 4.8
14.850498338870432 15.100000000000001 5.1
14.850498338870432 15.100000000000001 5.3999999999999995
14.850498338870432 15.100000000000001 5.7
14.850498338870432 15.100000000000001 6.0
14.850498338870432 15.100000000000001 6.3
14.850498338870432 15.100000000000001 6.6
14.850498338870432 15.100000000000001 6.8999999999999995
14.850498338870432 15.100000000000001 7.199999999999999
14.850498338870432 15.100000000000001 7.5
14.850498338870432 15.100000000000001 7.8
14.850498338870432 15.100000000000001 8.1
14.850498338870432 15.100000000000001 8.4
14.850498338870432 15.100000000000001 8.7
14.850498338870432 15.100000000000001 9.0
14.850498338870432 15.100000000000001 9.299999999999999
14.850498338870432 15.100000000000001 9.6
14.850498338870432 15.100000000000001 9.9
14.850498338870432 15.100000000000001 10.2
14.950166112956811 15.100000000000001 4.5
14.950166112956811 15.100000000000001 4.8
14.950166112956811 15.100000000000001 5.1
14.950166112956811 15.100000000000001 5.3999999999999995
14.950166112956811 15.100000000000001 5.7
14.950166112956811 15.100000000000001 6.0
14.950166112956811 15.100000000000001 6.3
14.950166112956811 15.100000000000001 6.6
14.950166112956811 15.100000000000001 6.8999999999999995
14.950166112956811 15.100000000000001 7.199999999999999
14.950166112956811 15.100000000000001 7.5
14.950166112956811 15.100000000000001 7.8
14.950166112956811 15.100000000000001 8.1
14.950166112956811 15.100000000000001 8.4
14.950166112956811 15.100000000000001 8.7
14.950166112956811 15.100000000000001 9.0
14.950166112956811 15.100000000000001 9.299999999999999
14.950166112956811 15.100000000000001 9.6
14.950166112956811 15.100000000000001 9.9
14.950166112956811 15.100000000000001 10.2
15.049833887043189 15.100000000000001 4.5
15.049833887043189 15.100000000000001 4.8
15.049833887043189 15.100000000000001 5.1
15.049833887043189 15.100000000000001 5.3999999999999995
15.049833887043189 15.100000000000001 5.7
15.049833887043189 15.100000000000001 6.0
15.049833887043189 15.100000000000001 6.3
15.049833887043189 15.100000000000001 6.6
15.049833887043189 15.100000000000001 6.8999999999999995
15.049833887043189 15.100000000000001 7.199999999999999
15.049833887043189 15.100000000000001 7.5
15.049833887043189 15.100000000000001 7.8
15.049833887043189 15.100000000000001 8.1
15.049833887043189 15.100000000000001 8.4
15.049833887043189 15.100000000000001 8.7
15.049833887043189 15.100000000000001 9.0
15.049833887043189 15.100000000000001 9.299999999999999
15.049833887043189 15.100000000000001 9.6
15.049833887043189 15.100000000000001 9.9
15.049833887043189 15.100000000000001 10.2
15.149501661129568 15.100000000000001 4.5
15.149501661129568 15.100000000000001 4.8
15.149501661129568 15.100000000000001 5.1
15.149501661129568 15.100000000000001 5.3999999999999995
15.149501661129568 15.100000000000001 5.7
15.149501661129568 15.100000000000001 6.0
15.149501661129568 15.100000000000001 6.3
15.149501661129568 15.100000000000001 6.6
15.149501661129568 15.100000000000001 6.8999999999999995
15.149501661129568 15.100000000000001 7.199999999999999
15.149501661129568 15.100000000000001 7.5
15.149501661129568 15.100000000000001 7.8
15.149501661129568 15.100000000000001 8.1
15.149501661129568 15.100000000000001 8.4
15.149501661129568 15.100000000000001 8.7
15.149501661129568 15.100000000000001 9.0
15.149501661129568 15.100000000000001 9.299999999999999
15.149501661129568 15.100000000000001 9.6
15.149501661129568 15.100000000000001 9.9
15.149501661129568 15.100000000000001 10.2
15.249169435215947 15.100000000000001 4.5
15.249169435215947 15.100000000000001 4.8
15.249169435215947 15.100000000000001 5.1
15.249169435215947 15.100000000000001 5.3999999999999995
15.249169435215947 15.100000000000001 5.7
15.249169435215947 15.100000000000001 6.0
15.249169435215947 15.100000000000001 6.3
15.249169435215947 15.100000000000001 6.6
15.249169435215947 15.100000000000001 6.8999999999999995
15.249169435215947 15.100000000000001 7.199999999999999
15.249169435215947 15.100000000000001 7.5
15.249169435215947 15.100000000000001 7.8
15.249169435215947 15.100000000000001 8.1
15.249169435215947 15.100000000000001 8.4
15.249169435215947 15.100000000000001 8.7
15.249169435215947 15.100000000000001 9.0
15.249169435215947 15.100000000000001 9.299999999999999
15.249169435215947 15.100000000000001 9.6
15.249169435215947 15.100000000000001 9.9
15.249169435215947 15.100000000000001 10.2
15.348837209302326 15.100000000000001 4.5
15.348837209302326 15.100000000000001 4.8
15.348837209302326 15.100000000000001 5.1
15.348837209302326 15.100000000000001 5.3999999999999995
15.348837209302326 15.100000000000001 5.7
15.348837209302326 15.100000000000001 6.0
15.348837209302326 15.100000000000001 6.3
15.348837209302326 15.100000000000001 6.6
15.348837209302326 15.100000000000001 6.8999999999999995
15.348837209302326 15.100000000000001 7.199999999999999
15.348837209302326 15.100000000000001 7.5
15.348837209302326 15.100000000000001 7.8
15.348837209302326 15.100000000000001 8.1
15.348837209302326 15.100000000000001 8.4
15.348837209302326 15.100000000000001 8.7
15.348837209302326 15.100000000000001 9.0
15.348837209302326 15.100000000000001 9.299999999999999
15.348837209302326 15.100000000000001 9.6
15.348837209302326 15.100000000000001 9.9
15.348837209302326 15.100000000000001 10.2
15.448504983388704 15.100000000000001 4.5
15.448504983388704 15.100000000000001 4.8
15.448504983388704 15.100000000000001 5.1
15.448504983388704 15.100000000000001 5.3999999999999995
15.448504983388704 15.100000000000001 5.7
15.448504983388704 15.100000000000001 6.0
15.448504983388704 15.100000000000001 6.3
15.448504983388704 15.100000000000001 6.6
15.448504983388704 15.100000000000001 6.8999999999999995
15.448504983388704 15.100000000000001 7.199999999999999
15.448504983388704 15.100000000000001 7.5
15.448504983388704 15.100000000000001 7.8
15.448504983388704 15.100000000000001 8.1
15.448504983388704 15.100000000000001 8.4
15.448504983388704 15.100000000000001 8.7
15.448504983388704 15.100000000000001 9.0
15.448504983388704 15.100000000000001 9.299999999999999
15.448504983388704 15.100000000000001 9.6
15.448504983388704 15.100000000000001 9.9
15.448504983388704 15.100000000000001 10.2
14.551495016611296 15.200000000000001 4.5
14.551495016611296 15.200000000000001 4.8
14.551495016611296 15.200000000000001 5.1
14.551495016611296 15.200000000000001 5.3999999999999995
14.551495016611296 15.200000000000001 5.7
14.551495016611296 15.200000000000001 6.0
14.551495016611296 15.200000000000001 6.3
14.551495016611296 15.200000000000001 6.6
14.551495016611296 15.200000000000001 6.8999999999999995
14.551495016611296 15.200000000000001 7.199999999999999
14.551495016611296 15.200000000000001 7.5
14.551495016611296 15.200000000000001 7.8
14.551495016611296 15.200000000000001 8.1
14.551495016611296 15.200000000000001 8.4
14.551495016611296 15.200000000000001 8.7
14.551495016611296 15.200000000000001 9.0
14.551495016611296 15.200000000000001 9.299999999999999
14.551495016611296 15.200000000000001 9.6
14.551495016611296 15.200000000000001 9.9
14.551495016611296 15.200000000000001 10.2
14.651162790697674 15.200000000000001 4.5
14.651162790697674 15.200000000000001 4.8
14.651162790697674 15.200000000000001 5.1
14.651162790697674 15.200000000000001 5.3999999999999995
14.651162790697674 15.200000000000001 5.7
14.651162790697674 15.200000000000001 6.0
14.651162790697674 15.200000000000001 6.3
14.651162790697674 15.200000000000001 6.6
14.651162790697674 15.200000000000001 6.8999999999999995
14.651162790697674 15.200000000000001 7.199999999999999
14.651162790697674 15.200000000000001 7.5
14.651162790697674 15.200000000000001 7.8
14.651162790697674 15.200000000000001 8.1
14.651162790697674 15.200000000000001 8.4
14.651162790697674 15.200000000000001 8.7
14.651162790697674 15.200000000000001 9.0
14.651162790697674 15.200000000000001 9.299999999999999
14.651162790697674 15.200000000000001 9.6
14.651162790697674 15.200000000000001 9.9
14.651162790697674 15.200000000000001 10.2
14.750830564784053 15.200000000000001 4.5
14.750830564784053 15.200000000000001 4.8
14.750830564784053 15.200000000000001 5.1
14.750830564784053 15.200000000000001 5.3999999999999995
14.750830564784053 15.200000000000001 5.7
14.750830564784053 15.200000000000001 6.0
14.750830564784053 15.200000000000001 6.3
14.750830564784053 15.200000000000001 6.6
14.750830564784053 15.200000000000001 6.8999999999999995
14.750830564784053 15.200000000000001 7.199999999999999
14.750830564784053 15.200000000000001 7.5
14.750830564784053 15.200000000000001 7.8
14.750830564784053 15.200000000000001 8.1
14.750830564784053 15.200000000000001 8.4
14.750830564784053 15.200000000000001 8.7
14.750830564784053 15.200000000000001 9.0
14.750830564784053 15.200000000000001 9.299999999999999
14.750830564784053 15.200000000000001 9.6
14.750830564784053 15.200000000000001 9.9
14.750830564784053 15.200000000000001 10.2
14.850498338870432 15.200000000000001 4.5
14.850498338870432 15.200000000000001 4.8
14.850498338870432 15.200000000000001 5.1
14.850498338870432 15.200000000000001 5.3999999999999995
14.850498338870432 15.200000000000001 5.7
14.850498338870432 15.200000000000001 6.0
14.850498338870432 15.200000000000001 6.3
14.850498338870432 15.200000000000001 6.6
14.850498338870432 15.200000000000001 6.8999999999999995
14.850498338870432 15.200000000000001 7.199999999999999
14.850498338870432 15.200000000000001 7.5
14.850498338870432 15.200000000000001 7.8
14.850498338870432 15.200000000000001 8.1
14.850498338870432 15.200000000000001 8.4
14.850498338870432 15.200000000000001 8.7
14.850498338870432 15.200000000000001 9.0
14.850498338870432 15.200000000000001 9.299999999999999
14.850498338870432 15.200000000000001 9.6
14.850498338870432 15.200000000000001 9.9
14.850498338870432 15.200000000000001 10.2
14.950166112956811 15.200000000000001 4.5
14.950166112956811 15.200000000000001 4.8
14.950166112956811 15.200000000000001 5.1
14.950166112956811 15.200000000000001 5.3999999999999995
14.950166112956811 15.200000000000001 5.7
14.950166112956811 15.200000000000001 6.0
14.950166112956811 15.200000000000001 6.3
14.950166112956811 15.200000000000001 6.6
14.950166112956811 15.200000000000001 6.8999999999999995
14.950166112956811 15.200000000000001 7.199999999999999
14.950166112956811 15.200000000000001 7.5
14.950166112956811 15.200000000000001 7.8
14.950166112956811 15.200000000000001 8.1
14.950166112956811 15.200000000000001 8.4
14.950166112956811 15.200000000000001 8.7
14.950166112956811 15.200000000000001 9.0
14.950166112956811 15.200000000000001 9.299999999999999
14.950166112956811 15.200000000000001 9.6
14.950166112956811 15.200000000000001 9.9
14.950166112956811 15.200000000000001 10.2
15.049833887043189 15.200000000000001 4.5
15.049833887043189 15.200000000000001 4.8
15.049833887043189 15.200000000000001 5.1
15.049833887043189 15.200000000000001 5.3999999999999995
15.049833887043189 15.200000000000001 5.7
15.049833887043189 15.200000000000001 6.0
15.049833887043189 15.200000000000001 6.3
15.049833887043189 15.200000000000001 6.6
15.049833887043189 15.200000000000001 6.8999999999999995
15.049833887043189 15.200000000000001 7.199999999999999
15.049833887043189 15.200000000000001 7.5
15.049833887043189 15.200000000000001 7.8
15.049833887043189 15.200000000000001 8.1
15.049833887043189 15.200000000000001 8.4
15.049833887043189 15.200000000000001 8.7
15.049833887043189 15.200000000000001 9.0
15.049833887043189 15.200000000000001 9.299999999999999
15.049833887043189 15.200000000000001 9.6
15.049833887043189 15.200000000000001 9.9
15.049833887043189 15.200000000000001 10.2
15.149501661129568 15.200000000000001 4.5
15.149501661129568 15.200000000000001 4.8
15.149501661129568 15.200000000000001 5.1
15.149501661129568 15.200000000000001 5.3999999999999995
15.149501661129568 15.200000000000001 5.7
15.149501661129568 15.200000000000001 6.0
15.149501661129568 15.200000000000001 6.3
15.149501661129568 15.200000000000001 6.6
15.149501661129568 15.200000000000001 6.8999999999999995
15.149501661129568 15.200000000000001 7.199999999999999
15.149501661129568 15.200000000000001 7.5
15.149501661129568 15.200000000000001 7.8
15.149501661129568 15.200000000000001 8.1
15.149501661129568 15.200000000000001 8.4
15.149501661129568 15.200000000000001 8.7
15.149501661129568 15.200000000000001 9.0
15.149501661129568 15.200000000000001 9.299999999999999
15.149501661129568 15.200000000000001 9.6
15.149501661129568 15.200000000000001 9.9
15.149501661129568 15.200000000000001 10.2
15.249169435215947 15.200000000000001 4.5
15.249169435215947 15.200000000000001 4.8
15.249169435215947 15.200000000000001 5.1
15.249169435215947 15.200000000000001 5.3999999999999995
15.249169435215947 15.200000000000001 5.7
15.249169435215947 15.200000000000001 6.0
15.249169435215947 15.200000000000001 6.3
15.249169435215947 15.200000000000001 6.6
15.249169435215947 15.200000000000001 6.8999999999999995
15.249169435215947 15.200000000000001 7.199999999999999
15.249169435215947 15.200000000000001 7.5
15.249169435215947 15.200000000000001 7.8
15.249169435215947 15.200000000000001 8.1
15.249169435215947 15.200000000000001 8.4
15.249169435215947 15.200000000000001 8.7
15.249169435215947 15.200000000000001 9.0
15.249169435215947 15.200000000000001 9.299999999999999
15.249169435215947 15.200000000000001 9.6
15.249169435215947 15.200000000000001 9.9
15.249169435215947 15.200000000000001 10.2
15.348837209302326 15.200000000000001 4.5
15.348837209302326 15.200000000000001 4.8
15.348837209302326 15.200000000000001 5.1
15.348837209302326 15.200000000000001 5.3999999999999995
15.348837209302326 15.200000000000001 5.7
15.348837209302326 15.200000000000001 6.0
15.348837209302326 15.200000000000001 6.3
15.348837209302326 15.200000000000001 6.6
15.348837209302326 15.200000000000001 6.8999999999999995
15.348837209302326 15.200000000000001 7.199999999999999
15.348837209302326 15.200000000000001 7.5
15.348837209302326 15.200000000000001 7.8
15.348837209302326 15.200000000000001 8.1
15.348837209302326 15.200000000000001 8.4
15.348837209302326 15.200000000000001 8.7
15.348837209302326 15.200000000000001 9.0
15.348837209302326 15.200000000000001 9.299999999999999
15.348837209302326 15.200000000000001 9.6
15.348837209302326 15.200000000000001 9.9
15.348837209302326 15.200000000000001 10.2
15.448504983388704 15.200000000000001 4.5
15.448504983388704 15.200000000000001 4.8
15.448504983388704 15.200000000000001 5.1
15.448504983388704 15.200000000000001 5.3999999999999995
15.448504983388704 15.200000000000001 5.7
15.448504983388704 15.200000000000001 6.0
15.448504983388704 15.200000000000001 6.3
15.448504983388704 15.200000000000001 6.6
15.448504983388704 15.200000000000001 6.8999999999999995
15.448504983388704 15.200000000000001 7.199999999999999
15.448504983388704 15.200000000000001 7.5
15.448504983388704 15.200000000000001 7.8
15.448504983388704 15.200000000000001 8.1
15.448504983388704 15.200000000000001 8.4
15.448504983388704 15.200000000000001 8.7
15.448504983388704 15.200000000000001 9.0
15.448504983388704 15.200000000000001 9.299999999999999
15.448504983388704 15.200000000000001 9.6
15.448504983388704 15.200000000000001 9.9
15.448504983388704 15.200000000000001 10.2
14.651162790697674 15.3 4.5
14.651162790697674 15.3 4.8
14.651162790697674 15.3 5.1
14.651162790697674 15.3 5.3999999999999995
14.651162790697674 15.3 5.7
14.651162790697674 15.3 6.0
14.651162790697674 15.3 6.3
14.651162790697674 15.3 6.6
14.651162790697674 15.3 6.8999999999999995
14.651162790697674 15.3 7.199999999999999
14.651162790697674 15.3 7.5
14.651162790697674 15.3 7.8
14.651162790697674 15.3 8.1
14.651162790697674 15.3 8.4
14.651162790697674 15.3 8.7
14.651162790697674 15.3 9.0
14.651162790697674 15.3 9.299999999999999
14.651162790697674 15.3 9.6
14.651162790697674 15.3 9.9
14.651162790697674 15.3 10.2
14.750830564784053 15.3 4.5
14.750830564784053 15.3 4.8
14.750830564784053 15.3 5.1
14.750830564784053 15.3 5.3999999999999995
14.750830564784053 15.3 5.7
14.750830564784053 15.3 6.0
14.750830564784053 15.3 6.3
14.750830564784053 15.3 6.6
14.750830564784053 15.3 6.8999999999999995
14.750830564784053 15.3 7.199999999999999
14.750830564784053 15.3 7.5
14.750830564784053 15.3 7.8
14.750830564784053 15.3 8.1
14.750830564784053 15.3 8.4
14.750830564784053 15.3 8.7
14.750830564784053 15.3 9.0
14.750830564784053 15.3 9.299999999999999
14.750830564784053 15.3 9.6
14.750830564784053 15.3 9.9
14.750830564784053 15.3 10.2
14.850498338870432 15.3 4.5
14.850498338870432 15.3 4.8
14.850498338870432 15.3 5.1
14.850498338870432 15.3 5.3999999999999995
14.850498338870432 15.3 5.7
14.850498338870432 15.3 6.0
14.850498338870432 15.3 6.3
14.850498338870432 15.3 6.6
14.850498338870432 15.3 6.8999999999999995
14.850498338870432 15.3 7.199999999999999
14.850498338870432 15.3 7.5
14.850498338870432 15.3 7.8
14.850498338870432 15.3 8.1
14.850498338870432 15.3 8.4
14.850498338870432 15.3 8.7
14.850498338870432 15.3 9.0
14.850498338870432 15.3 9.299999999999999
14.850498338870432 15.3 9.6
14.850498338870432 15.3 9.9
14.850498338870432 15.3 10.2
14.950166112956811 15.3 4.5
14.950166112956811 15.3 4.8
14.950166112956811 15.3 5.1
14.950166112956811 15.3 5.3999999999999995
14.950166112956811 15.3 5.7
14.950166112956811 15.3 6.0
14.950166112956811 15.3 6.3
14.950166112956811 15.3 6.6
14.950166112956811 15.3 6.8999999999999995
14.950166112956811 15.3 7.199999999999999
14.950166112956811 15.3 7.5
14.950166112956811 15.3 7.8
14.950166112956811 15.3 8.1
14.950166112956811 15.3 8.4
14.950166112956811 15.3 8.7
14.950166112956811 15.3 9.0
14.950166112956811 15.3 9.299999999999999
14.950166112956811 15.3 9.6
14.950166112956811 15.3 9.9
14.950166112956811 15.3 10.2
15.049833887043189 15.3 4.5
15.049833887043189 15.3 4.8
15.049833887043189 15.3 5.1
15.049833887043189 15.3 5.3999999999999995
15.049833887043189 15.3 5.7
15.049833887043189 15.3 6.0
15.049833887043189 15.3 6.3
15.049833887043189 15.3 6.6
15.049833887043189 15.3 6.8999999999999995
15.049833887043189 15.3 7.199999999999999
15.049833887043189 15.3 7.5
15.049833887043189 15.3 7.8
15.049833887043189 15.3 8.1
15.049833887043189 15.3 8.4
15.049833887043189 15.3 8.7
15.049833887043189 15.3 9.0
15.049833887043189 15.3 9.299999999999999
15.049833887043189 15.3 9.6
15.049833887043189 15.3 9.9
15.049833887043189 15.3 10.2
15.149501661129568 15.3 4.5
15.149501661129568 15.3 4.8
15.149501661129568 15.3 5.1
15.149501661129568 15.3 5.3999999999999995
15.149501661129568 15.3 5.7
15.149501661129568 15.3 6.0
15.149501661129568 15.3 6.3
15.149501661129568 15.3 6.6
15.149501661129568 15.3 6.8999999999999995
15.149501661129568 15.3 7.199999999999999
15.149501661129568 15.3 7.5
15.149501661129568 15.3 7.8
15.149501661129568 15.3 8.1
15.149501661129568 15.3 8.4
15.149501661129568 15.3 8.7
15.149501661129568 15.3 9.0
15.149501661129568 15.3 9.299999999999999
15.149501661129568 15.3 9.6
15.149501661129568 15.3 9.9
15.149501661129568 15.3 10.2
15.249169435215947 15.3 4.5
15.249169435215947 15.3 4.8
15.249169435215947 15.3 5.1
15.249169435215947 15.3 5.3999999999999995
15.249169435215947 15.3 5.7
15.249169435215947 15.3 6.0
15.249169435215947 15.3 6.3
15.249169435215947 15.3 6.6
15.249169435215947 15.3 6.8999999999999995
15.249169435215947 15.3 7.199999999999999
15.249169435215947 15.3 7.5
15.249169435215947 15.3 7.8
15.249169435215947 15.3 8.1
15.249169435215947 15.3 8.4
15.249169435215947 15.3 8.7
15.249169435215947 15.3 9.0
15.249169435215947 15.3 9.299999999999999
15.249169435215947 15.3 9.6
15.249169435215947 15.3 9.9
15.249169435215947 15.3 10.2
15.348837209302326 15.3 4.5
15.348837209302326 15.3 4.8
15.348837209302326 15.3 5.1
15.348837209302326 15.3 5.3999999999999995
15.348837209302326 15.3 5.7
15.348837209302326 15.3 6.0
15.348837209302326 15.3 6.3
15.348837209302326 15.3 6.6
15.348837209302326 15.3 6.8999999999999995
15.348837209302326 15.3 7.199999999999999
15.348837209302326 15.3 7.5
15.348837209302326 15.3 7.8
15.348837209302326 15.3 8.1
15.348837209302326 15.3 8.4
15.348837209302326 15.3 8.7
15.348837209302326 15.3 9.0
15.348837209302326 15.3 9.299999999999999
15.348837209302326 15.3 9.6
15.348837209302326 15.3 9.9
15.348837209302326 15.3 10.2
14.750830564784053 15.4 4.5
14.750830564784053 15.4 4.8
14.750830564784053 15.4 5.1
14.750830564784053 15.4 5.3999999999999995
14.750830564784053 15.4 5.7
14.750830564784053 15.4 6.0
14.750830564784053 15.4 6.3
14.750830564784053 15.4 6.6
14.750830564784053 15.4 6.8999999999999995
14.750830564784053 15.4 7.199999999999999
14.750830564784053 15.4 7.5
14.750830564784053 15.4 7.8
14.750830564784053 15.4 8.1
14.750830564784053 15.4 8.4
14.750830564784053 15.4 8.7
14.750830564784053 15.4 9.0
14.750830564784053 15.4 9.299999999999999
14.750830564784053 15.4 9.6
14.750830564784053 15.4 9.9
14.750830564784053 15.4 10.2
14.850498338870432 15.4 4.5
14.850498338870432 15.4 4.8
14.850498338870432 15.4 5.1
14.850498338870432 15.4 5.3999999999999995
14.850498338870432 15.4 5.7
14.850498338870432 15.4 6.0
14.850498338870432 15.4 6.3
14.850498338870432 15.4 6.6
14.850498338870432 15.4 6.8999999999999995
14.850498338870432 15.4 7.199999999999999
14.850498338870432 15.4 7.5
14.850498338870432 15.4 7.8
14.850498338870432 15.4 8.1
14.850498338870432 15.4 8.4
14.850498338870432 15.4 8.7
14.850498338870432 15.4 9.0
14.850498338870432 15.4 9.299999999999999
14.850498338870432 15.4 9.6
14.850498338870432 15.4 9.9
14.850498338870432 15.4 10.2
14.950166112956811 15.4 4.5
14.950166112956811 15.4 4.8
14.950166112956811 15.4 5.1
14.950166112956811 15.4 5.3999999999999995
14.950166112956811 15.4 5.7
14.950166112956811 15.4 6.0
14.950166112956811 15.4 6.3
14.950166112956811 15.4 6.6
14.950166112956811 15.4 6.8999999999999995
14.950166112956811 15.4 7.199999999999999
14.950166112956811 15.4 7.5
14.950166112956811 15.4 7.8
14.950166112956811 15.4 8.1
14.950166112956811 15.4 8.4
14.950166112956811 15.4 8.7
14.950166112956811 15.4 9.0
14.950166112956811 15.4 9.299999999999999
14.950166112956811 15.4 9.6
14.950166112956811 15.4 9.9
14.950166112956811 15.4 10.2
15.049833887043189 15.4 4.5
15.049833887043189 15.4 4.8
15.049833887043189 15.4 5.1
15.049833887043189 15.4 5.3999999999999995
15.049833887043189 15.4 5.7
15.049833887043189 15.4 6.0
15.049833887043189 15.4 6.3
15.049833887043189 15.4 6.6
15.049833887043189 15.4 6.8999999999999995
15.049833887043189 15.4 7.199999999999999
15.049833887043189 15.4 7.5
15.049833887043189 15.4 7.8
15.049833887043189 15.4 8.1
15.049833887043189 15.4 8.4
15.049833887043189 15.4 8.7
15.049833887043189 15.4 9.0
15.049833887043189 15.4 9.299999999999999
15.049833887043189 15.4 9.6
15.049833887043189 15.4 9.9
15.049833887043189 15.4 10.2
15.149501661129568 15.4 4.5
15.149501661129568 15.4 4.8
15.149501661129568 15.4 5.1
15.149501661129568 15.4 5.3999999999999995
15.149501661129568 15.4 5.7
15.149501661129568 15.4 6.0
15.149501661129568 15.4 6.3
15.149501661129568 15.4 6.6
15.149501661129568 15.4 6.8999999999999995
15.149501661129568 15.4 7.199999999999999
15.149501661129568 15.4 7.5
15.149501661129568 15.4 7.8
15.149501661129568 15.4 8.1
15.149501661129568 15.4 8.4
15.149501661129568 15.4 8.7
15.149501661129568 15.4 9.0
15.149501661129568 15.4 9.299999999999999
15.149501661129568 15.4 9.6
15.149501661129568 15.4 9.9
15.149501661129568 15.4 10.2
15.249169435215947 15.4 4.5
15.249169435215947 15.4 4.8
15.249169435215947 15.4 5.1
15.249169435215947 15.4 5.3999999999999995
15.249169435215947 15.4 5.7
15.249169435215947 15.4 6.0
15.249169435215947 15.4 6.3
15.249169435215947 15.4 6.6
15.249169435215947 15.4 6.8999999999999995
15.249169435215947 15.4 7.199999999999999
15.249169435215947 15.4 7.5
15.249169435215947 15.4 7.8
15.249169435215947 15.4 8.1
15.249169435215947 15.4 8.4
15.249169435215947 15.4 8.7
15.249169435215947 15.4 9.0
15.249169435215947 15.4 9.299999999999999
15.249169435215947 15.4 9.6
15.249169435215947 15.4 9.9
15.249169435215947 15.4 10.2
