6612
313 309 1
313 309 2
313 309 3
313 309 4
313 309 5
313 309 6
313 309 7
313 309 8
313 309 9
313 309 10
313 309 11
313 309 12
313 309 13
313 309 14
313 309 15
313 309 16
313 309 17
313 309 18
313 309 19
313 310 1
313 310 2
313 310 3
313 310 4
313 310 5
313 310 6
313 310 7
313 310 8
313 310 9
313 310 10
313 310 11
313 310 12
313 310 13
313 310 14
313 310 15
313 310 16
313 310 17
313 310 18
313 310 19
313 311 1
313 311 2
313 311 3
313 311 4
313 311 5
313 311 6
313 311 7
313 311 8
313 311 9
313 311 10
313 311 11
313 311 12
313 311 13
313 311 14
313 311 15
313 311 16
313 311 17
313 311 18
313 311 19
313 312 1
313 312 2
313 312 3
313 312 4
313 312 5
313 312 6
313 312 7
313 312 8
313 312 9
313 312 10
313 312 11
313 312 12
313 312 13
313 312 14
313 312 15
313 312 16
313 312 17
313 312 18
313 312 19
313 313 1
313 313 2
313 313 3
313 313 4
313 313 5
313 313 6
313 313 7
313 313 8
313 313 9
313 313 10
313 313 11
313 313 12
313 313 13
313 313 14
313 313 15
313 313 16
313 313 17
313 313 18
313 313 19
313 314 1
313 314 2
313 314 3
313 314 4
313 314 5
313 314 6
313 314 7
313 314 8
313 314 9
313 314 10
313 314 11
313 314 12
313 314 13
313 314 14
313 314 15
313 314 16
313 314 17
313 314 18
313 314 19
313 315 1
313 315 2
313 315 3
313 315 4
313 315 5
313 315 6
313 315 7
313 315 8
313 315 9
313 315 10
313 315 11
313 315 12
313 315 13
313 315 14
313 315 15
313 315 16
313 315 17
313 315 18
313 315 19
313 316 1
313 316 2
313 316 3
313 316 4
313 316 5
313 316 6
313 316 7
313 316 8
313 316 9
313 316 10
313 316 11
313 316 12
313 316 13
313 316 14
313 316 15
313 316 16
313 316 17
313 316 18
313 316 19
313 317 1
313 317 2
313 317 3
313 317 4
313 317 5
313 317 6
313 317 7
313 317 8
313 317 9
313 317 10
313 317 11
313 317 12
313 317 13
313 317 14
313 317 15
313 317 16
313 317 17
313 317 18
313 317 19
313 318 1
313 318 2
313 318 3
313 318 4
313 318 5
313 318 6
313 318 7
313 318 8
313 318 9
313 318 10
313 318 11
313 318 12
313 318 13
313 318 14
313 318 15
313 318 16
313 318 17
313 318 18
313 318 19
313 319 1
313 319 2
313 319 3
313 319 4
313 319 5
313 319 6
313 319 7
313 319 8
313 319 9
313 319 10
313 319 11
313 319 12
313 319 13
313 319 14
313 319 15
313 319 16
313 319 17
313 319 18
313 319 19
313 320 1
313 320 2
313 320 3
313 320 4
313 320 5
313 320 6
313 320 7
313 320 8
313 320 9
313 320 10
313 320 11
313 320 12
313 320 13
313 320 14
313 320 15
313 320 16
313 320 17
313 320 18
313 320 19
313 321 1
313 321 2
313 321 3
313 321 4
313 321 5
313 321 6
313 321 7
313 321 8
313 321 9
313 321 10
313 321 11
313 321 12
313 321 13
313 321 14
313 321 15
313 321 16
313 321 17
313 321 18
313 321 19
313 322 1
313 322 2
313 322 3
313 322 4
313 322 5
313 322 6
313 322 7
313 322 8
313 322 9
313 322 10
313 322 11
313 322 12
313 322 13
313 322 14
313 322 15
313 322 16
313 322 17
313 322 18
313 322 19
313 323 1
313 323 2
313 323 3
313 323 4
313 323 5
313 323 6
313 323 7
313 323 8
313 323 9
313 323 10
313 323 11
313 323 12
313 323 13
313 323 14
313 323 15
313 323 16
313 323 17
313 323 18
313 323 19
313 324 1
313 324 2
313 324 3
313 324 4
313 324 5
313 324 6
313 324 7
313 324 8
313 324 9
313 324 10
313 324 11
313 324 12
313 324 13
313 324 14
313 324 15
313 324 16
313 324 17
313 324 18
313 324 19
313 325 1
313 325 2
313 325 3
313 325 4
313 325 5
313 325 6
313 325 7
313 325 8
313 325 9
313 325 10
313 325 11
313 325 12
313 325 13
313 325 14
313 325 15
313 325 16
313 325 17
313 325 18
313 325 19
313 326 1
313 326 2
313 326 3
313 326 4
313 326 5
313 326 6
313 326 7
313 326 8
313 326 9
313 326 10
313 326 11
313 326 12
313 326 13
313 326 14
313 326 15
313 326 16
313 326 17
313 326 18
313 326 19
313 327 1
313 327 2
313 327 3
313 327 4
313 327 5
313 327 6
313 327 7
313 327 8
313 327 9
313 327 10
313 327 11
313 327 12
313 327 13
313 327 14
313 327 15
313 327 16
313 327 17
313 327 18
313 327 19
313 328 1
313 328 2
313 328 3
313 328 4
313 328 5
313 328 6
313 328 7
313 328 8
313 328 9
313 328 10
313 328 11
313 328 12
313 328 13
313 328 14
313 328 15
313 328 16
313 328 17
313 328 18
313 328 19
313 329 1
313 329 2
313 329 3
313 329 4
313 329 5
313 329 6
313 329 7
313 329 8
313 329 9
313 329 10
313 329 11
313 329 12
313 329 13
313 329 14
313 329 15
313 329 16
313 329 17
313 329 18
313 329 19
313 330 1
313 330 2
313 330 3
313 330 4
313 330 5
313 330 6
313 330 7
313 330 8
313 330 9
313 330 10
313 330 11
313 330 12
313 330 13
313 330 14
313 330 15
313 330 16
313 330 17
313 330 18
313 330 19
313 331 1
313 331 2
313 331 3
313 331 4
313 331 5
313 331 6
313 331 7
313 331 8
313 331 9
313 331 10
313 331 11
313 331 12
313 331 13
313 331 14
313 331 15
313 331 16
313 331 17
313 331 18
313 331 19
313 332 1
313 332 2
313 332 3
313 332 4
313 332 5
313 332 6
313 332 7
313 332 8
313 332 9
313 332 10
313 332 11
313 332 12
313 332 13
313 332 14
313 332 15
313 332 16
313 332 17
313 332 18
313 332 19
314 310 1
314 310 2
314 310 3
314 310 4
314 310 5
314 310 6
314 310 7
314 310 8
314 310 9
314 310 10
314 310 11
314 310 12
314 310 13
314 310 14
314 310 15
314 310 16
314 310 17
314 310 18
314 310 19
314 311 1
314 311 2
314 311 3
314 311 4
314 311 5
314 311 6
314 311 7
314 311 8
314 311 9
314 311 10
314 311 11
314 311 12
314 311 13
314 311 14
314 311 15
314 311 16
314 311 17
314 311 18
314 311 19
314 312 1
314 312 2
314 312 3
314 312 4
314 312 5
314 312 6
314 312 7
314 312 8
314 312 9
314 312 10
314 312 11
314 312 12
314 312 13
314 312 14
314 312 15
314 312 16
314 312 17
314 312 18
314 312 19
314 313 1
314 313 2
314 313 3
314 313 4
314 313 5
314 313 6
314 313 7
314 313 8
314 313 9
314 313 10
314 313 11
314 313 12
314 313 13
314 313 14
314 313 15
314 313 16
314 313 17
314 313 18
314 313 19
314 314 1
314 314 2
314 314 3
314 314 4
314 314 5
314 314 6
314 314 7
314 314 8
314 314 9
314 314 10
314 314 11
314 314 12
314 314 13
314 314 14
314 314 15
314 314 16
314 314 17
314 314 18
314 314 19
314 315 1
314 315 2
314 315 3
314 315 4
314 315 5
314 315 6
314 315 7
314 315 8
314 315 9
314 315 10
314 315 11
314 315 12
314 315 13
314 315 14
314 315 15
314 315 16
314 315 17
314 315 18
314 315 19
314 316 1
314 316 2
314 316 3
314 316 4
314 316 5
314 316 6
314 316 7
314 316 8
314 316 9
314 316 10
314 316 11
314 316 12
314 316 13
314 316 14
314 316 15
314 316 16
314 316 17
314 316 18
314 316 19
314 317 1
314 317 2
314 317 3
314 317 4
314 317 5
314 317 6
314 317 7
314 317 8
314 317 9
314 317 10
314 317 11
314 317 12
314 317 13
314 317 14
314 317 15
314 317 16
314 317 17
314 317 18
314 317 19
314 318 1
314 318 2
314 318 3
314 318 4
314 318 5
314 318 6
314 318 7
314 318 8
314 318 9
314 318 10
314 318 11
314 318 12
314 318 13
314 318 14
314 318 15
314 318 16
314 318 17
314 318 18
314 318 19
314 319 1
314 319 2
314 319 3
314 319 4
314 319 5
314 319 6
314 319 7
314 319 8
314 319 9
314 319 10
314 319 11
314 319 12
314 319 13
314 319 14
314 319 15
314 319 16
314 319 17
314 319 18
314 319 19
314 320 1
314 320 2
314 320 3
314 320 4
314 320 5
314 320 6
314 320 7
314 320 8
314 320 9
314 320 10
314 320 11
314 320 12
314 320 13
314 320 14
314 320 15
314 320 16
314 320 17
314 320 18
314 320 19
314 321 1
314 321 2
314 321 3
314 321 4
314 321 5
314 321 6
314 321 7
314 321 8
314 321 9
314 321 10
314 321 11
314 321 12
314 321 13
314 321 14
314 321 15
314 321 16
314 321 17
314 321 18
314 321 19
314 322 1
314 322 2
314 322 3
314 322 4
314 322 5
314 322 6
314 322 7
314 322 8
314 322 9
314 322 10
314 322 11
314 322 12
314 322 13
314 322 14
314 322 15
314 322 16
314 322 17
314 322 18
314 322 19
314 323 1
314 323 2
314 323 3
314 323 4
314 323 5
314 323 6
314 323 7
314 323 8
314 323 9
314 323 10
314 323 11
314 323 12
314 323 13
314 323 14
314 323 15
314 323 16
314 323 17
314 323 18
314 323 19
314 324 1
314 324 2
314 324 3
314 324 4
314 324 5
314 324 6
314 324 7
314 324 8
314 324 9
314 324 10
314 324 11
314 324 12
314 324 13
314 324 14
314 324 15
314 324 16
314 324 17
314 324 18
314 324 19
314 325 1
314 325 2
314 325 3
314 325 4
314 325 5
314 325 6
314 325 7
314 325 8
314 325 9
314 325 10
314 325 11
314 325 12
314 325 13
314 325 14
314 325 15
314 325 16
314 325 17
314 325 18
314 325 19
314 326 1
314 326 2
314 326 3
314 326 4
314 326 5
314 326 6
314 326 7
314 326 8
314 326 9
314 326 10
314 326 11
314 326 12
314 326 13
314 326 14
314 326 15
314 326 16
314 326 17
314 326 18
314 326 19
314 327 1
314 327 2
314 327 3
314 327 4
314 327 5
314 327 6
314 327 7
314 327 8
314 327 9
314 327 10
314 327 11
314 327 12
314 327 13
314 327 14
314 327 15
314 327 16
314 327 17
314 327 18
314 327 19
314 328 1
314 328 2
314 328 3
314 328 4
314 328 5
314 328 6
314 328 7
314 328 8
314 328 9
314 328 10
314 328 11
314 328 12
314 328 13
314 328 14
314 328 15
314 328 16
314 328 17
314 328 18
314 328 19
314 329 1
314 329 2
314 329 3
314 329 4
314 329 5
314 329 6
314 329 7
314 329 8
314 329 9
314 329 10
314 329 11
314 329 12
314 329 13
314 329 14
314 329 15
314 329 16
314 329 17
314 329 18
314 329 19
314 330 1
314 330 2
314 330 3
314 330 4
314 330 5
314 330 6
314 330 7
314 330 8
314 330 9
314 330 10
314 330 11
314 330 12
314 330 13
314 330 14
314 330 15
314 330 16
314 330 17
314 330 18
314 330 19
314 331 1
314 331 2
314 331 3
314 331 4
314 331 5
314 331 6
314 331 7
314 331 8
314 331 9
314 331 10
314 331 11
314 331 12
314 331 13
314 331 14
314 331 15
314 331 16
314 331 17
314 331 18
314 331 19
315 310 1
315 310 2
315 310 3
315 310 4
315 310 5
315 310 6
315 310 7
315 310 8
315 310 9
315 310 10
315 310 11
315 310 12
315 310 13
315 310 14
315 310 15
315 310 16
315 310 17
315 310 18
315 310 19
315 311 1
315 311 2
315 311 3
315 311 4
315 311 5
315 311 6
315 311 7
315 311 8
315 311 9
315 311 10
315 311 11
315 311 12
315 311 13
315 311 14
315 311 15
315 311 16
315 311 17
315 311 18
315 311 19
315 312 1
315 312 2
315 312 3
315 312 4
315 312 5
315 312 6
315 312 7
315 312 8
315 312 9
315 312 10
315 312 11
315 312 12
315 312 13
315 312 14
315 312 15
315 312 16
315 312 17
315 312 18
315 312 19
315 313 1
315 313 2
315 313 3
315 313 4
315 313 5
315 313 6
315 313 7
315 313 8
315 313 9
315 313 10
315 313 11
315 313 12
315 313 13
315 313 14
315 313 15
315 313 16
315 313 17
315 313 18
315 313 19
315 314 1
315 314 2
315 314 3
315 314 4
315 314 5
315 314 6
315 314 7
315 314 8
315 314 9
315 314 10
315 314 11
315 314 12
315 314 13
315 314 14
315 314 15
315 314 16
315 314 17
315 314 18
315 314 19
315 315 1
315 315 2
315 315 3
315 315 4
315 315 5
315 315 6
315 315 7
315 315 8
315 315 9
315 315 10
315 315 11
315 315 12
315 315 13
315 315 14
315 315 15
315 315 16
315 315 17
315 315 18
315 315 19
315 316 1
315 316 2
315 316 3
315 316 4
315 316 5
315 316 6
315 316 7
315 316 8
315 316 9
315 316 10
315 316 11
315 316 12
315 316 13
315 316 14
315 316 15
315 316 16
315 316 17
315 316 18
315 316 19
315 317 1
315 317 2
315 317 3
315 317 4
315 317 5
315 317 6
315 317 7
315 317 8
315 317 9
315 317 10
315 317 11
315 317 12
315 317 13
315 317 14
315 317 15
315 317 16
315 317 17
315 317 18
315 317 19
315 318 1
315 318 2
315 318 3
315 318 4
315 318 5
315 318 6
315 318 7
315 318 8
315 318 9
315 318 10
315 318 11
315 318 12
315 318 13
315 318 14
315 318 15
315 318 16
315 318 17
315 318 18
315 318 19
315 319 1
315 319 2
315 319 3
315 319 4
315 319 5
315 319 6
315 319 7
315 319 8
315 319 9
315 319 10
315 319 11
315 319 12
315 319 13
315 319 14
315 319 15
315 319 16
315 319 17
315 319 18
315 319 19
315 320 1
315 320 2
315 320 3
315 320 4
315 320 5
315 320 6
315 320 7
315 320 8
315 320 9
315 320 10
315 320 11
315 320 12
315 320 13
315 320 14
315 320 15
315 320 16
315 320 17
315 320 18
315 320 19
315 321 1
315 321 2
315 321 3
315 321 4
315 321 5
315 321 6
315 321 7
315 321 8
315 321 9
315 321 10
315 321 11
315 321 12
315 321 13
315 321 14
315 321 15
315 321 16
315 321 17
315 321 18
315 321 19
315 322 1
315 322 2
315 322 3
315 322 4
315 322 5
315 322 6
315 322 7
315 322 8
315 322 9
315 322 10
315 322 11
315 322 12
315 322 13
315 322 14
315 322 15
315 322 16
315 322 17
315 322 18
315 322 19
315 323 1
315 323 2
315 323 3
315 323 4
315 323 5
315 323 6
315 323 7
315 323 8
315 323 9
315 323 10
315 323 11
315 323 12
315 323 13
315 323 14
315 323 15
315 323 16
315 323 17
315 323 18
315 323 19
315 324 1
315 324 2
315 324 3
315 324 4
315 324 5
315 324 6
315 324 7
315 324 8
315 324 9
315 324 10
315 324 11
315 324 12
315 324 13
315 324 14
315 324 15
315 324 16
315 324 17
315 324 18
315 324 19
315 325 1
315 325 2
315 325 3
315 325 4
315 325 5
315 325 6
315 325 7
315 325 8
315 325 9
315 325 10
315 325 11
315 325 12
315 325 13
315 325 14
315 325 15
315 325 16
315 325 17
315 325 18
315 325 19
315 326 1
315 326 2
315 326 3
315 326 4
315 326 5
315 326 6
315 326 7
315 326 8
315 326 9
315 326 10
315 326 11
315 326 12
315 326 13
315 326 14
315 326 15
315 326 16
315 326 17
315 326 18
315 326 19
315 327 1
315 327 2
315 327 3
315 327 4
315 327 5
315 327 6
315 327 7
315 327 8
315 327 9
315 327 10
315 327 11
315 327 12
315 327 13
315 327 14
315 327 15
315 327 16
315 327 17
315 327 18
315 327 19
315 328 1
315 328 2
315 328 3
315 328 4
315 328 5
315 328 6
315 328 7
315 328 8
315 328 9
315 328 10
315 328 11
315 328 12
315 328 13
315 328 14
315 328 15
315 328 16
315 328 17
315 328 18
315 328 19
315 329 1
315 329 2
315 329 3
315 329 4
315 329 5
315 329 6
315 329 7
315 329 8
315 329 9
315 329 10
315 329 11
315 329 12
315 329 13
315 329 14
315 329 15
315 329 16
315 329 17
315 329 18
315 329 19
315 330 1
315 330 2
315 330 3
315 330 4
315 330 5
315 330 6
315 330 7
315 330 8
315 330 9
315 330 10
315 330 11
315 330 12
315 330 13
315 330 14
315 330 15
315 330 16
315 330 17
315 330 18
315 330 19
315 331 1
315 331 2
315 331 3
315 331 4
315 331 5
315 331 6
315 331 7
315 331 8
315 331 9
315 331 10
315 331 11
315 331 12
315 331 13
315 331 14
315 331 15
315 331 16
315 331 17
315 331 18
315 331 19
316 310 1
316 310 2
316 310 3
316 310 4
316 310 5
316 310 6
316 310 7
316 310 8
316 310 9
316 310 10
316 310 11
316 310 12
316 310 13
316 310 14
316 310 15
316 310 16
316 310 17
316 310 18
316 310 19
316 311 1
316 311 2
316 311 3
316 311 4
316 311 5
316 311 6
316 311 7
316 311 8
316 311 9
316 311 10
316 311 11
316 311 12
316 311 13
316 311 14
316 311 15
316 311 16
316 311 17
316 311 18
316 311 19
316 312 1
316 312 2
316 312 3
316 312 4
316 312 5
316 312 6
316 312 7
316 312 8
316 312 9
316 312 10
316 312 11
316 312 12
316 312 13
316 312 14
316 312 15
316 312 16
316 312 17
316 312 18
316 312 19
316 313 1
316 313 2
316 313 3
316 313 4
316 313 5
316 313 6
316 313 7
316 313 8
316 313 9
316 313 10
316 313 11
316 313 12
316 313 13
316 313 14
316 313 15
316 313 16
316 313 17
316 313 18
316 313 19
316 314 1
316 314 2
316 314 3
316 314 4
316 314 5
316 314 6
316 314 7
316 314 8
316 314 9
316 314 10
316 314 11
316 314 12
316 314 13
316 314 14
316 314 15
316 314 16
316 314 17
316 314 18
316 314 19
316 315 1
316 315 2
316 315 3
316 315 4
316 315 5
316 315 6
316 315 7
316 315 8
316 315 9
316 315 10
316 315 11
316 315 12
316 315 13
316 315 14
316 315 15
316 315 16
316 315 17
316 315 18
316 315 19
316 316 1
316 316 2
316 316 3
316 316 4
316 316 5
316 316 6
316 316 7
316 316 8
316 316 9
316 316 10
316 316 11
316 316 12
316 316 13
316 316 14
316 316 15
316 316 16
316 316 17
316 316 18
316 316 19
316 317 1
316 317 2
316 317 3
316 317 4
316 317 5
316 317 6
316 317 7
316 317 8
316 317 9
316 317 10
316 317 11
316 317 12
316 317 13
316 317 14
316 317 15
316 317 16
316 317 17
316 317 18
316 317 19
316 318 1
316 318 2
316 318 3
316 318 4
316 318 5
316 318 6
316 318 7
316 318 8
316 318 9
316 318 10
316 318 11
316 318 12
316 318 13
316 318 14
316 318 15
316 318 16
316 318 17
316 318 18
316 318 19
316 319 1
316 319 2
316 319 3
316 319 4
316 319 5
316 319 6
316 319 7
316 319 8
316 319 9
316 319 10
316 319 11
316 319 12
316 319 13
316 319 14
316 319 15
316 319 16
316 319 17
316 319 18
316 319 19
316 320 1
316 320 2
316 320 3
316 320 4
316 320 5
316 320 6
316 320 7
316 320 8
316 320 9
316 320 10
316 320 11
316 320 12
316 320 13
316 320 14
316 320 15
316 320 16
316 320 17
316 320 18
316 320 19
316 321 1
316 321 2
316 321 3
316 321 4
316 321 5
316 321 6
316 321 7
316 321 8
316 321 9
316 321 10
316 321 11
316 321 12
316 321 13
316 321 14
316 321 15
316 321 16
316 321 17
316 321 18
316 321 19
316 322 1
316 322 2
316 322 3
316 322 4
316 322 5
316 322 6
316 322 7
316 322 8
316 322 9
316 322 10
316 322 11
316 322 12
316 322 13
316 322 14
316 322 15
316 322 16
316 322 17
316 322 18
316 322 19
316 323 1
316 323 2
316 323 3
316 323 4
316 323 5
316 323 6
316 323 7
316 323 8
316 323 9
316 323 10
316 323 11
316 323 12
316 323 13
316 323 14
316 323 15
316 323 16
316 323 17
316 323 18
316 323 19
316 324 1
316 324 2
316 324 3
316 324 4
316 324 5
316 324 6
316 324 7
316 324 8
316 324 9
316 324 10
316 324 11
316 324 12
316 324 13
316 324 14
316 324 15
316 324 16
316 324 17
316 324 18
316 324 19
316 325 1
316 325 2
316 325 3
316 325 4
316 325 5
316 325 6
316 325 7
316 325 8
316 325 9
316 325 10
316 325 11
316 325 12
316 325 13
316 325 14
316 325 15
316 325 16
316 325 17
316 325 18
316 325 19
316 326 1
316 326 2
316 326 3
316 326 4
316 326 5
316 326 6
316 326 7
316 326 8
316 326 9
316 326 10
316 326 11
316 326 12
316 326 13
316 326 14
316 326 15
316 326 16
316 326 17
316 326 18
316 326 19
316 327 1
316 327 2
316 327 3
316 327 4
316 327 5
316 327 6
316 327 7
316 327 8
316 327 9
316 327 10
316 327 11
316 327 12
316 327 13
316 327 14
316 327 15
316 327 16
316 327 17
316 327 18
316 327 19
316 328 1
316 328 2
316 328 3
316 328 4
316 328 5
316 328 6
316 328 7
316 328 8
316 328 9
316 328 10
316 328 11
316 328 12
316 328 13
316 328 14
316 328 15
316 328 16
316 328 17
316 328 18
316 328 19
316 329 1
316 329 2
316 329 3
316 329 4
316 329 5
316 329 6
316 329 7
316 329 8
316 329 9
316 329 10
316 329 11
316 329 12
316 329 13
316 329 14
316 329 15
316 329 16
316 329 17
316 329 18
316 329 19
316 330 1
316 330 2
316 330 3
316 330 4
316 330 5
316 330 6
316 330 7
316 330 8
316 330 9
316 330 10
316 330 11
316 330 12
316 330 13
316 330 14
316 330 15
316 330 16
316 330 17
316 330 18
316 330 19
316 331 1
316 331 2
316 331 3
316 331 4
316 331 5
316 331 6
316 331 7
316 331 8
316 331 9
316 331 10
316 331 11
316 331 12
316 331 13
316 331 14
316 331 15
316 331 16
316 331 17
316 331 18
316 331 19
317 310 1
317 310 2
317 310 3
317 310 4
317 310 5
317 310 6
317 310 7
317 310 8
317 310 9
317 310 10
317 310 11
317 310 12
317 310 13
317 310 14
317 310 15
317 310 16
317 310 17
317 310 18
317 310 19
317 311 1
317 311 2
317 311 3
317 311 4
317 311 5
317 311 6
317 311 7
317 311 8
317 311 9
317 311 10
317 311 11
317 311 12
317 311 13
317 311 14
317 311 15
317 311 16
317 311 17
317 311 18
317 311 19
317 312 1
317 312 2
317 312 3
317 312 4
317 312 5
317 312 6
317 312 7
317 312 8
317 312 9
317 312 10
317 312 11
317 312 12
317 312 13
317 312 14
317 312 15
317 312 16
317 312 17
317 312 18
317 312 19
317 313 1
317 313 2
317 313 3
317 313 4
317 313 5
317 313 6
317 313 7
317 313 8
317 313 9
317 313 10
317 313 11
317 313 12
317 313 13
317 313 14
317 313 15
317 313 16
317 313 17
317 313 18
317 313 19
317 314 1
317 314 2
317 314 3
317 314 4
317 314 5
317 314 6
317 314 7
317 314 8
317 314 9
317 314 10
317 314 11
317 314 12
317 314 13
317 314 14
317 314 15
317 314 16
317 314 17
317 314 18
317 314 19
317 315 1
317 315 2
317 315 3
317 315 4
317 315 5
317 315 6
317 315 7
317 315 8
317 315 9
317 315 10
317 315 11
317 315 12
317 315 13
317 315 14
317 315 15
317 315 16
317 315 17
317 315 18
317 315 19
317 316 1
317 316 2
317 316 3
317 316 4
317 316 5
317 316 6
317 316 7
317 316 8
317 316 9
317 316 10
317 316 11
317 316 12
317 316 13
317 316 14
317 316 15
317 316 16
317 316 17
317 316 18
317 316 19
317 317 1
317 317 2
317 317 3
317 317 4
317 317 5
317 317 6
317 317 7
317 317 8
317 317 9
317 317 10
317 317 11
317 317 12
317 317 13
317 317 14
317 317 15
317 317 16
317 317 17
317 317 18
317 317 19
317 318 1
317 318 2
317 318 3
317 318 4
317 318 5
317 318 6
317 318 7
317 318 8
317 318 9
317 318 10
317 318 11
317 318 12
317 318 13
317 318 14
317 318 15
317 318 16
317 318 17
317 318 18
317 318 19
317 319 1
317 319 2
317 319 3
317 319 4
317 319 5
317 319 6
317 319 7
317 319 8
317 319 9
317 319 10
317 319 11
317 319 12
317 319 13
317 319 14
317 319 15
317 319 16
317 319 17
317 319 18
317 319 19
317 320 1
317 320 2
317 320 3
317 320 4
317 320 5
317 320 6
317 320 7
317 320 8
317 320 9
317 320 10
317 320 11
317 320 12
317 320 13
317 320 14
317 320 15
317 320 16
317 320 17
317 320 18
317 320 19
317 321 1
317 321 2
317 321 3
317 321 4
317 321 5
317 321 6
317 321 7
317 321 8
317 321 9
317 321 10
317 321 11
317 321 12
317 321 13
317 321 14
317 321 15
317 321 16
317 321 17
317 321 18
317 321 19
317 322 1
317 322 2
317 322 3
317 322 4
317 322 5
317 322 6
317 322 7
317 322 8
317 322 9
317 322 10
317 322 11
317 322 12
317 322 13
317 322 14
317 322 15
317 322 16
317 322 17
317 322 18
317 322 19
317 323 1
317 323 2
317 323 3
317 323 4
317 323 5
317 323 6
317 323 7
317 323 8
317 323 9
317 323 10
317 323 11
317 323 12
317 323 13
317 323 14
317 323 15
317 323 16
317 323 17
317 323 18
317 323 19
317 324 1
317 324 2
317 324 3
317 324 4
317 324 5
317 324 6
317 324 7
317 324 8
317 324 9
317 324 10
317 324 11
317 324 12
317 324 13
317 324 14
317 324 15
317 324 16
317 324 17
317 324 18
317 324 19
317 325 1
317 325 2
317 325 3
317 325 4
317 325 5
317 325 6
317 325 7
317 325 8
317 325 9
317 325 10
317 325 11
317 325 12
317 325 13
317 325 14
317 325 15
317 325 16
317 325 17
317 325 18
317 325 19
317 326 1
317 326 2
317 326 3
317 326 4
317 326 5
317 326 6
317 326 7
317 326 8
317 326 9
317 326 10
317 326 11
317 326 12
317 326 13
317 326 14
317 326 15
317 326 16
317 326 17
317 326 18
317 326 19
317 327 1
317 327 2
317 327 3
317 327 4
317 327 5
317 327 6
317 327 7
317 327 8
317 327 9
317 327 10
317 327 11
317 327 12
317 327 13
317 327 14
317 327 15
317 327 16
317 327 17
317 327 18
317 327 19
317 328 1
317 328 2
317 328 3
317 328 4
317 328 5
317 328 6
317 328 7
317 328 8
317 328 9
317 328 10
317 328 11
317 328 12
317 328 13
317 328 14
317 328 15
317 328 16
317 328 17
317 328 18
317 328 19
317 329 1
317 329 2
317 329 3
317 329 4
317 329 5
317 329 6
317 329 7
317 329 8
317 329 9
317 329 10
317 329 11
317 329 12
317 329 13
317 329 14
317 329 15
317 329 16
317 329 17
317 329 18
317 329 19
317 330 1
317 330 2
317 330 3
317 330 4
317 330 5
317 330 6
317 330 7
317 330 8
317 330 9
317 330 10
317 330 11
317 330 12
317 330 13
317 330 14
317 330 15
317 330 16
317 330 17
317 330 18
317 330 19
317 331 1
317 331 2
317 331 3
317 331 4
317 331 5
317 331 6
317 331 7
317 331 8
317 331 9
317 331 10
317 331 11
317 331 12
317 331 13
317 331 14
317 331 15
317 331 16
317 331 17
317 331 18
317 331 19
318 310 1
318 310 2
318 310 3
318 310 4
318 310 5
318 310 6
318 310 7
318 310 8
318 310 9
318 310 10
318 310 11
318 310 12
318 310 13
318 310 14
318 310 15
318 310 16
318 310 17
318 310 18
318 310 19
318 311 1
318 311 2
318 311 3
318 311 4
318 311 5
318 311 6
318 311 7
318 311 8
318 311 9
318 311 10
318 311 11
318 311 12
318 311 13
318 311 14
318 311 15
318 311 16
318 311 17
318 311 18
318 311 19
318 312 1
318 312 2
318 312 3
318 312 4
318 312 5
318 312 6
318 312 7
318 312 8
318 312 9
318 312 10
318 312 11
318 312 12
318 312 13
318 312 14
318 312 15
318 312 16
318 312 17
318 312 18
318 312 19
318 313 1
318 313 2
318 313 3
318 313 4
318 313 5
318 313 6
318 313 7
318 313 8
318 313 9
318 313 10
318 313 11
318 313 12
318 313 13
318 313 14
318 313 15
318 313 16
318 313 17
318 313 18
318 313 19
318 314 1
318 314 2
318 314 3
318 314 4
318 314 5
318 314 6
318 314 7
318 314 8
318 314 9
318 314 10
318 314 11
318 314 12
318 314 13
318 314 14
318 314 15
318 314 16
318 314 17
318 314 18
318 314 19
318 315 1
318 315 2
318 315 3
318 315 4
318 315 5
318 315 6
318 315 7
318 315 8
318 315 9
318 315 10
318 315 11
318 315 12
318 315 13
318 315 14
318 315 15
318 315 16
318 315 17
318 315 18
318 315 19
318 316 1
318 316 2
318 316 3
318 316 4
318 316 5
318 316 6
318 316 7
318 316 8
318 316 9
318 316 10
318 316 11
318 316 12
318 316 13
318 316 14
318 316 15
318 316 16
318 316 17
318 316 18
318 316 19
318 317 1
318 317 2
318 317 3
318 317 4
318 317 5
318 317 6
318 317 7
318 317 8
318 317 9
318 317 10
318 317 11
318 317 12
318 317 13
318 317 14
318 317 15
318 317 16
318 317 17
318 317 18
318 317 19
318 318 1
318 318 2
318 318 3
318 318 4
318 318 5
318 318 6
318 318 7
318 318 8
318 318 9
318 318 10
318 318 11
318 318 12
318 318 13
318 318 14
318 318 15
318 318 16
318 318 17
318 318 18
318 318 19
318 319 1
318 319 2
318 319 3
318 319 4
318 319 5
318 319 6
318 319 7
318 319 8
318 319 9
318 319 10
318 319 11
318 319 12
318 319 13
318 319 14
318 319 15
318 319 16
318 319 17
318 319 18
318 319 19
318 320 1
318 320 2
318 320 3
318 320 4
318 320 5
318 320 6
318 320 7
318 320 8
318 320 9
318 320 10
318 320 11
318 320 12
318 320 13
318 320 14
318 320 15
318 320 16
318 320 17
318 320 18
318 320 19
318 321 1
318 321 2
318 321 3
318 321 4
318 321 5
318 321 6
318 321 7
318 321 8
318 321 9
318 321 10
318 321 11
318 321 12
318 321 13
318 321 14
318 321 15
318 321 16
318 321 17
318 321 18
318 321 19
318 322 1
318 322 2
318 322 3
318 322 4
318 322 5
318 322 6
318 322 7
318 322 8
318 322 9
318 322 10
318 322 11
318 322 12
318 322 13
318 322 14
318 322 15
318 322 16
318 322 17
318 322 18
318 322 19
318 323 1
318 323 2
318 323 3
318 323 4
318 323 5
318 323 6
318 323 7
318 323 8
318 323 9
318 323 10
318 323 11
318 323 12
318 323 13
318 323 14
318 323 15
318 323 16
318 323 17
318 323 18
318 323 19
318 324 1
318 324 2
318 324 3
318 324 4
318 324 5
318 324 6
318 324 7
318 324 8
318 324 9
318 324 10
318 324 11
318 324 12
318 324 13
318 324 14
318 324 15
318 324 16
318 324 17
318 324 18
318 324 19
318 325 1
318 325 2
318 325 3
318 325 4
318 325 5
318 325 6
318 325 7
318 325 8
318 325 9
318 325 10
318 325 11
318 325 12
318 325 13
318 325 14
318 325 15
318 325 16
318 325 17
318 325 18
318 325 19
318 326 1
318 326 2
318 326 3
318 326 4
318 326 5
318 326 6
318 326 7
318 326 8
318 326 9
318 326 10
318 326 11
318 326 12
318 326 13
318 326 14
318 326 15
318 326 16
318 326 17
318 326 18
318 326 19
318 327 1
318 327 2
318 327 3
318 327 4
318 327 5
318 327 6
318 327 7
318 327 8
318 327 9
318 327 10
318 327 11
318 327 12
318 327 13
318 327 14
318 327 15
318 327 16
318 327 17
318 327 18
318 327 19
318 328 1
318 328 2
318 328 3
318 328 4
318 328 5
318 328 6
318 328 7
318 328 8
318 328 9
318 328 10
318 328 11
318 328 12
318 328 13
318 328 14
318 328 15
318 328 16
318 328 17
318 328 18
318 328 19
318 329 1
318 329 2
318 329 3
318 329 4
318 329 5
318 329 6
318 329 7
318 329 8
318 329 9
318 329 10
318 329 11
318 329 12
318 329 13
318 329 14
318 329 15
318 329 16
318 329 17
318 329 18
318 329 19
318 330 1
318 330 2
318 330 3
318 330 4
318 330 5
318 330 6
318 330 7
318 330 8
318 330 9
318 330 10
318 330 11
318 330 12
318 330 13
318 330 14
318 330 15
318 330 16
318 330 17
318 330 18
318 330 19
318 331 1
318 331 2
318 331 3
318 331 4
318 331 5
318 331 6
318 331 7
318 331 8
318 331 9
318 331 10
318 331 11
318 331 12
318 331 13
318 331 14
318 331 15
318 331 16
318 331 17
318 331 18
318 331 19
319 310 1
319 310 2
319 310 3
319 310 4
319 310 5
319 310 6
319 310 7
319 310 8
319 310 9
319 310 10
319 310 11
319 310 12
319 310 13
319 310 14
319 310 15
319 310 16
319 310 17
319 310 18
319 310 19
319 311 1
319 311 2
319 311 3
319 311 4
319 311 5
319 311 6
319 311 7
319 311 8
319 311 9
319 311 10
319 311 11
319 311 12
319 311 13
319 311 14
319 311 15
319 311 16
319 311 17
319 311 18
319 311 19
319 312 1
319 312 2
319 312 3
319 312 4
319 312 5
319 312 6
319 312 7
319 312 8
319 312 9
319 312 10
319 312 11
319 312 12
319 312 13
319 312 14
319 312 15
319 312 16
319 312 17
319 312 18
319 312 19
319 313 1
319 313 2
319 313 3
319 313 4
319 313 5
319 313 6
319 313 7
319 313 8
319 313 9
319 313 10
319 313 11
319 313 12
319 313 13
319 313 14
319 313 15
319 313 16
319 313 17
319 313 18
319 313 19
319 314 1
319 314 2
319 314 3
319 314 4
319 314 5
319 314 6
319 314 7
319 314 8
319 314 9
319 314 10
319 314 11
319 314 12
319 314 13
319 314 14
319 314 15
319 314 16
319 314 17
319 314 18
319 314 19
319 315 1
319 315 2
319 315 3
319 315 4
319 315 5
319 315 6
319 315 7
319 315 8
319 315 9
319 315 10
319 315 11
319 315 12
319 315 13
319 315 14
319 315 15
319 315 16
319 315 17
319 315 18
319 315 19
319 316 1
319 316 2
319 316 3
319 316 4
319 316 5
319 316 6
319 316 7
319 316 8
319 316 9
319 316 10
319 316 11
319 316 12
319 316 13
319 316 14
319 316 15
319 316 16
319 316 17
319 316 18
319 316 19
319 317 1
319 317 2
319 317 3
319 317 4
319 317 5
319 317 6
319 317 7
319 317 8
319 317 9
319 317 10
319 317 11
319 317 12
319 317 13
319 317 14
319 317 15
319 317 16
319 317 17
319 317 18
319 317 19
319 318 1
319 318 2
319 318 3
319 318 4
319 318 5
319 318 6
319 318 7
319 318 8
319 318 9
319 318 10
319 318 11
319 318 12
319 318 13
319 318 14
319 318 15
319 318 16
319 318 17
319 318 18
319 318 19
319 319 1
319 319 2
319 319 3
319 319 4
319 319 5
319 319 6
319 319 7
319 319 8
319 319 9
319 319 10
319 319 11
319 319 12
319 319 13
319 319 14
319 319 15
319 319 16
319 319 17
319 319 18
319 319 19
319 320 1
319 320 2
319 320 3
319 320 4
319 320 5
319 320 6
319 320 7
319 320 8
319 320 9
319 320 10
319 320 11
319 320 12
319 320 13
319 320 14
319 320 15
319 320 16
319 320 17
319 320 18
319 320 19
319 321 1
319 321 2
319 321 3
319 321 4
319 321 5
319 321 6
319 321 7
319 321 8
319 321 9
319 321 10
319 321 11
319 321 12
319 321 13
319 321 14
319 321 15
319 321 16
319 321 17
319 321 18
319 321 19
319 322 1
319 322 2
319 322 3
319 322 4
319 322 5
319 322 6
319 322 7
319 322 8
319 322 9
319 322 10
319 322 11
319 322 12
319 322 13
319 322 14
319 322 15
319 322 16
319 322 17
319 322 18
319 322 19
319 323 1
319 323 2
319 323 3
319 323 4
319 323 5
319 323 6
319 323 7
319 323 8
319 323 9
319 323 10
319 323 11
319 323 12
319 323 13
319 323 14
319 323 15
319 323 16
319 323 17
319 323 18
319 323 19
319 324 1
319 324 2
319 324 3
319 324 4
319 324 5
319 324 6
319 324 7
319 324 8
319 324 9
319 324 10
319 324 11
319 324 12
319 324 13
319 324 14
319 324 15
319 324 16
319 324 17
319 324 18
319 324 19
319 325 1
319 325 2
319 325 3
319 325 4
319 325 5
319 325 6
319 325 7
319 325 8
319 325 9
319 325 10
319 325 11
319 325 12
319 325 13
319 325 14
319 325 15
319 325 16
319 325 17
319 325 18
319 325 19
319 326 1
319 326 2
319 326 3
319 326 4
319 326 5
319 326 6
319 326 7
319 326 8
319 326 9
319 326 10
319 326 11
319 326 12
319 326 13
319 326 14
319 326 15
319 326 16
319 326 17
319 326 18
319 326 19
319 327 1
319 327 2
319 327 3
319 327 4
319 327 5
319 327 6
319 327 7
319 327 8
319 327 9
319 327 10
319 327 11
319 327 12
319 327 13
319 327 14
319 327 15
319 327 16
319 327 17
319 327 18
319 327 19
319 328 1
319 328 2
319 328 3
319 328 4
319 328 5
319 328 6
319 328 7
319 328 8
319 328 9
319 328 10
319 328 11
319 328 12
319 328 13
319 328 14
319 328 15
319 328 16
319 328 17
319 328 18
319 328 19
319 329 1
319 329 2
319 329 3
319 329 4
319 329 5
319 329 6
319 329 7
319 329 8
319 329 9
319 329 10
319 329 11
319 329 12
319 329 13
319 329 14
319 329 15
319 329 16
319 329 17
319 329 18
319 329 19
319 330 1
319 330 2
319 330 3
319 330 4
319 330 5
319 330 6
319 330 7
319 330 8
319 330 9
319 330 10
319 330 11
319 330 12
319 330 13
319 330 14
319 330 15
319 330 16
319 330 17
319 330 18
319 330 19
319 331 1
319 331 2
319 331 3
319 331 4
319 331 5
319 331 6
319 331 7
319 331 8
319 331 9
319 331 10
319 331 11
319 331 12
319 331 13
319 331 14
319 331 15
319 331 16
319 331 17
319 331 18
319 331 19
320 311 1
320 311 2
320 311 3
320 311 4
320 311 5
320 311 6
320 311 7
320 311 8
320 311 9
320 311 10
320 311 11
320 311 12
320 311 13
320 311 14
320 311 15
320 311 16
320 311 17
320 311 18
320 311 19
320 312 1
320 312 2
320 312 3
320 312 4
320 312 5
320 312 6
320 312 7
320 312 8
320 312 9
320 312 10
320 312 11
320 312 12
320 312 13
320 312 14
320 312 15
320 312 16
320 312 17
320 312 18
320 312 19
320 313 1
320 313 2
320 313 3
320 313 4
320 313 5
320 313 6
320 313 7
320 313 8
320 313 9
320 313 10
320 313 11
320 313 12
320 313 13
320 313 14
320 313 15
320 313 16
320 313 17
320 313 18
320 313 19
320 314 1
320 314 2
320 314 3
320 314 4
320 314 5
320 314 6
320 314 7
320 314 8
320 314 9
320 314 10
320 314 11
320 314 12
320 314 13
320 314 14
320 314 15
320 314 16
320 314 17
320 314 18
320 314 19
320 315 1
320 315 2
320 315 3
320 315 4
320 315 5
320 315 6
320 315 7
320 315 8
320 315 9
320 315 10
320 315 11
320 315 12
320 315 13
320 315 14
320 315 15
320 315 16
320 315 17
320 315 18
320 315 19
320 316 1
320 316 2
320 316 3
320 316 4
320 316 5
320 316 6
320 316 7
320 316 8
320 316 9
320 316 10
320 316 11
320 316 12
320 316 13
320 316 14
320 316 15
320 316 16
320 316 17
320 316 18
320 316 19
320 317 1
320 317 2
320 317 3
320 317 4
320 317 5
320 317 6
320 317 7
320 317 8
320 317 9
320 317 10
320 317 11
320 317 12
320 317 13
320 317 14
320 317 15
320 317 16
320 317 17
320 317 18
320 317 19
320 318 1
320 318 2
320 318 3
320 318 4
320 318 5
320 318 6
320 318 7
320 318 8
320 318 9
320 318 10
320 318 11
320 318 12
320 318 13
320 318 14
320 318 15
320 318 16
320 318 17
320 318 18
320 318 19
320 319 1
320 319 2
320 319 3
320 319 4
320 319 5
320 319 6
320 319 7
320 319 8
320 319 9
320 319 10
320 319 11
320 319 12
320 319 13
320 319 14
320 319 15
320 319 16
320 319 17
320 319 18
320 319 19
320 320 1
320 320 2
320 320 3
320 320 4
320 320 5
320 320 6
320 320 7
320 320 8
320 320 9
320 320 10
320 320 11
320 320 12
320 320 13
320 320 14
320 320 15
320 320 16
320 320 17
320 320 18
320 320 19
320 321 1
320 321 2
320 321 3
320 321 4
320 321 5
320 321 6
320 321 7
320 321 8
320 321 9
320 321 10
320 321 11
320 321 12
320 321 13
320 321 14
320 321 15
320 321 16
320 321 17
320 321 18
320 321 19
320 322 1
320 322 2
320 322 3
320 322 4
320 322 5
320 322 6
320 322 7
320 322 8
320 322 9
320 322 10
320 322 11
320 322 12
320 322 13
320 322 14
320 322 15
320 322 16
320 322 17
320 322 18
320 322 19
320 323 1
320 323 2
320 323 3
320 323 4
320 323 5
320 323 6
320 323 7
320 323 8
320 323 9
320 323 10
320 323 11
320 323 12
320 323 13
320 323 14
320 323 15
320 323 16
320 323 17
320 323 18
320 323 19
320 324 1
320 324 2
320 324 3
320 324 4
320 324 5
320 324 6
320 324 7
320 324 8
320 324 9
320 324 10
320 324 11
320 324 12
320 324 13
320 324 14
320 324 15
320 324 16
320 324 17
320 324 18
320 324 19
320 325 1
320 325 2
320 325 3
320 325 4
320 325 5
320 325 6
320 325 7
320 325 8
320 325 9
320 325 10
320 325 11
320 325 12
320 325 13
320 325 14
320 325 15
320 325 16
320 325 17
320 325 18
320 325 19
320 326 1
320 326 2
320 326 3
320 326 4
320 326 5
320 326 6
320 326 7
320 326 8
320 326 9
320 326 10
320 326 11
320 326 12
320 326 13
320 326 14
320 326 15
320 326 16
320 326 17
320 326 18
320 326 19
320 327 1
320 327 2
320 327 3
320 327 4
320 327 5
320 327 6
320 327 7
320 327 8
320 327 9
320 327 10
320 327 11
320 327 12
320 327 13
320 327 14
320 327 15
320 327 16
320 327 17
320 327 18
320 327 19
320 328 1
320 328 2
320 328 3
320 328 4
320 328 5
320 328 6
320 328 7
320 328 8
320 328 9
320 328 10
320 328 11
320 328 12
320 328 13
320 328 14
320 328 15
320 328 16
320 328 17
320 328 18
320 328 19
320 329 1
320 329 2
320 329 3
320 329 4
320 329 5
320 329 6
320 329 7
320 329 8
320 329 9
320 329 10
320 329 11
320 329 12
320 329 13
320 329 14
320 329 15
320 329 16
320 329 17
320 329 18
320 329 19
320 330 1
320 330 2
320 330 3
320 330 4
320 330 5
320 330 6
320 330 7
320 330 8
320 330 9
320 330 10
320 330 11
320 330 12
320 330 13
320 330 14
320 330 15
320 330 16
320 330 17
320 330 18
320 330 19
321 311 1
321 311 2
321 311 3
321 311 4
321 311 5
321 311 6
321 311 7
321 311 8
321 311 9
321 311 10
321 311 11
321 311 12
321 311 13
321 311 14
321 311 15
321 311 16
321 311 17
321 311 18
321 311 19
321 312 1
321 312 2
321 312 3
321 312 4
321 312 5
321 312 6
321 312 7
321 312 8
321 312 9
321 312 10
321 312 11
321 312 12
321 312 13
321 312 14
321 312 15
321 312 16
321 312 17
321 312 18
321 312 19
321 313 1
321 313 2
321 313 3
321 313 4
321 313 5
321 313 6
321 313 7
321 313 8
321 313 9
321 313 10
321 313 11
321 313 12
321 313 13
321 313 14
321 313 15
321 313 16
321 313 17
321 313 18
321 313 19
321 314 1
321 314 2
321 314 3
321 314 4
321 314 5
321 314 6
321 314 7
321 314 8
321 314 9
321 314 10
321 314 11
321 314 12
321 314 13
321 314 14
321 314 15
321 314 16
321 314 17
321 314 18
321 314 19
321 315 1
321 315 2
321 315 3
321 315 4
321 315 5
321 315 6
321 315 7
321 315 8
321 315 9
321 315 10
321 315 11
321 315 12
321 315 13
321 315 14
321 315 15
321 315 16
321 315 17
321 315 18
321 315 19
321 316 1
321 316 2
321 316 3
321 316 4
321 316 5
321 316 6
321 316 7
321 316 8
321 316 9
321 316 10
321 316 11
321 316 12
321 316 13
321 316 14
321 316 15
321 316 16
321 316 17
321 316 18
321 316 19
321 317 1
321 317 2
321 317 3
321 317 4
321 317 5
321 317 6
321 317 7
321 317 8
321 317 9
321 317 10
321 317 11
321 317 12
321 317 13
321 317 14
321 317 15
321 317 16
321 317 17
321 317 18
321 317 19
321 318 1
321 318 2
321 318 3
321 318 4
321 318 5
321 318 6
321 318 7
321 318 8
321 318 9
321 318 10
321 318 11
321 318 12
321 318 13
321 318 14
321 318 15
321 318 16
321 318 17
321 318 18
321 318 19
321 319 1
321 319 2
321 319 3
321 319 4
321 319 5
321 319 6
321 319 7
321 319 8
321 319 9
321 319 10
321 319 11
321 319 12
321 319 13
321 319 14
321 319 15
321 319 16
321 319 17
321 319 18
321 319 19
321 320 1
321 320 2
321 320 3
321 320 4
321 320 5
321 320 6
321 320 7
321 320 8
321 320 9
321 320 10
321 320 11
321 320 12
321 320 13
321 320 14
321 320 15
321 320 16
321 320 17
321 320 18
321 320 19
321 321 1
321 321 2
321 321 3
321 321 4
321 321 5
321 321 6
321 321 7
321 321 8
321 321 9
321 321 10
321 321 11
321 321 12
321 321 13
321 321 14
321 321 15
321 321 16
321 321 17
321 321 18
321 321 19
321 322 1
321 322 2
321 322 3
321 322 4
321 322 5
321 322 6
321 322 7
321 322 8
321 322 9
321 322 10
321 322 11
321 322 12
321 322 13
321 322 14
321 322 15
321 322 16
321 322 17
321 322 18
321 322 19
321 323 1
321 323 2
321 323 3
321 323 4
321 323 5
321 323 6
321 323 7
321 323 8
321 323 9
321 323 10
321 323 11
321 323 12
321 323 13
321 323 14
321 323 15
321 323 16
321 323 17
321 323 18
321 323 19
321 324 1
321 324 2
321 324 3
321 324 4
321 324 5
321 324 6
321 324 7
321 324 8
321 324 9
321 324 10
321 324 11
321 324 12
321 324 13
321 324 14
321 324 15
321 324 16
321 324 17
321 324 18
321 324 19
321 325 1
321 325 2
321 325 3
321 325 4
321 325 5
321 325 6
321 325 7
321 325 8
321 325 9
321 325 10
321 325 11
321 325 12
321 325 13
321 325 14
321 325 15
321 325 16
321 325 17
321 325 18
321 325 19
321 326 1
321 326 2
321 326 3
321 326 4
321 326 5
321 326 6
321 326 7
321 326 8
321 326 9
321 326 10
321 326 11
321 326 12
321 326 13
321 326 14
321 326 15
321 326 16
321 326 17
321 326 18
321 326 19
321 327 1
321 327 2
321 327 3
321 327 4
321 327 5
321 327 6
321 327 7
321 327 8
321 327 9
321 327 10
321 327 11
321 327 12
321 327 13
321 327 14
321 327 15
321 327 16
321 327 17
321 327 18
321 327 19
321 328 1
321 328 2
321 328 3
321 328 4
321 328 5
321 328 6
321 328 7
321 328 8
321 328 9
321 328 10
321 328 11
321 328 12
321 328 13
321 328 14
321 328 15
321 328 16
321 328 17
321 328 18
321 328 19
321 329 1
321 329 2
321 329 3
321 329 4
321 329 5
321 329 6
321 329 7
321 329 8
321 329 9
321 329 10
321 329 11
321 329 12
321 329 13
321 329 14
321 329 15
321 329 16
321 329 17
321 329 18
321 329 19
321 330 1
321 330 2
321 330 3
321 330 4
321 330 5
321 330 6
321 330 7
321 330 8
321 330 9
321 330 10
321 330 11
321 330 12
321 330 13
321 330 14
321 330 15
321 330 16
321 330 17
321 330 18
321 330 19
322 311 1
322 311 2
322 311 3
322 311 4
322 311 5
322 311 6
322 311 7
322 311 8
322 311 9
322 311 10
322 311 11
322 311 12
322 311 13
322 311 14
322 311 15
322 311 16
322 311 17
322 311 18
322 311 19
322 312 1
322 312 2
322 312 3
322 312 4
322 312 5
322 312 6
322 312 7
322 312 8
322 312 9
322 312 10
322 312 11
322 312 12
322 312 13
322 312 14
322 312 15
322 312 16
322 312 17
322 312 18
322 312 19
322 313 1
322 313 2
322 313 3
322 313 4
322 313 5
322 313 6
322 313 7
322 313 8
322 313 9
322 313 10
322 313 11
322 313 12
322 313 13
322 313 14
322 313 15
322 313 16
322 313 17
322 313 18
322 313 19
322 314 1
322 314 2
322 314 3
322 314 4
322 314 5
322 314 6
322 314 7
322 314 8
322 314 9
322 314 10
322 314 11
322 314 12
322 314 13
322 314 14
322 314 15
322 314 16
322 314 17
322 314 18
322 314 19
322 315 1
322 315 2
322 315 3
322 315 4
322 315 5
322 315 6
322 315 7
322 315 8
322 315 9
322 315 10
322 315 11
322 315 12
322 315 13
322 315 14
322 315 15
322 315 16
322 315 17
322 315 18
322 315 19
322 316 1
322 316 2
322 316 3
322 316 4
322 316 5
322 316 6
322 316 7
322 316 8
322 316 9
322 316 10
322 316 11
322 316 12
322 316 13
322 316 14
322 316 15
322 316 16
322 316 17
322 316 18
322 316 19
322 317 1
322 317 2
322 317 3
322 317 4
322 317 5
322 317 6
322 317 7
322 317 8
322 317 9
322 317 10
322 317 11
322 317 12
322 317 13
322 317 14
322 317 15
322 317 16
322 317 17
322 317 18
322 317 19
322 318 1
322 318 2
322 318 3
322 318 4
322 318 5
322 318 6
322 318 7
322 318 8
322 318 9
322 318 10
322 318 11
322 318 12
322 318 13
322 318 14
322 318 15
322 318 16
322 318 17
322 318 18
322 318 19
322 319 1
322 319 2
322 319 3
322 319 4
322 319 5
322 319 6
322 319 7
322 319 8
322 319 9
322 319 10
322 319 11
322 319 12
322 319 13
322 319 14
322 319 15
322 319 16
322 319 17
322 319 18
322 319 19
322 320 1
322 320 2
322 320 3
322 320 4
322 320 5
322 320 6
322 320 7
322 320 8
322 320 9
322 320 10
322 320 11
322 320 12
322 320 13
322 320 14
322 320 15
322 320 16
322 320 17
322 320 18
322 320 19
322 321 1
322 321 2
322 321 3
322 321 4
322 321 5
322 321 6
322 321 7
322 321 8
322 321 9
322 321 10
322 321 11
322 321 12
322 321 13
322 321 14
322 321 15
322 321 16
322 321 17
322 321 18
322 321 19
322 322 1
322 322 2
322 322 3
322 322 4
322 322 5
322 322 6
322 322 7
322 322 8
322 322 9
322 322 10
322 322 11
322 322 12
322 322 13
322 322 14
322 322 15
322 322 16
322 322 17
322 322 18
322 322 19
322 323 1
322 323 2
322 323 3
322 323 4
322 323 5
322 323 6
322 323 7
322 323 8
322 323 9
322 323 10
322 323 11
322 323 12
322 323 13
322 323 14
322 323 15
322 323 16
322 323 17
322 323 18
322 323 19
322 324 1
322 324 2
322 324 3
322 324 4
322 324 5
322 324 6
322 324 7
322 324 8
322 324 9
322 324 10
322 324 11
322 324 12
322 324 13
322 324 14
322 324 15
322 324 16
322 324 17
322 324 18
322 324 19
322 325 1
322 325 2
322 325 3
322 325 4
322 325 5
322 325 6
322 325 7
322 325 8
322 325 9
322 325 10
322 325 11
322 325 12
322 325 13
322 325 14
322 325 15
322 325 16
322 325 17
322 325 18
322 325 19
322 326 1
322 326 2
322 326 3
322 326 4
322 326 5
322 326 6
322 326 7
322 326 8
322 326 9
322 326 10
322 326 11
322 326 12
322 326 13
322 326 14
322 326 15
322 326 16
322 326 17
322 326 18
322 326 19
322 327 1
322 327 2
322 327 3
322 327 4
322 327 5
322 327 6
322 327 7
322 327 8
322 327 9
322 327 10
322 327 11
322 327 12
322 327 13
322 327 14
322 327 15
322 327 16
322 327 17
322 327 18
322 327 19
322 328 1
322 328 2
322 328 3
322 328 4
322 328 5
322 328 6
322 328 7
322 328 8
322 328 9
322 328 10
322 328 11
322 328 12
322 328 13
322 328 14
322 328 15
322 328 16
322 328 17
322 328 18
322 328 19
322 329 1
322 329 2
322 329 3
322 329 4
322 329 5
322 329 6
322 329 7
322 329 8
322 329 9
322 329 10
322 329 11
322 329 12
322 329 13
322 329 14
322 329 15
322 329 16
322 329 17
322 329 18
322 329 19
322 330 1
322 330 2
322 330 3
322 330 4
322 330 5
322 330 6
322 330 7
322 330 8
322 330 9
322 330 10
322 330 11
322 330 12
322 330 13
322 330 14
322 330 15
322 330 16
322 330 17
322 330 18
322 330 19
323 311 1
323 311 2
323 311 3
323 311 4
323 311 5
323 311 6
323 311 7
323 311 8
323 311 9
323 311 10
323 311 11
323 311 12
323 311 13
323 311 14
323 311 15
323 311 16
323 311 17
323 311 18
323 311 19
323 312 1
323 312 2
323 312 3
323 312 4
323 312 5
323 312 6
323 312 7
323 312 8
323 312 9
323 312 10
323 312 11
323 312 12
323 312 13
323 312 14
323 312 15
323 312 16
323 312 17
323 312 18
323 312 19
323 313 1
323 313 2
323 313 3
323 313 4
323 313 5
323 313 6
323 313 7
323 313 8
323 313 9
323 313 10
323 313 11
323 313 12
323 313 13
323 313 14
323 313 15
323 313 16
323 313 17
323 313 18
323 313 19
323 314 1
323 314 2
323 314 3
323 314 4
323 314 5
323 314 6
323 314 7
323 314 8
323 314 9
323 314 10
323 314 11
323 314 12
323 314 13
323 314 14
323 314 15
323 314 16
323 314 17
323 314 18
323 314 19
323 315 1
323 315 2
323 315 3
323 315 4
323 315 5
323 315 6
323 315 7
323 315 8
323 315 9
323 315 10
323 315 11
323 315 12
323 315 13
323 315 14
323 315 15
323 315 16
323 315 17
323 315 18
323 315 19
323 316 1
323 316 2
323 316 3
323 316 4
323 316 5
323 316 6
323 316 7
323 316 8
323 316 9
323 316 10
323 316 11
323 316 12
323 316 13
323 316 14
323 316 15
323 316 16
323 316 17
323 316 18
323 316 19
323 317 1
323 317 2
323 317 3
323 317 4
323 317 5
323 317 6
323 317 7
323 317 8
323 317 9
323 317 10
323 317 11
323 317 12
323 317 13
323 317 14
323 317 15
323 317 16
323 317 17
323 317 18
323 317 19
323 318 1
323 318 2
323 318 3
323 318 4
323 318 5
323 318 6
323 318 7
323 318 8
323 318 9
323 318 10
323 318 11
323 318 12
323 318 13
323 318 14
323 318 15
323 318 16
323 318 17
323 318 18
323 318 19
323 319 1
323 319 2
323 319 3
323 319 4
323 319 5
323 319 6
323 319 7
323 319 8
323 319 9
323 319 10
323 319 11
323 319 12
323 319 13
323 319 14
323 319 15
323 319 16
323 319 17
323 319 18
323 319 19
323 320 1
323 320 2
323 320 3
323 320 4
323 320 5
323 320 6
323 320 7
323 320 8
323 320 9
323 320 10
323 320 11
323 320 12
323 320 13
323 320 14
323 320 15
323 320 16
323 320 17
323 320 18
323 320 19
323 321 1
323 321 2
323 321 3
323 321 4
323 321 5
323 321 6
323 321 7
323 321 8
323 321 9
323 321 10
323 321 11
323 321 12
323 321 13
323 321 14
323 321 15
323 321 16
323 321 17
323 321 18
323 321 19
323 322 1
323 322 2
323 322 3
323 322 4
323 322 5
323 322 6
323 322 7
323 322 8
323 322 9
323 322 10
323 322 11
323 322 12
323 322 13
323 322 14
323 322 15
323 322 16
323 322 17
323 322 18
323 322 19
323 323 1
323 323 2
323 323 3
323 323 4
323 323 5
323 323 6
323 323 7
323 323 8
323 323 9
323 323 10
323 323 11
323 323 12
323 323 13
323 323 14
323 323 15
323 323 16
323 323 17
323 323 18
323 323 19
323 324 1
323 324 2
323 324 3
323 324 4
323 324 5
323 324 6
323 324 7
323 324 8
323 324 9
323 324 10
323 324 11
323 324 12
323 324 13
323 324 14
323 324 15
323 324 16
323 324 17
323 324 18
323 324 19
323 325 1
323 325 2
323 325 3
323 325 4
323 325 5
323 325 6
323 325 7
323 325 8
323 325 9
323 325 10
323 325 11
323 325 12
323 325 13
323 325 14
323 325 15
323 325 16
323 325 17
323 325 18
323 325 19
323 326 1
323 326 2
323 326 3
323 326 4
323 326 5
323 326 6
323 326 7
323 326 8
323 326 9
323 326 10
323 326 11
323 326 12
323 326 13
323 326 14
323 326 15
323 326 16
323 326 17
323 326 18
323 326 19
323 327 1
323 327 2
323 327 3
323 327 4
323 327 5
323 327 6
323 327 7
323 327 8
323 327 9
323 327 10
323 327 11
323 327 12
323 327 13
323 327 14
323 327 15
323 327 16
323 327 17
323 327 18
323 327 19
323 328 1
323 328 2
323 328 3
323 328 4
323 328 5
323 328 6
323 328 7
323 328 8
323 328 9
323 328 10
323 328 11
323 328 12
323 328 13
323 328 14
323 328 15
323 328 16
323 328 17
323 328 18
323 328 19
323 329 1
323 329 2
323 329 3
323 329 4
323 329 5
323 329 6
323 329 7
323 329 8
323 329 9
323 329 10
323 329 11
323 329 12
323 329 13
323 329 14
323 329 15
323 329 16
323 329 17
323 329 18
323 329 19
323 330 1
323 330 2
323 330 3
323 330 4
323 330 5
323 330 6
323 330 7
323 330 8
323 330 9
323 330 10
323 330 11
323 330 12
323 330 13
323 330 14
323 330 15
323 330 16
323 330 17
323 330 18
323 330 19
324 311 1
324 311 2
324 311 3
324 311 4
324 311 5
324 311 6
324 311 7
324 311 8
324 311 9
324 311 10
324 311 11
324 311 12
324 311 13
324 311 14
324 311 15
324 311 16
324 311 17
324 311 18
324 311 19
324 312 1
324 312 2
324 312 3
324 312 4
324 312 5
324 312 6
324 312 7
324 312 8
324 312 9
324 312 10
324 312 11
324 312 12
324 312 13
324 312 14
324 312 15
324 312 16
324 312 17
324 312 18
324 312 19
324 313 1
324 313 2
324 313 3
324 313 4
324 313 5
324 313 6
324 313 7
324 313 8
324 313 9
324 313 10
324 313 11
324 313 12
324 313 13
324 313 14
324 313 15
324 313 16
324 313 17
324 313 18
324 313 19
324 314 1
324 314 2
324 314 3
324 314 4
324 314 5
324 314 6
324 314 7
324 314 8
324 314 9
324 314 10
324 314 11
324 314 12
324 314 13
324 314 14
324 314 15
324 314 16
324 314 17
324 314 18
324 314 19
324 315 1
324 315 2
324 315 3
324 315 4
324 315 5
324 315 6
324 315 7
324 315 8
324 315 9
324 315 10
324 315 11
324 315 12
324 315 13
324 315 14
324 315 15
324 315 16
324 315 17
324 315 18
324 315 19
324 316 1
324 316 2
324 316 3
324 316 4
324 316 5
324 316 6
324 316 7
324 316 8
324 316 9
324 316 10
324 316 11
324 316 12
324 316 13
324 316 14
324 316 15
324 316 16
324 316 17
324 316 18
324 316 19
324 317 1
324 317 2
324 317 3
324 317 4
324 317 5
324 317 6
324 317 7
324 317 8
324 317 9
324 317 10
324 317 11
324 317 12
324 317 13
324 317 14
324 317 15
324 317 16
324 317 17
324 317 18
324 317 19
324 318 1
324 318 2
324 318 3
324 318 4
324 318 5
324 318 6
324 318 7
324 318 8
324 318 9
324 318 10
324 318 11
324 318 12
324 318 13
324 318 14
324 318 15
324 318 16
324 318 17
324 318 18
324 318 19
324 319 1
324 319 2
324 319 3
324 319 4
324 319 5
324 319 6
324 319 7
324 319 8
324 319 9
324 319 10
324 319 11
324 319 12
324 319 13
324 319 14
324 319 15
324 319 16
324 319 17
324 319 18
324 319 19
324 320 1
324 320 2
324 320 3
324 320 4
324 320 5
324 320 6
324 320 7
324 320 8
324 320 9
324 320 10
324 320 11
324 320 12
324 320 13
324 320 14
324 320 15
324 320 16
324 320 17
324 320 18
324 320 19
324 321 1
324 321 2
324 321 3
324 321 4
324 321 5
324 321 6
324 321 7
324 321 8
324 321 9
324 321 10
324 321 11
324 321 12
324 321 13
324 321 14
324 321 15
324 321 16
324 321 17
324 321 18
324 321 19
324 322 1
324 322 2
324 322 3
324 322 4
324 322 5
324 322 6
324 322 7
324 322 8
324 322 9
324 322 10
324 322 11
324 322 12
324 322 13
324 322 14
324 322 15
324 322 16
324 322 17
324 322 18
324 322 19
324 323 1
324 323 2
324 323 3
324 323 4
324 323 5
324 323 6
324 323 7
324 323 8
324 323 9
324 323 10
324 323 11
324 323 12
324 323 13
324 323 14
324 323 15
324 323 16
324 323 17
324 323 18
324 323 19
324 324 1
324 324 2
324 324 3
324 324 4
324 324 5
324 324 6
324 324 7
324 324 8
324 324 9
324 324 10
324 324 11
324 324 12
324 324 13
324 324 14
324 324 15
324 324 16
324 324 17
324 324 18
324 324 19
324 325 1
324 325 2
324 325 3
324 325 4
324 325 5
324 325 6
324 325 7
324 325 8
324 325 9
324 325 10
324 325 11
324 325 12
324 325 13
324 325 14
324 325 15
324 325 16
324 325 17
324 325 18
324 325 19
324 326 1
324 326 2
324 326 3
324 326 4
324 326 5
324 326 6
324 326 7
324 326 8
324 326 9
324 326 10
324 326 11
324 326 12
324 326 13
324 326 14
324 326 15
324 326 16
324 326 17
324 326 18
324 326 19
324 327 1
324 327 2
324 327 3
324 327 4
324 327 5
324 327 6
324 327 7
324 327 8
324 327 9
324 327 10
324 327 11
324 327 12
324 327 13
324 327 14
324 327 15
324 327 16
324 327 17
324 327 18
324 327 19
324 328 1
324 328 2
324 328 3
324 328 4
324 328 5
324 328 6
324 328 7
324 328 8
324 328 9
324 328 10
324 328 11
324 328 12
324 328 13
324 328 14
324 328 15
324 328 16
324 328 17
324 328 18
324 328 19
324 329 1
324 329 2
324 329 3
324 329 4
324 329 5
324 329 6
324 329 7
324 329 8
324 329 9
324 329 10
324 329 11
324 329 12
324 329 13
324 329 14
324 329 15
324 329 16
324 329 17
324 329 18
324 329 19
324 330 1
324 330 2
324 330 3
324 330 4
324 330 5
324 330 6
324 330 7
324 330 8
324 330 9
324 330 10
324 330 11
324 330 12
324 330 13
324 330 14
324 330 15
324 330 16
324 330 17
324 330 18
324 330 19
325 311 1
325 311 2
325 311 3
325 311 4
325 311 5
325 311 6
325 311 7
325 311 8
325 311 9
325 311 10
325 311 11
325 311 12
325 311 13
325 311 14
325 311 15
325 311 16
325 311 17
325 311 18
325 311 19
325 312 1
325 312 2
325 312 3
325 312 4
325 312 5
325 312 6
325 312 7
325 312 8
325 312 9
325 312 10
325 312 11
325 312 12
325 312 13
325 312 14
325 312 15
325 312 16
325 312 17
325 312 18
325 312 19
325 313 1
325 313 2
325 313 3
325 313 4
325 313 5
325 313 6
325 313 7
325 313 8
325 313 9
325 313 10
325 313 11
325 313 12
325 313 13
325 313 14
325 313 15
325 313 16
325 313 17
325 313 18
325 313 19
325 314 1
325 314 2
325 314 3
325 314 4
325 314 5
325 314 6
325 314 7
325 314 8
325 314 9
325 314 10
325 314 11
325 314 12
325 314 13
325 314 14
325 314 15
325 314 16
325 314 17
325 314 18
325 314 19
325 315 1
325 315 2
325 315 3
325 315 4
325 315 5
325 315 6
325 315 7
325 315 8
325 315 9
325 315 10
325 315 11
325 315 12
325 315 13
325 315 14
325 315 15
325 315 16
325 315 17
325 315 18
325 315 19
325 316 1
325 316 2
325 316 3
325 316 4
325 316 5
325 316 6
325 316 7
325 316 8
325 316 9
325 316 10
325 316 11
325 316 12
325 316 13
325 316 14
325 316 15
325 316 16
325 316 17
325 316 18
325 316 19
325 317 1
325 317 2
325 317 3
325 317 4
325 317 5
325 317 6
325 317 7
325 317 8
325 317 9
325 317 10
325 317 11
325 317 12
325 317 13
325 317 14
325 317 15
325 317 16
325 317 17
325 317 18
325 317 19
325 318 1
325 318 2
325 318 3
325 318 4
325 318 5
325 318 6
325 318 7
325 318 8
325 318 9
325 318 10
325 318 11
325 318 12
325 318 13
325 318 14
325 318 15
325 318 16
325 318 17
325 318 18
325 318 19
325 319 1
325 319 2
325 319 3
325 319 4
325 319 5
325 319 6
325 319 7
325 319 8
325 319 9
325 319 10
325 319 11
325 319 12
325 319 13
325 319 14
325 319 15
325 319 16
325 319 17
325 319 18
325 319 19
325 320 1
325 320 2
325 320 3
325 320 4
325 320 5
325 320 6
325 320 7
325 320 8
325 320 9
325 320 10
325 320 11
325 320 12
325 320 13
325 320 14
325 320 15
325 320 16
325 320 17
325 320 18
325 320 19
325 321 1
325 321 2
325 321 3
325 321 4
325 321 5
325 321 6
325 321 7
325 321 8
325 321 9
325 321 10
325 321 11
325 321 12
325 321 13
325 321 14
325 321 15
325 321 16
325 321 17
325 321 18
325 321 19
325 322 1
325 322 2
325 322 3
325 322 4
325 322 5
325 322 6
325 322 7
325 322 8
325 322 9
325 322 10
325 322 11
325 322 12
325 322 13
325 322 14
325 322 15
325 322 16
325 322 17
325 322 18
325 322 19
325 323 1
325 323 2
325 323 3
325 323 4
325 323 5
325 323 6
325 323 7
325 323 8
325 323 9
325 323 10
325 323 11
325 323 12
325 323 13
325 323 14
325 323 15
325 323 16
325 323 17
325 323 18
325 323 19
325 324 1
325 324 2
325 324 3
325 324 4
325 324 5
325 324 6
325 324 7
325 324 8
325 324 9
325 324 10
325 324 11
325 324 12
325 324 13
325 324 14
325 324 15
325 324 16
325 324 17
325 324 18
325 324 19
325 325 1
325 325 2
325 325 3
325 325 4
325 325 5
325 325 6
325 325 7
325 325 8
325 325 9
325 325 10
325 325 11
325 325 12
325 325 13
325 325 14
325 325 15
325 325 16
325 325 17
325 325 18
325 325 19
325 326 1
325 326 2
325 326 3
325 326 4
325 326 5
325 326 6
325 326 7
325 326 8
325 326 9
325 326 10
325 326 11
325 326 12
325 326 13
325 326 14
325 326 15
325 326 16
325 326 17
325 326 18
325 326 19
325 327 1
325 327 2
325 327 3
325 327 4
325 327 5
325 327 6
325 327 7
325 327 8
325 327 9
325 327 10
325 327 11
325 327 12
325 327 13
325 327 14
325 327 15
325 327 16
325 327 17
325 327 18
325 327 19
325 328 1
325 328 2
325 328 3
325 328 4
325 328 5
325 328 6
325 328 7
325 328 8
325 328 9
325 328 10
325 328 11
325 328 12
325 328 13
325 328 14
325 328 15
325 328 16
325 328 17
325 328 18
325 328 19
325 329 1
325 329 2
325 329 3
325 329 4
325 329 5
325 329 6
325 329 7
325 329 8
325 329 9
325 329 10
325 329 11
325 329 12
325 329 13
325 329 14
325 329 15
325 329 16
325 329 17
325 329 18
325 329 19
325 330 1
325 330 2
325 330 3
325 330 4
325 330 5
325 330 6
325 330 7
325 330 8
325 330 9
325 330 10
325 330 11
325 330 12
325 330 13
325 330 14
325 330 15
325 330 16
325 330 17
325 330 18
325 330 19
326 312 1
326 312 2
326 312 3
326 312 4
326 312 5
326 312 6
326 312 7
326 312 8
326 312 9
326 312 10
326 312 11
326 312 12
326 312 13
326 312 14
326 312 15
326 312 16
326 312 17
326 312 18
326 312 19
326 313 1
326 313 2
326 313 3
326 313 4
326 313 5
326 313 6
326 313 7
326 313 8
326 313 9
326 313 10
326 313 11
326 313 12
326 313 13
326 313 14
326 313 15
326 313 16
326 313 17
326 313 18
326 313 19
326 314 1
326 314 2
326 314 3
326 314 4
326 314 5
326 314 6
326 314 7
326 314 8
326 314 9
326 314 10
326 314 11
326 314 12
326 314 13
326 314 14
326 314 15
326 314 16
326 314 17
326 314 18
326 314 19
326 315 1
326 315 2
326 315 3
326 315 4
326 315 5
326 315 6
326 315 7
326 315 8
326 315 9
326 315 10
326 315 11
326 315 12
326 315 13
326 315 14
326 315 15
326 315 16
326 315 17
326 315 18
326 315 19
326 316 1
326 316 2
326 316 3
326 316 4
326 316 5
326 316 6
326 316 7
326 316 8
326 316 9
326 316 10
326 316 11
326 316 12
326 316 13
326 316 14
326 316 15
326 316 16
326 316 17
326 316 18
326 316 19
326 317 1
326 317 2
326 317 3
326 317 4
326 317 5
326 317 6
326 317 7
326 317 8
326 317 9
326 317 10
326 317 11
326 317 12
326 317 13
326 317 14
326 317 15
326 317 16
326 317 17
326 317 18
326 317 19
326 318 1
326 318 2
326 318 3
326 318 4
326 318 5
326 318 6
326 318 7
326 318 8
326 318 9
326 318 10
326 318 11
326 318 12
326 318 13
326 318 14
326 318 15
326 318 16
326 318 17
326 318 18
326 318 19
326 319 1
326 319 2
326 319 3
326 319 4
326 319 5
326 319 6
326 319 7
326 319 8
326 319 9
326 319 10
326 319 11
326 319 12
326 319 13
326 319 14
326 319 15
326 319 16
326 319 17
326 319 18
326 319 19
326 320 1
326 320 2
326 320 3
326 320 4
326 320 5
326 320 6
326 320 7
326 320 8
326 320 9
326 320 10
326 320 11
326 320 12
326 320 13
326 320 14
326 320 15
326 320 16
326 320 17
326 320 18
326 320 19
326 321 1
326 321 2
326 321 3
326 321 4
326 321 5
326 321 6
326 321 7
326 321 8
326 321 9
326 321 10
326 321 11
326 321 12
326 321 13
326 321 14
326 321 15
326 321 16
326 321 17
326 321 18
326 321 19
326 322 1
326 322 2
326 322 3
326 322 4
326 322 5
326 322 6
326 322 7
326 322 8
326 322 9
326 322 10
326 322 11
326 322 12
326 322 13
326 322 14
326 322 15
326 322 16
326 322 17
326 322 18
326 322 19
326 323 1
326 323 2
326 323 3
326 323 4
326 323 5
326 323 6
326 323 7
326 323 8
326 323 9
326 323 10
326 323 11
326 323 12
326 323 13
326 323 14
326 323 15
326 323 16
326 323 17
326 323 18
326 323 19
326 324 1
326 324 2
326 324 3
326 324 4
326 324 5
326 324 6
326 324 7
326 324 8
326 324 9
326 324 10
326 324 11
326 324 12
326 324 13
326 324 14
326 324 15
326 324 16
326 324 17
326 324 18
326 324 19
326 325 1
326 325 2
326 325 3
326 325 4
326 325 5
326 325 6
326 325 7
326 325 8
326 325 9
326 325 10
326 325 11
326 325 12
326 325 13
326 325 14
326 325 15
326 325 16
326 325 17
326 325 18
326 325 19
326 326 1
326 326 2
326 326 3
326 326 4
326 326 5
326 326 6
326 326 7
326 326 8
326 326 9
326 326 10
326 326 11
326 326 12
326 326 13
326 326 14
326 326 15
326 326 16
326 326 17
326 326 18
326 326 19
326 327 1
326 327 2
326 327 3
326 327 4
326 327 5
326 327 6
326 327 7
326 327 8
326 327 9
326 327 10
326 327 11
326 327 12
326 327 13
326 327 14
326 327 15
326 327 16
326 327 17
326 327 18
326 327 19
326 328 1
326 328 2
326 328 3
326 328 4
326 328 5
326 328 6
326 328 7
326 328 8
326 328 9
326 328 10
326 328 11
326 328 12
326 328 13
326 328 14
326 328 15
326 328 16
326 328 17
326 328 18
326 328 19
326 329 1
326 329 2
326 329 3
326 329 4
326 329 5
326 329 6
326 329 7
326 329 8
326 329 9
326 329 10
326 329 11
326 329 12
326 329 13
326 329 14
326 329 15
326 329 16
326 329 17
326 329 18
326 329 19
327 312 1
327 312 2
327 312 3
327 312 4
327 312 5
327 312 6
327 312 7
327 312 8
327 312 9
327 312 10
327 312 11
327 312 12
327 312 13
327 312 14
327 312 15
327 312 16
327 312 17
327 312 18
327 312 19
327 313 1
327 313 2
327 313 3
327 313 4
327 313 5
327 313 6
327 313 7
327 313 8
327 313 9
327 313 10
327 313 11
327 313 12
327 313 13
327 313 14
327 313 15
327 313 16
327 313 17
327 313 18
327 313 19
327 314 1
327 314 2
327 314 3
327 314 4
327 314 5
327 314 6
327 314 7
327 314 8
327 314 9
327 314 10
327 314 11
327 314 12
327 314 13
327 314 14
327 314 15
327 314 16
327 314 17
327 314 18
327 314 19
327 315 1
327 315 2
327 315 3
327 315 4
327 315 5
327 315 6
327 315 7
327 315 8
327 315 9
327 315 10
327 315 11
327 315 12
327 315 13
327 315 14
327 315 15
327 315 16
327 315 17
327 315 18
327 315 19
327 316 1
327 316 2
327 316 3
327 316 4
327 316 5
327 316 6
327 316 7
327 316 8
327 316 9
327 316 10
327 316 11
327 316 12
327 316 13
327 316 14
327 316 15
327 316 16
327 316 17
327 316 18
327 316 19
327 317 1
327 317 2
327 317 3
327 317 4
327 317 5
327 317 6
327 317 7
327 317 8
327 317 9
327 317 10
327 317 11
327 317 12
327 317 13
327 317 14
327 317 15
327 317 16
327 317 17
327 317 18
327 317 19
327 318 1
327 318 2
327 318 3
327 318 4
327 318 5
327 318 6
327 318 7
327 318 8
327 318 9
327 318 10
327 318 11
327 318 12
327 318 13
327 318 14
327 318 15
327 318 16
327 318 17
327 318 18
327 318 19
327 319 1
327 319 2
327 319 3
327 319 4
327 319 5
327 319 6
327 319 7
327 319 8
327 319 9
327 319 10
327 319 11
327 319 12
327 319 13
327 319 14
327 319 15
327 319 16
327 319 17
327 319 18
327 319 19
327 320 1
327 320 2
327 320 3
327 320 4
327 320 5
327 320 6
327 320 7
327 320 8
327 320 9
327 320 10
327 320 11
327 320 12
327 320 13
327 320 14
327 320 15
327 320 16
327 320 17
327 320 18
327 320 19
327 321 1
327 321 2
327 321 3
327 321 4
327 321 5
327 321 6
327 321 7
327 321 8
327 321 9
327 321 10
327 321 11
327 321 12
327 321 13
327 321 14
327 321 15
327 321 16
327 321 17
327 321 18
327 321 19
327 322 1
327 322 2
327 322 3
327 322 4
327 322 5
327 322 6
327 322 7
327 322 8
327 322 9
327 322 10
327 322 11
327 322 12
327 322 13
327 322 14
327 322 15
327 322 16
327 322 17
327 322 18
327 322 19
327 323 1
327 323 2
327 323 3
327 323 4
327 323 5
327 323 6
327 323 7
327 323 8
327 323 9
327 323 10
327 323 11
327 323 12
327 323 13
327 323 14
327 323 15
327 323 16
327 323 17
327 323 18
327 323 19
327 324 1
327 324 2
327 324 3
327 324 4
327 324 5
327 324 6
327 324 7
327 324 8
327 324 9
327 324 10
327 324 11
327 324 12
327 324 13
327 324 14
327 324 15
327 324 16
327 324 17
327 324 18
327 324 19
327 325 1
327 325 2
327 325 3
327 325 4
327 325 5
327 325 6
327 325 7
327 325 8
327 325 9
327 325 10
327 325 11
327 325 12
327 325 13
327 325 14
327 325 15
327 325 16
327 325 17
327 325 18
327 325 19
327 326 1
327 326 2
327 326 3
327 326 4
327 326 5
327 326 6
327 326 7
327 326 8
327 326 9
327 326 10
327 326 11
327 326 12
327 326 13
327 326 14
327 326 15
327 326 16
327 326 17
327 326 18
327 326 19
327 327 1
327 327 2
327 327 3
327 327 4
327 327 5
327 327 6
327 327 7
327 327 8
327 327 9
327 327 10
327 327 11
327 327 12
327 327 13
327 327 14
327 327 15
327 327 16
327 327 17
327 327 18
327 327 19
327 328 1
327 328 2
327 328 3
327 328 4
327 328 5
327 328 6
327 328 7
327 328 8
327 328 9
327 328 10
327 328 11
327 328 12
327 328 13
327 328 14
327 328 15
327 328 16
327 328 17
327 328 18
327 328 19
327 329 1
327 329 2
327 329 3
327 329 4
327 329 5
327 329 6
327 329 7
327 329 8
327 329 9
327 329 10
327 329 11
327 329 12
327 329 13
327 329 14
327 329 15
327 329 16
327 329 17
327 329 18
327 329 19
328 312 1
328 312 2
328 312 3
328 312 4
328 312 5
328 312 6
328 312 7
328 312 8
328 312 9
328 312 10
328 312 11
328 312 12
328 312 13
328 312 14
328 312 15
328 312 16
328 312 17
328 312 18
328 312 19
328 313 1
328 313 2
328 313 3
328 313 4
328 313 5
328 313 6
328 313 7
328 313 8
328 313 9
328 313 10
328 313 11
328 313 12
328 313 13
328 313 14
328 313 15
328 313 16
328 313 17
328 313 18
328 313 19
328 314 1
328 314 2
328 314 3
328 314 4
328 314 5
328 314 6
328 314 7
328 314 8
328 314 9
328 314 10
328 314 11
328 314 12
328 314 13
328 314 14
328 314 15
328 314 16
328 314 17
328 314 18
328 314 19
328 315 1
328 315 2
328 315 3
328 315 4
328 315 5
328 315 6
328 315 7
328 315 8
328 315 9
328 315 10
328 315 11
328 315 12
328 315 13
328 315 14
328 315 15
328 315 16
328 315 17
328 315 18
328 315 19
328 316 1
328 316 2
328 316 3
328 316 4
328 316 5
328 316 6
328 316 7
328 316 8
328 316 9
328 316 10
328 316 11
328 316 12
328 316 13
328 316 14
328 316 15
328 316 16
328 316 17
328 316 18
328 316 19
328 317 1
328 317 2
328 317 3
328 317 4
328 317 5
328 317 6
328 317 7
328 317 8
328 317 9
328 317 10
328 317 11
328 317 12
328 317 13
328 317 14
328 317 15
328 317 16
328 317 17
328 317 18
328 317 19
328 318 1
328 318 2
328 318 3
328 318 4
328 318 5
328 318 6
328 318 7
328 318 8
328 318 9
328 318 10
328 318 11
328 318 12
328 318 13
328 318 14
328 318 15
328 318 16
328 318 17
328 318 18
328 318 19
328 319 1
328 319 2
328 319 3
328 319 4
328 319 5
328 319 6
328 319 7
328 319 8
328 319 9
328 319 10
328 319 11
328 319 12
328 319 13
328 319 14
328 319 15
328 319 16
328 319 17
328 319 18
328 319 19
328 320 1
328 320 2
328 320 3
328 320 4
328 320 5
328 320 6
328 320 7
328 320 8
328 320 9
328 320 10
328 320 11
328 320 12
328 320 13
328 320 14
328 320 15
328 320 16
328 320 17
328 320 18
328 320 19
328 321 1
328 321 2
328 321 3
328 321 4
328 321 5
328 321 6
328 321 7
328 321 8
328 321 9
328 321 10
328 321 11
328 321 12
328 321 13
328 321 14
328 321 15
328 321 16
328 321 17
328 321 18
328 321 19
328 322 1
328 322 2
328 322 3
328 322 4
328 322 5
328 322 6
328 322 7
328 322 8
328 322 9
328 322 10
328 322 11
328 322 12
328 322 13
328 322 14
328 322 15
328 322 16
328 322 17
328 322 18
328 322 19
328 323 1
328 323 2
328 323 3
328 323 4
328 323 5
328 323 6
328 323 7
328 323 8
328 323 9
328 323 10
328 323 11
328 323 12
328 323 13
328 323 14
328 323 15
328 323 16
328 323 17
328 323 18
328 323 19
328 324 1
328 324 2
328 324 3
328 324 4
328 324 5
328 324 6
328 324 7
328 324 8
328 324 9
328 324 10
328 324 11
328 324 12
328 324 13
328 324 14
328 324 15
328 324 16
328 324 17
328 324 18
328 324 19
328 325 1
328 325 2
328 325 3
328 325 4
328 325 5
328 325 6
328 325 7
328 325 8
328 325 9
328 325 10
328 325 11
328 325 12
328 325 13
328 325 14
328 325 15
328 325 16
328 325 17
328 325 18
328 325 19
328 326 1
328 326 2
328 326 3
328 326 4
328 326 5
328 326 6
328 326 7
328 326 8
328 326 9
328 326 10
328 326 11
328 326 12
328 326 13
328 326 14
328 326 15
328 326 16
328 326 17
328 326 18
328 326 19
328 327 1
328 327 2
328 327 3
328 327 4
328 327 5
328 327 6
328 327 7
328 327 8
328 327 9
328 327 10
328 327 11
328 327 12
328 327 13
328 327 14
328 327 15
328 327 16
328 327 17
328 327 18
328 327 19
328 328 1
328 328 2
328 328 3
328 328 4
328 328 5
328 328 6
328 328 7
328 328 8
328 328 9
328 328 10
328 328 11
328 328 12
328 328 13
328 328 14
328 328 15
328 328 16
328 328 17
328 328 18
328 328 19
328 329 1
328 329 2
328 329 3
328 329 4
328 329 5
328 329 6
328 329 7
328 329 8
328 329 9
328 329 10
328 329 11
328 329 12
328 329 13
328 329 14
328 329 15
328 329 16
328 329 17
328 329 18
328 329 19
329 312 1
329 312 2
329 312 3
329 312 4
329 312 5
329 312 6
329 312 7
329 312 8
329 312 9
329 312 10
329 312 11
329 312 12
329 312 13
329 312 14
329 312 15
329 312 16
329 312 17
329 312 18
329 312 19
329 313 1
329 313 2
329 313 3
329 313 4
329 313 5
329 313 6
329 313 7
329 313 8
329 313 9
329 313 10
329 313 11
329 313 12
329 313 13
329 313 14
329 313 15
329 313 16
329 313 17
329 313 18
329 313 19
329 314 1
329 314 2
329 314 3
329 314 4
329 314 5
329 314 6
329 314 7
329 314 8
329 314 9
329 314 10
329 314 11
329 314 12
329 314 13
329 314 14
329 314 15
329 314 16
329 314 17
329 314 18
329 314 19
329 315 1
329 315 2
329 315 3
329 315 4
329 315 5
329 315 6
329 315 7
329 315 8
329 315 9
329 315 10
329 315 11
329 315 12
329 315 13
329 315 14
329 315 15
329 315 16
329 315 17
329 315 18
329 315 19
329 316 1
329 316 2
329 316 3
329 316 4
329 316 5
329 316 6
329 316 7
329 316 8
329 316 9
329 316 10
329 316 11
329 316 12
329 316 13
329 316 14
329 316 15
329 316 16
329 316 17
329 316 18
329 316 19
329 317 1
329 317 2
329 317 3
329 317 4
329 317 5
329 317 6
329 317 7
329 317 8
329 317 9
329 317 10
329 317 11
329 317 12
329 317 13
329 317 14
329 317 15
329 317 16
329 317 17
329 317 18
329 317 19
329 318 1
329 318 2
329 318 3
329 318 4
329 318 5
329 318 6
329 318 7
329 318 8
329 318 9
329 318 10
329 318 11
329 318 12
329 318 13
329 318 14
329 318 15
329 318 16
329 318 17
329 318 18
329 318 19
329 319 1
329 319 2
329 319 3
329 319 4
329 319 5
329 319 6
329 319 7
329 319 8
329 319 9
329 319 10
329 319 11
329 319 12
329 319 13
329 319 14
329 319 15
329 319 16
329 319 17
329 319 18
329 319 19
329 320 1
329 320 2
329 320 3
329 320 4
329 320 5
329 320 6
329 320 7
329 320 8
329 320 9
329 320 10
329 320 11
329 320 12
329 320 13
329 320 14
329 320 15
329 320 16
329 320 17
329 320 18
329 320 19
329 321 1
329 321 2
329 321 3
329 321 4
329 321 5
329 321 6
329 321 7
329 321 8
329 321 9
329 321 10
329 321 11
329 321 12
329 321 13
329 321 14
329 321 15
329 321 16
329 321 17
329 321 18
329 321 19
329 322 1
329 322 2
329 322 3
329 322 4
329 322 5
329 322 6
329 322 7
329 322 8
329 322 9
329 322 10
329 322 11
329 322 12
329 322 13
329 322 14
329 322 15
329 322 16
329 322 17
329 322 18
329 322 19
329 323 1
329 323 2
329 323 3
329 323 4
329 323 5
329 323 6
329 323 7
329 323 8
329 323 9
329 323 10
329 323 11
329 323 12
329 323 13
329 323 14
329 323 15
329 323 16
329 323 17
329 323 18
329 323 19
329 324 1
329 324 2
329 324 3
329 324 4
329 324 5
329 324 6
329 324 7
329 324 8
329 324 9
329 324 10
329 324 11
329 324 12
329 324 13
329 324 14
329 324 15
329 324 16
329 324 17
329 324 18
329 324 19
329 325 1
329 325 2
329 325 3
329 325 4
329 325 5
329 325 6
329 325 7
329 325 8
329 325 9
329 325 10
329 325 11
329 325 12
329 325 13
329 325 14
329 325 15
329 325 16
329 325 17
329 325 18
329 325 19
329 326 1
329 326 2
329 326 3
329 326 4
329 326 5
329 326 6
329 326 7
329 326 8
329 326 9
329 326 10
329 326 11
329 326 12
329 326 13
329 326 14
329 326 15
329 326 16
329 326 17
329 326 18
329 326 19
329 327 1
329 327 2
329 327 3
329 327 4
329 327 5
329 327 6
329 327 7
329 327 8
329 327 9
329 327 10
329 327 11
329 327 12
329 327 13
329 327 14
329 327 15
329 327 16
329 327 17
329 327 18
329 327 19
329 328 1
329 328 2
329 328 3
329 328 4
329 328 5
329 328 6
329 328 7
329 328 8
329 328 9
329 328 10
329 328 11
329 328 12
329 328 13
329 328 14
329 328 15
329 328 16
329 328 17
329 328 18
329 328 19
329 329 1
329 329 2
329 329 3
329 329 4
329 329 5
329 329 6
329 329 7
329 329 8
329 329 9
329 329 10
329 329 11
329 329 12
329 329 13
329 329 14
329 329 15
329 329 16
329 329 17
329 329 18
329 329 19
