8274
157 155 2
157 155 3
157 155 4
157 155 5
157 155 6
157 155 7
157 155 8
157 155 9
157 155 10
157 155 11
157 155 12
157 155 13
157 155 14
157 155 15
157 155 16
157 155 17
157 155 18
157 155 19
157 155 20
157 155 21
157 155 22
157 155 23
157 155 24
157 155 25
157 155 26
157 155 27
157 155 28
157 155 29
157 155 30
157 155 31
157 155 32
157 155 33
157 155 34
157 155 35
157 155 36
157 155 37
157 155 38
157 155 39
157 155 40
157 155 41
157 155 42
157 155 43
157 155 44
157 155 45
157 155 46
157 155 47
157 155 48
157 155 49
157 155 50
157 155 51
157 155 52
157 155 53
157 155 54
157 155 55
157 155 56
157 155 57
157 155 58
157 155 59
157 155 60
157 155 61
157 155 62
157 155 63
157 155 64
157 155 65
157 155 66
157 155 67
157 155 68
157 155 69
157 155 70
157 155 71
157 155 72
157 155 73
157 155 74
157 155 75
157 155 76
157 155 77
157 155 78
157 155 79
157 155 80
157 155 81
157 155 82
157 155 83
157 155 84
157 155 85
157 155 86
157 155 87
157 155 88
157 155 89
157 155 90
157 155 91
157 155 92
157 155 93
157 155 94
157 155 95
157 155 96
157 155 97
157 155 98
157 155 99
157 155 100
157 155 101
157 155 102
157 155 103
157 155 104
157 155 105
157 155 106
157 155 107
157 155 108
157 155 109
157 155 110
157 155 111
157 155 112
157 155 113
157 155 114
157 155 115
157 155 116
157 155 117
157 155 118
157 155 119
157 155 120
157 155 121
157 155 122
157 155 123
157 155 124
157 155 125
157 155 126
157 155 127
157 155 128
157 155 129
157 155 130
157 155 131
157 155 132
157 155 133
157 155 134
157 155 135
157 155 136
157 155 137
157 155 138
157 155 139
157 155 140
157 155 141
157 155 142
157 155 143
157 155 144
157 155 145
157 155 146
157 155 147
157 155 148
157 155 149
157 155 150
157 155 151
157 155 152
157 155 153
157 155 154
157 155 155
157 155 156
157 155 157
157 155 158
157 155 159
157 155 160
157 155 161
157 155 162
157 155 163
157 155 164
157 155 165
157 155 166
157 155 167
157 155 168
157 155 169
157 155 170
157 155 171
157 155 172
157 155 173
157 155 174
157 155 175
157 155 176
157 155 177
157 155 178
157 155 179
157 155 180
157 155 181
157 155 182
157 155 183
157 155 184
157 155 185
157 155 186
157 155 187
157 155 188
157 155 189
157 155 190
157 155 191
157 155 192
157 155 193
157 155 194
157 155 195
157 155 196
157 155 197
157 155 198
157 156 2
157 156 3
157 156 4
157 156 5
157 156 6
157 156 7
157 156 8
157 156 9
157 156 10
157 156 11
157 156 12
157 156 13
157 156 14
157 156 15
157 156 16
157 156 17
157 156 18
157 156 19
157 156 20
157 156 21
157 156 22
157 156 23
157 156 24
157 156 25
157 156 26
157 156 27
157 156 28
157 156 29
157 156 30
157 156 31
157 156 32
157 156 33
157 156 34
157 156 35
157 156 36
157 156 37
157 156 38
157 156 39
157 156 40
157 156 41
157 156 42
157 156 43
157 156 44
157 156 45
157 156 46
157 156 47
157 156 48
157 156 49
157 156 50
157 156 51
157 156 52
157 156 53
157 156 54
157 156 55
157 156 56
157 156 57
157 156 58
157 156 59
157 156 60
157 156 61
157 156 62
157 156 63
157 156 64
157 156 65
157 156 66
157 156 67
157 156 68
157 156 69
157 156 70
157 156 71
157 156 72
157 156 73
157 156 74
157 156 75
157 156 76
157 156 77
157 156 78
157 156 79
157 156 80
157 156 81
157 156 82
157 156 83
157 156 84
157 156 85
157 156 86
157 156 87
157 156 88
157 156 89
157 156 90
157 156 91
157 156 92
157 156 93
157 156 94
157 156 95
157 156 96
157 156 97
157 156 98
157 156 99
157 156 100
157 156 101
157 156 102
157 156 103
157 156 104
157 156 105
157 156 106
157 156 107
157 156 108
157 156 109
157 156 110
157 156 111
157 156 112
157 156 113
157 156 114
157 156 115
157 156 116
157 156 117
157 156 118
157 156 119
157 156 120
157 156 121
157 156 122
157 156 123
157 156 124
157 156 125
157 156 126
157 156 127
157 156 128
157 156 129
157 156 130
157 156 131
157 156 132
157 156 133
157 156 134
157 156 135
157 156 136
157 156 137
157 156 138
157 156 139
157 156 140
157 156 141
157 156 142
157 156 143
157 156 144
157 156 145
157 156 146
157 156 147
157 156 148
157 156 149
157 156 150
157 156 151
157 156 152
157 156 153
157 156 154
157 156 155
157 156 156
157 156 157
157 156 158
157 156 159
157 156 160
157 156 161
157 156 162
157 156 163
157 156 164
157 156 165
157 156 166
157 156 167
157 156 168
157 156 169
157 156 170
157 156 171
157 156 172
157 156 173
157 156 174
157 156 175
157 156 176
157 156 177
157 156 178
157 156 179
157 156 180
157 156 181
157 156 182
157 156 183
157 156 184
157 156 185
157 156 186
157 156 187
157 156 188
157 156 189
157 156 190
157 156 191
157 156 192
157 156 193
157 156 194
157 156 195
157 156 196
157 156 197
157 156 198
157 157 2
157 157 3
157 157 4
157 157 5
157 157 6
157 157 7
157 157 8
157 157 9
157 157 10
157 157 11
157 157 12
157 157 13
157 157 14
157 157 15
157 157 16
157 157 17
157 157 18
157 157 19
157 157 20
157 157 21
157 157 22
157 157 23
157 157 24
157 157 25
157 157 26
157 157 27
157 157 28
157 157 29
157 157 30
157 157 31
157 157 32
157 157 33
157 157 34
157 157 35
157 157 36
157 157 37
157 157 38
157 157 39
157 157 40
157 157 41
157 157 42
157 157 43
157 157 44
157 157 45
157 157 46
157 157 47
157 157 48
157 157 49
157 157 50
157 157 51
157 157 52
157 157 53
157 157 54
157 157 55
157 157 56
157 157 57
157 157 58
157 157 59
157 157 60
157 157 61
157 157 62
157 157 63
157 157 64
157 157 65
157 157 66
157 157 67
157 157 68
157 157 69
157 157 70
157 157 71
157 157 72
157 157 73
157 157 74
157 157 75
157 157 76
157 157 77
157 157 78
157 157 79
157 157 80
157 157 81
157 157 82
157 157 83
157 157 84
157 157 85
157 157 86
157 157 87
157 157 88
157 157 89
157 157 90
157 157 91
157 157 92
157 157 93
157 157 94
157 157 95
157 157 96
157 157 97
157 157 98
157 157 99
157 157 100
157 157 101
157 157 102
157 157 103
157 157 104
157 157 105
157 157 106
157 157 107
157 157 108
157 157 109
157 157 110
157 157 111
157 157 112
157 157 113
157 157 114
157 157 115
157 157 116
157 157 117
157 157 118
157 157 119
157 157 120
157 157 121
157 157 122
157 157 123
157 157 124
157 157 125
157 157 126
157 157 127
157 157 128
157 157 129
157 157 130
157 157 131
157 157 132
157 157 133
157 157 134
157 157 135
157 157 136
157 157 137
157 157 138
157 157 139
157 157 140
157 157 141
157 157 142
157 157 143
157 157 144
157 157 145
157 157 146
157 157 147
157 157 148
157 157 149
157 157 150
157 157 151
157 157 152
157 157 153
157 157 154
157 157 155
157 157 156
157 157 157
157 157 158
157 157 159
157 157 160
157 157 161
157 157 162
157 157 163
157 157 164
157 157 165
157 157 166
157 157 167
157 157 168
157 157 169
157 157 170
157 157 171
157 157 172
157 157 173
157 157 174
157 157 175
157 157 176
157 157 177
157 157 178
157 157 179
157 157 180
157 157 181
157 157 182
157 157 183
157 157 184
157 157 185
157 157 186
157 157 187
157 157 188
157 157 189
157 157 190
157 157 191
157 157 192
157 157 193
157 157 194
157 157 195
157 157 196
157 157 197
157 157 198
157 158 2
157 158 3
157 158 4
157 158 5
157 158 6
157 158 7
157 158 8
157 158 9
157 158 10
157 158 11
157 158 12
157 158 13
157 158 14
157 158 15
157 158 16
157 158 17
157 158 18
157 158 19
157 158 20
157 158 21
157 158 22
157 158 23
157 158 24
157 158 25
157 158 26
157 158 27
157 158 28
157 158 29
157 158 30
157 158 31
157 158 32
157 158 33
157 158 34
157 158 35
157 158 36
157 158 37
157 158 38
157 158 39
157 158 40
157 158 41
157 158 42
157 158 43
157 158 44
157 158 45
157 158 46
157 158 47
157 158 48
157 158 49
157 158 50
157 158 51
157 158 52
157 158 53
157 158 54
157 158 55
157 158 56
157 158 57
157 158 58
157 158 59
157 158 60
157 158 61
157 158 62
157 158 63
157 158 64
157 158 65
157 158 66
157 158 67
157 158 68
157 158 69
157 158 70
157 158 71
157 158 72
157 158 73
157 158 74
157 158 75
157 158 76
157 158 77
157 158 78
157 158 79
157 158 80
157 158 81
157 158 82
157 158 83
157 158 84
157 158 85
157 158 86
157 158 87
157 158 88
157 158 89
157 158 90
157 158 91
157 158 92
157 158 93
157 158 94
157 158 95
157 158 96
157 158 97
157 158 98
157 158 99
157 158 100
157 158 101
157 158 102
157 158 103
157 158 104
157 158 105
157 158 106
157 158 107
157 158 108
157 158 109
157 158 110
157 158 111
157 158 112
157 158 113
157 158 114
157 158 115
157 158 116
157 158 117
157 158 118
157 158 119
157 158 120
157 158 121
157 158 122
157 158 123
157 158 124
157 158 125
157 158 126
157 158 127
157 158 128
157 158 129
157 158 130
157 158 131
157 158 132
157 158 133
157 158 134
157 158 135
157 158 136
157 158 137
157 158 138
157 158 139
157 158 140
157 158 141
157 158 142
157 158 143
157 158 144
157 158 145
157 158 146
157 158 147
157 158 148
157 158 149
157 158 150
157 158 151
157 158 152
157 158 153
157 158 154
157 158 155
157 158 156
157 158 157
157 158 158
157 158 159
157 158 160
157 158 161
157 158 162
157 158 163
157 158 164
157 158 165
157 158 166
157 158 167
157 158 168
157 158 169
157 158 170
157 158 171
157 158 172
157 158 173
157 158 174
157 158 175
157 158 176
157 158 177
157 158 178
157 158 179
157 158 180
157 158 181
157 158 182
157 158 183
157 158 184
157 158 185
157 158 186
157 158 187
157 158 188
157 158 189
157 158 190
157 158 191
157 158 192
157 158 193
157 158 194
157 158 195
157 158 196
157 158 197
157 158 198
157 159 2
157 159 3
157 159 4
157 159 5
157 159 6
157 159 7
157 159 8
157 159 9
157 159 10
157 159 11
157 159 12
157 159 13
157 159 14
157 159 15
157 159 16
157 159 17
157 159 18
157 159 19
157 159 20
157 159 21
157 159 22
157 159 23
157 159 24
157 159 25
157 159 26
157 159 27
157 159 28
157 159 29
157 159 30
157 159 31
157 159 32
157 159 33
157 159 34
157 159 35
157 159 36
157 159 37
157 159 38
157 159 39
157 159 40
157 159 41
157 159 42
157 159 43
157 159 44
157 159 45
157 159 46
157 159 47
157 159 48
157 159 49
157 159 50
157 159 51
157 159 52
157 159 53
157 159 54
157 159 55
157 159 56
157 159 57
157 159 58
157 159 59
157 159 60
157 159 61
157 159 62
157 159 63
157 159 64
157 159 65
157 159 66
157 159 67
157 159 68
157 159 69
157 159 70
157 159 71
157 159 72
157 159 73
157 159 74
157 159 75
157 159 76
157 159 77
157 159 78
157 159 79
157 159 80
157 159 81
157 159 82
157 159 83
157 159 84
157 159 85
157 159 86
157 159 87
157 159 88
157 159 89
157 159 90
157 159 91
157 159 92
157 159 93
157 159 94
157 159 95
157 159 96
157 159 97
157 159 98
157 159 99
157 159 100
157 159 101
157 159 102
157 159 103
157 159 104
157 159 105
157 159 106
157 159 107
157 159 108
157 159 109
157 159 110
157 159 111
157 159 112
157 159 113
157 159 114
157 159 115
157 159 116
157 159 117
157 159 118
157 159 119
157 159 120
157 159 121
157 159 122
157 159 123
157 159 124
157 159 125
157 159 126
157 159 127
157 159 128
157 159 129
157 159 130
157 159 131
157 159 132
157 159 133
157 159 134
157 159 135
157 159 136
157 159 137
157 159 138
157 159 139
157 159 140
157 159 141
157 159 142
157 159 143
157 159 144
157 159 145
157 159 146
157 159 147
157 159 148
157 159 149
157 159 150
157 159 151
157 159 152
157 159 153
157 159 154
157 159 155
157 159 156
157 159 157
157 159 158
157 159 159
157 159 160
157 159 161
157 159 162
157 159 163
157 159 164
157 159 165
157 159 166
157 159 167
157 159 168
157 159 169
157 159 170
157 159 171
157 159 172
157 159 173
157 159 174
157 159 175
157 159 176
157 159 177
157 159 178
157 159 179
157 159 180
157 159 181
157 159 182
157 159 183
157 159 184
157 159 185
157 159 186
157 159 187
157 159 188
157 159 189
157 159 190
157 159 191
157 159 192
157 159 193
157 159 194
157 159 195
157 159 196
157 159 197
157 159 198
157 160 2
157 160 3
157 160 4
157 160 5
157 160 6
157 160 7
157 160 8
157 160 9
157 160 10
157 160 11
157 160 12
157 160 13
157 160 14
157 160 15
157 160 16
157 160 17
157 160 18
157 160 19
157 160 20
157 160 21
157 160 22
157 160 23
157 160 24
157 160 25
157 160 26
157 160 27
157 160 28
157 160 29
157 160 30
157 160 31
157 160 32
157 160 33
157 160 34
157 160 35
157 160 36
157 160 37
157 160 38
157 160 39
157 160 40
157 160 41
157 160 42
157 160 43
157 160 44
157 160 45
157 160 46
157 160 47
157 160 48
157 160 49
157 160 50
157 160 51
157 160 52
157 160 53
157 160 54
157 160 55
157 160 56
157 160 57
157 160 58
157 160 59
157 160 60
157 160 61
157 160 62
157 160 63
157 160 64
157 160 65
157 160 66
157 160 67
157 160 68
157 160 69
157 160 70
157 160 71
157 160 72
157 160 73
157 160 74
157 160 75
157 160 76
157 160 77
157 160 78
157 160 79
157 160 80
157 160 81
157 160 82
157 160 83
157 160 84
157 160 85
157 160 86
157 160 87
157 160 88
157 160 89
157 160 90
157 160 91
157 160 92
157 160 93
157 160 94
157 160 95
157 160 96
157 160 97
157 160 98
157 160 99
157 160 100
157 160 101
157 160 102
157 160 103
157 160 104
157 160 105
157 160 106
157 160 107
157 160 108
157 160 109
157 160 110
157 160 111
157 160 112
157 160 113
157 160 114
157 160 115
157 160 116
157 160 117
157 160 118
157 160 119
157 160 120
157 160 121
157 160 122
157 160 123
157 160 124
157 160 125
157 160 126
157 160 127
157 160 128
157 160 129
157 160 130
157 160 131
157 160 132
157 160 133
157 160 134
157 160 135
157 160 136
157 160 137
157 160 138
157 160 139
157 160 140
157 160 141
157 160 142
157 160 143
157 160 144
157 160 145
157 160 146
157 160 147
157 160 148
157 160 149
157 160 150
157 160 151
157 160 152
157 160 153
157 160 154
157 160 155
157 160 156
157 160 157
157 160 158
157 160 159
157 160 160
157 160 161
157 160 162
157 160 163
157 160 164
157 160 165
157 160 166
157 160 167
157 160 168
157 160 169
157 160 170
157 160 171
157 160 172
157 160 173
157 160 174
157 160 175
157 160 176
157 160 177
157 160 178
157 160 179
157 160 180
157 160 181
157 160 182
157 160 183
157 160 184
157 160 185
157 160 186
157 160 187
157 160 188
157 160 189
157 160 190
157 160 191
157 160 192
157 160 193
157 160 194
157 160 195
157 160 196
157 160 197
157 160 198
158 155 2
158 155 3
158 155 4
158 155 5
158 155 6
158 155 7
158 155 8
158 155 9
158 155 10
158 155 11
158 155 12
158 155 13
158 155 14
158 155 15
158 155 16
158 155 17
158 155 18
158 155 19
158 155 20
158 155 21
158 155 22
158 155 23
158 155 24
158 155 25
158 155 26
158 155 27
158 155 28
158 155 29
158 155 30
158 155 31
158 155 32
158 155 33
158 155 34
158 155 35
158 155 36
158 155 37
158 155 38
158 155 39
158 155 40
158 155 41
158 155 42
158 155 43
158 155 44
158 155 45
158 155 46
158 155 47
158 155 48
158 155 49
158 155 50
158 155 51
158 155 52
158 155 53
158 155 54
158 155 55
158 155 56
158 155 57
158 155 58
158 155 59
158 155 60
158 155 61
158 155 62
158 155 63
158 155 64
158 155 65
158 155 66
158 155 67
158 155 68
158 155 69
158 155 70
158 155 71
158 155 72
158 155 73
158 155 74
158 155 75
158 155 76
158 155 77
158 155 78
158 155 79
158 155 80
158 155 81
158 155 82
158 155 83
158 155 84
158 155 85
158 155 86
158 155 87
158 155 88
158 155 89
158 155 90
158 155 91
158 155 92
158 155 93
158 155 94
158 155 95
158 155 96
158 155 97
158 155 98
158 155 99
158 155 100
158 155 101
158 155 102
158 155 103
158 155 104
158 155 105
158 155 106
158 155 107
158 155 108
158 155 109
158 155 110
158 155 111
158 155 112
158 155 113
158 155 114
158 155 115
158 155 116
158 155 117
158 155 118
158 155 119
158 155 120
158 155 121
158 155 122
158 155 123
158 155 124
158 155 125
158 155 126
158 155 127
158 155 128
158 155 129
158 155 130
158 155 131
158 155 132
158 155 133
158 155 134
158 155 135
158 155 136
158 155 137
158 155 138
158 155 139
158 155 140
158 155 141
158 155 142
158 155 143
158 155 144
158 155 145
158 155 146
158 155 147
158 155 148
158 155 149
158 155 150
158 155 151
158 155 152
158 155 153
158 155 154
158 155 155
158 155 156
158 155 157
158 155 158
158 155 159
158 155 160
158 155 161
158 155 162
158 155 163
158 155 164
158 155 165
158 155 166
158 155 167
158 155 168
158 155 169
158 155 170
158 155 171
158 155 172
158 155 173
158 155 174
158 155 175
158 155 176
158 155 177
158 155 178
158 155 179
158 155 180
158 155 181
158 155 182
158 155 183
158 155 184
158 155 185
158 155 186
158 155 187
158 155 188
158 155 189
158 155 190
158 155 191
158 155 192
158 155 193
158 155 194
158 155 195
158 155 196
158 155 197
158 155 198
158 156 2
158 156 3
158 156 4
158 156 5
158 156 6
158 156 7
158 156 8
158 156 9
158 156 10
158 156 11
158 156 12
158 156 13
158 156 14
158 156 15
158 156 16
158 156 17
158 156 18
158 156 19
158 156 20
158 156 21
158 156 22
158 156 23
158 156 24
158 156 25
158 156 26
158 156 27
158 156 28
158 156 29
158 156 30
158 156 31
158 156 32
158 156 33
158 156 34
158 156 35
158 156 36
158 156 37
158 156 38
158 156 39
158 156 40
158 156 41
158 156 42
158 156 43
158 156 44
158 156 45
158 156 46
158 156 47
158 156 48
158 156 49
158 156 50
158 156 51
158 156 52
158 156 53
158 156 54
158 156 55
158 156 56
158 156 57
158 156 58
158 156 59
158 156 60
158 156 61
158 156 62
158 156 63
158 156 64
158 156 65
158 156 66
158 156 67
158 156 68
158 156 69
158 156 70
158 156 71
158 156 72
158 156 73
158 156 74
158 156 75
158 156 76
158 156 77
158 156 78
158 156 79
158 156 80
158 156 81
158 156 82
158 156 83
158 156 84
158 156 85
158 156 86
158 156 87
158 156 88
158 156 89
158 156 90
158 156 91
158 156 92
158 156 93
158 156 94
158 156 95
158 156 96
158 156 97
158 156 98
158 156 99
158 156 100
158 156 101
158 156 102
158 156 103
158 156 104
158 156 105
158 156 106
158 156 107
158 156 108
158 156 109
158 156 110
158 156 111
158 156 112
158 156 113
158 156 114
158 156 115
158 156 116
158 156 117
158 156 118
158 156 119
158 156 120
158 156 121
158 156 122
158 156 123
158 156 124
158 156 125
158 156 126
158 156 127
158 156 128
158 156 129
158 156 130
158 156 131
158 156 132
158 156 133
158 156 134
158 156 135
158 156 136
158 156 137
158 156 138
158 156 139
158 156 140
158 156 141
158 156 142
158 156 143
158 156 144
158 156 145
158 156 146
158 156 147
158 156 148
158 156 149
158 156 150
158 156 151
158 156 152
158 156 153
158 156 154
158 156 155
158 156 156
158 156 157
158 156 158
158 156 159
158 156 160
158 156 161
158 156 162
158 156 163
158 156 164
158 156 165
158 156 166
158 156 167
158 156 168
158 156 169
158 156 170
158 156 171
158 156 172
158 156 173
158 156 174
158 156 175
158 156 176
158 156 177
158 156 178
158 156 179
158 156 180
158 156 181
158 156 182
158 156 183
158 156 184
158 156 185
158 156 186
158 156 187
158 156 188
158 156 189
158 156 190
158 156 191
158 156 192
158 156 193
158 156 194
158 156 195
158 156 196
158 156 197
158 156 198
158 157 2
158 157 3
158 157 4
158 157 5
158 157 6
158 157 7
158 157 8
158 157 9
158 157 10
158 157 11
158 157 12
158 157 13
158 157 14
158 157 15
158 157 16
158 157 17
158 157 18
158 157 19
158 157 20
158 157 21
158 157 22
158 157 23
158 157 24
158 157 25
158 157 26
158 157 27
158 157 28
158 157 29
158 157 30
158 157 31
158 157 32
158 157 33
158 157 34
158 157 35
158 157 36
158 157 37
158 157 38
158 157 39
158 157 40
158 157 41
158 157 42
158 157 43
158 157 44
158 157 45
158 157 46
158 157 47
158 157 48
158 157 49
158 157 50
158 157 51
158 157 52
158 157 53
158 157 54
158 157 55
158 157 56
158 157 57
158 157 58
158 157 59
158 157 60
158 157 61
158 157 62
158 157 63
158 157 64
158 157 65
158 157 66
158 157 67
158 157 68
158 157 69
158 157 70
158 157 71
158 157 72
158 157 73
158 157 74
158 157 75
158 157 76
158 157 77
158 157 78
158 157 79
158 157 80
158 157 81
158 157 82
158 157 83
158 157 84
158 157 85
158 157 86
158 157 87
158 157 88
158 157 89
158 157 90
158 157 91
158 157 92
158 157 93
158 157 94
158 157 95
158 157 96
158 157 97
158 157 98
158 157 99
158 157 100
158 157 101
158 157 102
158 157 103
158 157 104
158 157 105
158 157 106
158 157 107
158 157 108
158 157 109
158 157 110
158 157 111
158 157 112
158 157 113
158 157 114
158 157 115
158 157 116
158 157 117
158 157 118
158 157 119
158 157 120
158 157 121
158 157 122
158 157 123
158 157 124
158 157 125
158 157 126
158 157 127
158 157 128
158 157 129
158 157 130
158 157 131
158 157 132
158 157 133
158 157 134
158 157 135
158 157 136
158 157 137
158 157 138
158 157 139
158 157 140
158 157 141
158 157 142
158 157 143
158 157 144
158 157 145
158 157 146
158 157 147
158 157 148
158 157 149
158 157 150
158 157 151
158 157 152
158 157 153
158 157 154
158 157 155
158 157 156
158 157 157
158 157 158
158 157 159
158 157 160
158 157 161
158 157 162
158 157 163
158 157 164
158 157 165
158 157 166
158 157 167
158 157 168
158 157 169
158 157 170
158 157 171
158 157 172
158 157 173
158 157 174
158 157 175
158 157 176
158 157 177
158 157 178
158 157 179
158 157 180
158 157 181
158 157 182
158 157 183
158 157 184
158 157 185
158 157 186
158 157 187
158 157 188
158 157 189
158 157 190
158 157 191
158 157 192
158 157 193
158 157 194
158 157 195
158 157 196
158 157 197
158 157 198
158 158 2
158 158 3
158 158 4
158 158 5
158 158 6
158 158 7
158 158 8
158 158 9
158 158 10
158 158 11
158 158 12
158 158 13
158 158 14
158 158 15
158 158 16
158 158 17
158 158 18
158 158 19
158 158 20
158 158 21
158 158 22
158 158 23
158 158 24
158 158 25
158 158 26
158 158 27
158 158 28
158 158 29
158 158 30
158 158 31
158 158 32
158 158 33
158 158 34
158 158 35
158 158 36
158 158 37
158 158 38
158 158 39
158 158 40
158 158 41
158 158 42
158 158 43
158 158 44
158 158 45
158 158 46
158 158 47
158 158 48
158 158 49
158 158 50
158 158 51
158 158 52
158 158 53
158 158 54
158 158 55
158 158 56
158 158 57
158 158 58
158 158 59
158 158 60
158 158 61
158 158 62
158 158 63
158 158 64
158 158 65
158 158 66
158 158 67
158 158 68
158 158 69
158 158 70
158 158 71
158 158 72
158 158 73
158 158 74
158 158 75
158 158 76
158 158 77
158 158 78
158 158 79
158 158 80
158 158 81
158 158 82
158 158 83
158 158 84
158 158 85
158 158 86
158 158 87
158 158 88
158 158 89
158 158 90
158 158 91
158 158 92
158 158 93
158 158 94
158 158 95
158 158 96
158 158 97
158 158 98
158 158 99
158 158 100
158 158 101
158 158 102
158 158 103
158 158 104
158 158 105
158 158 106
158 158 107
158 158 108
158 158 109
158 158 110
158 158 111
158 158 112
158 158 113
158 158 114
158 158 115
158 158 116
158 158 117
158 158 118
158 158 119
158 158 120
158 158 121
158 158 122
158 158 123
158 158 124
158 158 125
158 158 126
158 158 127
158 158 128
158 158 129
158 158 130
158 158 131
158 158 132
158 158 133
158 158 134
158 158 135
158 158 136
158 158 137
158 158 138
158 158 139
158 158 140
158 158 141
158 158 142
158 158 143
158 158 144
158 158 145
158 158 146
158 158 147
158 158 148
158 158 149
158 158 150
158 158 151
158 158 152
158 158 153
158 158 154
158 158 155
158 158 156
158 158 157
158 158 158
158 158 159
158 158 160
158 158 161
158 158 162
158 158 163
158 158 164
158 158 165
158 158 166
158 158 167
158 158 168
158 158 169
158 158 170
158 158 171
158 158 172
158 158 173
158 158 174
158 158 175
158 158 176
158 158 177
158 158 178
158 158 179
158 158 180
158 158 181
158 158 182
158 158 183
158 158 184
158 158 185
158 158 186
158 158 187
158 158 188
158 158 189
158 158 190
158 158 191
158 158 192
158 158 193
158 158 194
158 158 195
158 158 196
158 158 197
158 158 198
158 159 2
158 159 3
158 159 4
158 159 5
158 159 6
158 159 7
158 159 8
158 159 9
158 159 10
158 159 11
158 159 12
158 159 13
158 159 14
158 159 15
158 159 16
158 159 17
158 159 18
158 159 19
158 159 20
158 159 21
158 159 22
158 159 23
158 159 24
158 159 25
158 159 26
158 159 27
158 159 28
158 159 29
158 159 30
158 159 31
158 159 32
158 159 33
158 159 34
158 159 35
158 159 36
158 159 37
158 159 38
158 159 39
158 159 40
158 159 41
158 159 42
158 159 43
158 159 44
158 159 45
158 159 46
158 159 47
158 159 48
158 159 49
158 159 50
158 159 51
158 159 52
158 159 53
158 159 54
158 159 55
158 159 56
158 159 57
158 159 58
158 159 59
158 159 60
158 159 61
158 159 62
158 159 63
158 159 64
158 159 65
158 159 66
158 159 67
158 159 68
158 159 69
158 159 70
158 159 71
158 159 72
158 159 73
158 159 74
158 159 75
158 159 76
158 159 77
158 159 78
158 159 79
158 159 80
158 159 81
158 159 82
158 159 83
158 159 84
158 159 85
158 159 86
158 159 87
158 159 88
158 159 89
158 159 90
158 159 91
158 159 92
158 159 93
158 159 94
158 159 95
158 159 96
158 159 97
158 159 98
158 159 99
158 159 100
158 159 101
158 159 102
158 159 103
158 159 104
158 159 105
158 159 106
158 159 107
158 159 108
158 159 109
158 159 110
158 159 111
158 159 112
158 159 113
158 159 114
158 159 115
158 159 116
158 159 117
158 159 118
158 159 119
158 159 120
158 159 121
158 159 122
158 159 123
158 159 124
158 159 125
158 159 126
158 159 127
158 159 128
158 159 129
158 159 130
158 159 131
158 159 132
158 159 133
158 159 134
158 159 135
158 159 136
158 159 137
158 159 138
158 159 139
158 159 140
158 159 141
158 159 142
158 159 143
158 159 144
158 159 145
158 159 146
158 159 147
158 159 148
158 159 149
158 159 150
158 159 151
158 159 152
158 159 153
158 159 154
158 159 155
158 159 156
158 159 157
158 159 158
158 159 159
158 159 160
158 159 161
158 159 162
158 159 163
158 159 164
158 159 165
158 159 166
158 159 167
158 159 168
158 159 169
158 159 170
158 159 171
158 159 172
158 159 173
158 159 174
158 159 175
158 159 176
158 159 177
158 159 178
158 159 179
158 159 180
158 159 181
158 159 182
158 159 183
158 159 184
158 159 185
158 159 186
158 159 187
158 159 188
158 159 189
158 159 190
158 159 191
158 159 192
158 159 193
158 159 194
158 159 195
158 159 196
158 159 197
158 159 198
158 160 2
158 160 3
158 160 4
158 160 5
158 160 6
158 160 7
158 160 8
158 160 9
158 160 10
158 160 11
158 160 12
158 160 13
158 160 14
158 160 15
158 160 16
158 160 17
158 160 18
158 160 19
158 160 20
158 160 21
158 160 22
158 160 23
158 160 24
158 160 25
158 160 26
158 160 27
158 160 28
158 160 29
158 160 30
158 160 31
158 160 32
158 160 33
158 160 34
158 160 35
158 160 36
158 160 37
158 160 38
158 160 39
158 160 40
158 160 41
158 160 42
158 160 43
158 160 44
158 160 45
158 160 46
158 160 47
158 160 48
158 160 49
158 160 50
158 160 51
158 160 52
158 160 53
158 160 54
158 160 55
158 160 56
158 160 57
158 160 58
158 160 59
158 160 60
158 160 61
158 160 62
158 160 63
158 160 64
158 160 65
158 160 66
158 160 67
158 160 68
158 160 69
158 160 70
158 160 71
158 160 72
158 160 73
158 160 74
158 160 75
158 160 76
158 160 77
158 160 78
158 160 79
158 160 80
158 160 81
158 160 82
158 160 83
158 160 84
158 160 85
158 160 86
158 160 87
158 160 88
158 160 89
158 160 90
158 160 91
158 160 92
158 160 93
158 160 94
158 160 95
158 160 96
158 160 97
158 160 98
158 160 99
158 160 100
158 160 101
158 160 102
158 160 103
158 160 104
158 160 105
158 160 106
158 160 107
158 160 108
158 160 109
158 160 110
158 160 111
158 160 112
158 160 113
158 160 114
158 160 115
158 160 116
158 160 117
158 160 118
158 160 119
158 160 120
158 160 121
158 160 122
158 160 123
158 160 124
158 160 125
158 160 126
158 160 127
158 160 128
158 160 129
158 160 130
158 160 131
158 160 132
158 160 133
158 160 134
158 160 135
158 160 136
158 160 137
158 160 138
158 160 139
158 160 140
158 160 141
158 160 142
158 160 143
158 160 144
158 160 145
158 160 146
158 160 147
158 160 148
158 160 149
158 160 150
158 160 151
158 160 152
158 160 153
158 160 154
158 160 155
158 160 156
158 160 157
158 160 158
158 160 159
158 160 160
158 160 161
158 160 162
158 160 163
158 160 164
158 160 165
158 160 166
158 160 167
158 160 168
158 160 169
158 160 170
158 160 171
158 160 172
158 160 173
158 160 174
158 160 175
158 160 176
158 160 177
158 160 178
158 160 179
158 160 180
158 160 181
158 160 182
158 160 183
158 160 184
158 160 185
158 160 186
158 160 187
158 160 188
158 160 189
158 160 190
158 160 191
158 160 192
158 160 193
158 160 194
158 160 195
158 160 196
158 160 197
158 160 198
159 156 2
159 156 3
159 156 4
159 156 5
159 156 6
159 156 7
159 156 8
159 156 9
159 156 10
159 156 11
159 156 12
159 156 13
159 156 14
159 156 15
159 156 16
159 156 17
159 156 18
159 156 19
159 156 20
159 156 21
159 156 22
159 156 23
159 156 24
159 156 25
159 156 26
159 156 27
159 156 28
159 156 29
159 156 30
159 156 31
159 156 32
159 156 33
159 156 34
159 156 35
159 156 36
159 156 37
159 156 38
159 156 39
159 156 40
159 156 41
159 156 42
159 156 43
159 156 44
159 156 45
159 156 46
159 156 47
159 156 48
159 156 49
159 156 50
159 156 51
159 156 52
159 156 53
159 156 54
159 156 55
159 156 56
159 156 57
159 156 58
159 156 59
159 156 60
159 156 61
159 156 62
159 156 63
159 156 64
159 156 65
159 156 66
159 156 67
159 156 68
159 156 69
159 156 70
159 156 71
159 156 72
159 156 73
159 156 74
159 156 75
159 156 76
159 156 77
159 156 78
159 156 79
159 156 80
159 156 81
159 156 82
159 156 83
159 156 84
159 156 85
159 156 86
159 156 87
159 156 88
159 156 89
159 156 90
159 156 91
159 156 92
159 156 93
159 156 94
159 156 95
159 156 96
159 156 97
159 156 98
159 156 99
159 156 100
159 156 101
159 156 102
159 156 103
159 156 104
159 156 105
159 156 106
159 156 107
159 156 108
159 156 109
159 156 110
159 156 111
159 156 112
159 156 113
159 156 114
159 156 115
159 156 116
159 156 117
159 156 118
159 156 119
159 156 120
159 156 121
159 156 122
159 156 123
159 156 124
159 156 125
159 156 126
159 156 127
159 156 128
159 156 129
159 156 130
159 156 131
159 156 132
159 156 133
159 156 134
159 156 135
159 156 136
159 156 137
159 156 138
159 156 139
159 156 140
159 156 141
159 156 142
159 156 143
159 156 144
159 156 145
159 156 146
159 156 147
159 156 148
159 156 149
159 156 150
159 156 151
159 156 152
159 156 153
159 156 154
159 156 155
159 156 156
159 156 157
159 156 158
159 156 159
159 156 160
159 156 161
159 156 162
159 156 163
159 156 164
159 156 165
159 156 166
159 156 167
159 156 168
159 156 169
159 156 170
159 156 171
159 156 172
159 156 173
159 156 174
159 156 175
159 156 176
159 156 177
159 156 178
159 156 179
159 156 180
159 156 181
159 156 182
159 156 183
159 156 184
159 156 185
159 156 186
159 156 187
159 156 188
159 156 189
159 156 190
159 156 191
159 156 192
159 156 193
159 156 194
159 156 195
159 156 196
159 156 197
159 156 198
159 157 2
159 157 3
159 157 4
159 157 5
159 157 6
159 157 7
159 157 8
159 157 9
159 157 10
159 157 11
159 157 12
159 157 13
159 157 14
159 157 15
159 157 16
159 157 17
159 157 18
159 157 19
159 157 20
159 157 21
159 157 22
159 157 23
159 157 24
159 157 25
159 157 26
159 157 27
159 157 28
159 157 29
159 157 30
159 157 31
159 157 32
159 157 33
159 157 34
159 157 35
159 157 36
159 157 37
159 157 38
159 157 39
159 157 40
159 157 41
159 157 42
159 157 43
159 157 44
159 157 45
159 157 46
159 157 47
159 157 48
159 157 49
159 157 50
159 157 51
159 157 52
159 157 53
159 157 54
159 157 55
159 157 56
159 157 57
159 157 58
159 157 59
159 157 60
159 157 61
159 157 62
159 157 63
159 157 64
159 157 65
159 157 66
159 157 67
159 157 68
159 157 69
159 157 70
159 157 71
159 157 72
159 157 73
159 157 74
159 157 75
159 157 76
159 157 77
159 157 78
159 157 79
159 157 80
159 157 81
159 157 82
159 157 83
159 157 84
159 157 85
159 157 86
159 157 87
159 157 88
159 157 89
159 157 90
159 157 91
159 157 92
159 157 93
159 157 94
159 157 95
159 157 96
159 157 97
159 157 98
159 157 99
159 157 100
159 157 101
159 157 102
159 157 103
159 157 104
159 157 105
159 157 106
159 157 107
159 157 108
159 157 109
159 157 110
159 157 111
159 157 112
159 157 113
159 157 114
159 157 115
159 157 116
159 157 117
159 157 118
159 157 119
159 157 120
159 157 121
159 157 122
159 157 123
159 157 124
159 157 125
159 157 126
159 157 127
159 157 128
159 157 129
159 157 130
159 157 131
159 157 132
159 157 133
159 157 134
159 157 135
159 157 136
159 157 137
159 157 138
159 157 139
159 157 140
159 157 141
159 157 142
159 157 143
159 157 144
159 157 145
159 157 146
159 157 147
159 157 148
159 157 149
159 157 150
159 157 151
159 157 152
159 157 153
159 157 154
159 157 155
159 157 156
159 157 157
159 157 158
159 157 159
159 157 160
159 157 161
159 157 162
159 157 163
159 157 164
159 157 165
159 157 166
159 157 167
159 157 168
159 157 169
159 157 170
159 157 171
159 157 172
159 157 173
159 157 174
159 157 175
159 157 176
159 157 177
159 157 178
159 157 179
159 157 180
159 157 181
159 157 182
159 157 183
159 157 184
159 157 185
159 157 186
159 157 187
159 157 188
159 157 189
159 157 190
159 157 191
159 157 192
159 157 193
159 157 194
159 157 195
159 157 196
159 157 197
159 157 198
159 158 2
159 158 3
159 158 4
159 158 5
159 158 6
159 158 7
159 158 8
159 158 9
159 158 10
159 158 11
159 158 12
159 158 13
159 158 14
159 158 15
159 158 16
159 158 17
159 158 18
159 158 19
159 158 20
159 158 21
159 158 22
159 158 23
159 158 24
159 158 25
159 158 26
159 158 27
159 158 28
159 158 29
159 158 30
159 158 31
159 158 32
159 158 33
159 158 34
159 158 35
159 158 36
159 158 37
159 158 38
159 158 39
159 158 40
159 158 41
159 158 42
159 158 43
159 158 44
159 158 45
159 158 46
159 158 47
159 158 48
159 158 49
159 158 50
159 158 51
159 158 52
159 158 53
159 158 54
159 158 55
159 158 56
159 158 57
159 158 58
159 158 59
159 158 60
159 158 61
159 158 62
159 158 63
159 158 64
159 158 65
159 158 66
159 158 67
159 158 68
159 158 69
159 158 70
159 158 71
159 158 72
159 158 73
159 158 74
159 158 75
159 158 76
159 158 77
159 158 78
159 158 79
159 158 80
159 158 81
159 158 82
159 158 83
159 158 84
159 158 85
159 158 86
159 158 87
159 158 88
159 158 89
159 158 90
159 158 91
159 158 92
159 158 93
159 158 94
159 158 95
159 158 96
159 158 97
159 158 98
159 158 99
159 158 100
159 158 101
159 158 102
159 158 103
159 158 104
159 158 105
159 158 106
159 158 107
159 158 108
159 158 109
159 158 110
159 158 111
159 158 112
159 158 113
159 158 114
159 158 115
159 158 116
159 158 117
159 158 118
159 158 119
159 158 120
159 158 121
159 158 122
159 158 123
159 158 124
159 158 125
159 158 126
159 158 127
159 158 128
159 158 129
159 158 130
159 158 131
159 158 132
159 158 133
159 158 134
159 158 135
159 158 136
159 158 137
159 158 138
159 158 139
159 158 140
159 158 141
159 158 142
159 158 143
159 158 144
159 158 145
159 158 146
159 158 147
159 158 148
159 158 149
159 158 150
159 158 151
159 158 152
159 158 153
159 158 154
159 158 155
159 158 156
159 158 157
159 158 158
159 158 159
159 158 160
159 158 161
159 158 162
159 158 163
159 158 164
159 158 165
159 158 166
159 158 167
159 158 168
159 158 169
159 158 170
159 158 171
159 158 172
159 158 173
159 158 174
159 158 175
159 158 176
159 158 177
159 158 178
159 158 179
159 158 180
159 158 181
159 158 182
159 158 183
159 158 184
159 158 185
159 158 186
159 158 187
159 158 188
159 158 189
159 158 190
159 158 191
159 158 192
159 158 193
159 158 194
159 158 195
159 158 196
159 158 197
159 158 198
159 159 2
159 159 3
159 159 4
159 159 5
159 159 6
159 159 7
159 159 8
159 159 9
159 159 10
159 159 11
159 159 12
159 159 13
159 159 14
159 159 15
159 159 16
159 159 17
159 159 18
159 159 19
159 159 20
159 159 21
159 159 22
159 159 23
159 159 24
159 159 25
159 159 26
159 159 27
159 159 28
159 159 29
159 159 30
159 159 31
159 159 32
159 159 33
159 159 34
159 159 35
159 159 36
159 159 37
159 159 38
159 159 39
159 159 40
159 159 41
159 159 42
159 159 43
159 159 44
159 159 45
159 159 46
159 159 47
159 159 48
159 159 49
159 159 50
159 159 51
159 159 52
159 159 53
159 159 54
159 159 55
159 159 56
159 159 57
159 159 58
159 159 59
159 159 60
159 159 61
159 159 62
159 159 63
159 159 64
159 159 65
159 159 66
159 159 67
159 159 68
159 159 69
159 159 70
159 159 71
159 159 72
159 159 73
159 159 74
159 159 75
159 159 76
159 159 77
159 159 78
159 159 79
159 159 80
159 159 81
159 159 82
159 159 83
159 159 84
159 159 85
159 159 86
159 159 87
159 159 88
159 159 89
159 159 90
159 159 91
159 159 92
159 159 93
159 159 94
159 159 95
159 159 96
159 159 97
159 159 98
159 159 99
159 159 100
159 159 101
159 159 102
159 159 103
159 159 104
159 159 105
159 159 106
159 159 107
159 159 108
159 159 109
159 159 110
159 159 111
159 159 112
159 159 113
159 159 114
159 159 115
159 159 116
159 159 117
159 159 118
159 159 119
159 159 120
159 159 121
159 159 122
159 159 123
159 159 124
159 159 125
159 159 126
159 159 127
159 159 128
159 159 129
159 159 130
159 159 131
159 159 132
159 159 133
159 159 134
159 159 135
159 159 136
159 159 137
159 159 138
159 159 139
159 159 140
159 159 141
159 159 142
159 159 143
159 159 144
159 159 145
159 159 146
159 159 147
159 159 148
159 159 149
159 159 150
159 159 151
159 159 152
159 159 153
159 159 154
159 159 155
159 159 156
159 159 157
159 159 158
159 159 159
159 159 160
159 159 161
159 159 162
159 159 163
159 159 164
159 159 165
159 159 166
159 159 167
159 159 168
159 159 169
159 159 170
159 159 171
159 159 172
159 159 173
159 159 174
159 159 175
159 159 176
159 159 177
159 159 178
159 159 179
159 159 180
159 159 181
159 159 182
159 159 183
159 159 184
159 159 185
159 159 186
159 159 187
159 159 188
159 159 189
159 159 190
159 159 191
159 159 192
159 159 193
159 159 194
159 159 195
159 159 196
159 159 197
159 159 198
159 160 2
159 160 3
159 160 4
159 160 5
159 160 6
159 160 7
159 160 8
159 160 9
159 160 10
159 160 11
159 160 12
159 160 13
159 160 14
159 160 15
159 160 16
159 160 17
159 160 18
159 160 19
159 160 20
159 160 21
159 160 22
159 160 23
159 160 24
159 160 25
159 160 26
159 160 27
159 160 28
159 160 29
159 160 30
159 160 31
159 160 32
159 160 33
159 160 34
159 160 35
159 160 36
159 160 37
159 160 38
159 160 39
159 160 40
159 160 41
159 160 42
159 160 43
159 160 44
159 160 45
159 160 46
159 160 47
159 160 48
159 160 49
159 160 50
159 160 51
159 160 52
159 160 53
159 160 54
159 160 55
159 160 56
159 160 57
159 160 58
159 160 59
159 160 60
159 160 61
159 160 62
159 160 63
159 160 64
159 160 65
159 160 66
159 160 67
159 160 68
159 160 69
159 160 70
159 160 71
159 160 72
159 160 73
159 160 74
159 160 75
159 160 76
159 160 77
159 160 78
159 160 79
159 160 80
159 160 81
159 160 82
159 160 83
159 160 84
159 160 85
159 160 86
159 160 87
159 160 88
159 160 89
159 160 90
159 160 91
159 160 92
159 160 93
159 160 94
159 160 95
159 160 96
159 160 97
159 160 98
159 160 99
159 160 100
159 160 101
159 160 102
159 160 103
159 160 104
159 160 105
159 160 106
159 160 107
159 160 108
159 160 109
159 160 110
159 160 111
159 160 112
159 160 113
159 160 114
159 160 115
159 160 116
159 160 117
159 160 118
159 160 119
159 160 120
159 160 121
159 160 122
159 160 123
159 160 124
159 160 125
159 160 126
159 160 127
159 160 128
159 160 129
159 160 130
159 160 131
159 160 132
159 160 133
159 160 134
159 160 135
159 160 136
159 160 137
159 160 138
159 160 139
159 160 140
159 160 141
159 160 142
159 160 143
159 160 144
159 160 145
159 160 146
159 160 147
159 160 148
159 160 149
159 160 150
159 160 151
159 160 152
159 160 153
159 160 154
159 160 155
159 160 156
159 160 157
159 160 158
159 160 159
159 160 160
159 160 161
159 160 162
159 160 163
159 160 164
159 160 165
159 160 166
159 160 167
159 160 168
159 160 169
159 160 170
159 160 171
159 160 172
159 160 173
159 160 174
159 160 175
159 160 176
159 160 177
159 160 178
159 160 179
159 160 180
159 160 181
159 160 182
159 160 183
159 160 184
159 160 185
159 160 186
159 160 187
159 160 188
159 160 189
159 160 190
159 160 191
159 160 192
159 160 193
159 160 194
159 160 195
159 160 196
159 160 197
159 160 198
160 156 2
160 156 3
160 156 4
160 156 5
160 156 6
160 156 7
160 156 8
160 156 9
160 156 10
160 156 11
160 156 12
160 156 13
160 156 14
160 156 15
160 156 16
160 156 17
160 156 18
160 156 19
160 156 20
160 156 21
160 156 22
160 156 23
160 156 24
160 156 25
160 156 26
160 156 27
160 156 28
160 156 29
160 156 30
160 156 31
160 156 32
160 156 33
160 156 34
160 156 35
160 156 36
160 156 37
160 156 38
160 156 39
160 156 40
160 156 41
160 156 42
160 156 43
160 156 44
160 156 45
160 156 46
160 156 47
160 156 48
160 156 49
160 156 50
160 156 51
160 156 52
160 156 53
160 156 54
160 156 55
160 156 56
160 156 57
160 156 58
160 156 59
160 156 60
160 156 61
160 156 62
160 156 63
160 156 64
160 156 65
160 156 66
160 156 67
160 156 68
160 156 69
160 156 70
160 156 71
160 156 72
160 156 73
160 156 74
160 156 75
160 156 76
160 156 77
160 156 78
160 156 79
160 156 80
160 156 81
160 156 82
160 156 83
160 156 84
160 156 85
160 156 86
160 156 87
160 156 88
160 156 89
160 156 90
160 156 91
160 156 92
160 156 93
160 156 94
160 156 95
160 156 96
160 156 97
160 156 98
160 156 99
160 156 100
160 156 101
160 156 102
160 156 103
160 156 104
160 156 105
160 156 106
160 156 107
160 156 108
160 156 109
160 156 110
160 156 111
160 156 112
160 156 113
160 156 114
160 156 115
160 156 116
160 156 117
160 156 118
160 156 119
160 156 120
160 156 121
160 156 122
160 156 123
160 156 124
160 156 125
160 156 126
160 156 127
160 156 128
160 156 129
160 156 130
160 156 131
160 156 132
160 156 133
160 156 134
160 156 135
160 156 136
160 156 137
160 156 138
160 156 139
160 156 140
160 156 141
160 156 142
160 156 143
160 156 144
160 156 145
160 156 146
160 156 147
160 156 148
160 156 149
160 156 150
160 156 151
160 156 152
160 156 153
160 156 154
160 156 155
160 156 156
160 156 157
160 156 158
160 156 159
160 156 160
160 156 161
160 156 162
160 156 163
160 156 164
160 156 165
160 156 166
160 156 167
160 156 168
160 156 169
160 156 170
160 156 171
160 156 172
160 156 173
160 156 174
160 156 175
160 156 176
160 156 177
160 156 178
160 156 179
160 156 180
160 156 181
160 156 182
160 156 183
160 156 184
160 156 185
160 156 186
160 156 187
160 156 188
160 156 189
160 156 190
160 156 191
160 156 192
160 156 193
160 156 194
160 156 195
160 156 196
160 156 197
160 156 198
160 157 2
160 157 3
160 157 4
160 157 5
160 157 6
160 157 7
160 157 8
160 157 9
160 157 10
160 157 11
160 157 12
160 157 13
160 157 14
160 157 15
160 157 16
160 157 17
160 157 18
160 157 19
160 157 20
160 157 21
160 157 22
160 157 23
160 157 24
160 157 25
160 157 26
160 157 27
160 157 28
160 157 29
160 157 30
160 157 31
160 157 32
160 157 33
160 157 34
160 157 35
160 157 36
160 157 37
160 157 38
160 157 39
160 157 40
160 157 41
160 157 42
160 157 43
160 157 44
160 157 45
160 157 46
160 157 47
160 157 48
160 157 49
160 157 50
160 157 51
160 157 52
160 157 53
160 157 54
160 157 55
160 157 56
160 157 57
160 157 58
160 157 59
160 157 60
160 157 61
160 157 62
160 157 63
160 157 64
160 157 65
160 157 66
160 157 67
160 157 68
160 157 69
160 157 70
160 157 71
160 157 72
160 157 73
160 157 74
160 157 75
160 157 76
160 157 77
160 157 78
160 157 79
160 157 80
160 157 81
160 157 82
160 157 83
160 157 84
160 157 85
160 157 86
160 157 87
160 157 88
160 157 89
160 157 90
160 157 91
160 157 92
160 157 93
160 157 94
160 157 95
160 157 96
160 157 97
160 157 98
160 157 99
160 157 100
160 157 101
160 157 102
160 157 103
160 157 104
160 157 105
160 157 106
160 157 107
160 157 108
160 157 109
160 157 110
160 157 111
160 157 112
160 157 113
160 157 114
160 157 115
160 157 116
160 157 117
160 157 118
160 157 119
160 157 120
160 157 121
160 157 122
160 157 123
160 157 124
160 157 125
160 157 126
160 157 127
160 157 128
160 157 129
160 157 130
160 157 131
160 157 132
160 157 133
160 157 134
160 157 135
160 157 136
160 157 137
160 157 138
160 157 139
160 157 140
160 157 141
160 157 142
160 157 143
160 157 144
160 157 145
160 157 146
160 157 147
160 157 148
160 157 149
160 157 150
160 157 151
160 157 152
160 157 153
160 157 154
160 157 155
160 157 156
160 157 157
160 157 158
160 157 159
160 157 160
160 157 161
160 157 162
160 157 163
160 157 164
160 157 165
160 157 166
160 157 167
160 157 168
160 157 169
160 157 170
160 157 171
160 157 172
160 157 173
160 157 174
160 157 175
160 157 176
160 157 177
160 157 178
160 157 179
160 157 180
160 157 181
160 157 182
160 157 183
160 157 184
160 157 185
160 157 186
160 157 187
160 157 188
160 157 189
160 157 190
160 157 191
160 157 192
160 157 193
160 157 194
160 157 195
160 157 196
160 157 197
160 157 198
160 158 2
160 158 3
160 158 4
160 158 5
160 158 6
160 158 7
160 158 8
160 158 9
160 158 10
160 158 11
160 158 12
160 158 13
160 158 14
160 158 15
160 158 16
160 158 17
160 158 18
160 158 19
160 158 20
160 158 21
160 158 22
160 158 23
160 158 24
160 158 25
160 158 26
160 158 27
160 158 28
160 158 29
160 158 30
160 158 31
160 158 32
160 158 33
160 158 34
160 158 35
160 158 36
160 158 37
160 158 38
160 158 39
160 158 40
160 158 41
160 158 42
160 158 43
160 158 44
160 158 45
160 158 46
160 158 47
160 158 48
160 158 49
160 158 50
160 158 51
160 158 52
160 158 53
160 158 54
160 158 55
160 158 56
160 158 57
160 158 58
160 158 59
160 158 60
160 158 61
160 158 62
160 158 63
160 158 64
160 158 65
160 158 66
160 158 67
160 158 68
160 158 69
160 158 70
160 158 71
160 158 72
160 158 73
160 158 74
160 158 75
160 158 76
160 158 77
160 158 78
160 158 79
160 158 80
160 158 81
160 158 82
160 158 83
160 158 84
160 158 85
160 158 86
160 158 87
160 158 88
160 158 89
160 158 90
160 158 91
160 158 92
160 158 93
160 158 94
160 158 95
160 158 96
160 158 97
160 158 98
160 158 99
160 158 100
160 158 101
160 158 102
160 158 103
160 158 104
160 158 105
160 158 106
160 158 107
160 158 108
160 158 109
160 158 110
160 158 111
160 158 112
160 158 113
160 158 114
160 158 115
160 158 116
160 158 117
160 158 118
160 158 119
160 158 120
160 158 121
160 158 122
160 158 123
160 158 124
160 158 125
160 158 126
160 158 127
160 158 128
160 158 129
160 158 130
160 158 131
160 158 132
160 158 133
160 158 134
160 158 135
160 158 136
160 158 137
160 158 138
160 158 139
160 158 140
160 158 141
160 158 142
160 158 143
160 158 144
160 158 145
160 158 146
160 158 147
160 158 148
160 158 149
160 158 150
160 158 151
160 158 152
160 158 153
160 158 154
160 158 155
160 158 156
160 158 157
160 158 158
160 158 159
160 158 160
160 158 161
160 158 162
160 158 163
160 158 164
160 158 165
160 158 166
160 158 167
160 158 168
160 158 169
160 158 170
160 158 171
160 158 172
160 158 173
160 158 174
160 158 175
160 158 176
160 158 177
160 158 178
160 158 179
160 158 180
160 158 181
160 158 182
160 158 183
160 158 184
160 158 185
160 158 186
160 158 187
160 158 188
160 158 189
160 158 190
160 158 191
160 158 192
160 158 193
160 158 194
160 158 195
160 158 196
160 158 197
160 158 198
160 159 2
160 159 3
160 159 4
160 159 5
160 159 6
160 159 7
160 159 8
160 159 9
160 159 10
160 159 11
160 159 12
160 159 13
160 159 14
160 159 15
160 159 16
160 159 17
160 159 18
160 159 19
160 159 20
160 159 21
160 159 22
160 159 23
160 159 24
160 159 25
160 159 26
160 159 27
160 159 28
160 159 29
160 159 30
160 159 31
160 159 32
160 159 33
160 159 34
160 159 35
160 159 36
160 159 37
160 159 38
160 159 39
160 159 40
160 159 41
160 159 42
160 159 43
160 159 44
160 159 45
160 159 46
160 159 47
160 159 48
160 159 49
160 159 50
160 159 51
160 159 52
160 159 53
160 159 54
160 159 55
160 159 56
160 159 57
160 159 58
160 159 59
160 159 60
160 159 61
160 159 62
160 159 63
160 159 64
160 159 65
160 159 66
160 159 67
160 159 68
160 159 69
160 159 70
160 159 71
160 159 72
160 159 73
160 159 74
160 159 75
160 159 76
160 159 77
160 159 78
160 159 79
160 159 80
160 159 81
160 159 82
160 159 83
160 159 84
160 159 85
160 159 86
160 159 87
160 159 88
160 159 89
160 159 90
160 159 91
160 159 92
160 159 93
160 159 94
160 159 95
160 159 96
160 159 97
160 159 98
160 159 99
160 159 100
160 159 101
160 159 102
160 159 103
160 159 104
160 159 105
160 159 106
160 159 107
160 159 108
160 159 109
160 159 110
160 159 111
160 159 112
160 159 113
160 159 114
160 159 115
160 159 116
160 159 117
160 159 118
160 159 119
160 159 120
160 159 121
160 159 122
160 159 123
160 159 124
160 159 125
160 159 126
160 159 127
160 159 128
160 159 129
160 159 130
160 159 131
160 159 132
160 159 133
160 159 134
160 159 135
160 159 136
160 159 137
160 159 138
160 159 139
160 159 140
160 159 141
160 159 142
160 159 143
160 159 144
160 159 145
160 159 146
160 159 147
160 159 148
160 159 149
160 159 150
160 159 151
160 159 152
160 159 153
160 159 154
160 159 155
160 159 156
160 159 157
160 159 158
160 159 159
160 159 160
160 159 161
160 159 162
160 159 163
160 159 164
160 159 165
160 159 166
160 159 167
160 159 168
160 159 169
160 159 170
160 159 171
160 159 172
160 159 173
160 159 174
160 159 175
160 159 176
160 159 177
160 159 178
160 159 179
160 159 180
160 159 181
160 159 182
160 159 183
160 159 184
160 159 185
160 159 186
160 159 187
160 159 188
160 159 189
160 159 190
160 159 191
160 159 192
160 159 193
160 159 194
160 159 195
160 159 196
160 159 197
160 159 198
160 160 2
160 160 3
160 160 4
160 160 5
160 160 6
160 160 7
160 160 8
160 160 9
160 160 10
160 160 11
160 160 12
160 160 13
160 160 14
160 160 15
160 160 16
160 160 17
160 160 18
160 160 19
160 160 20
160 160 21
160 160 22
160 160 23
160 160 24
160 160 25
160 160 26
160 160 27
160 160 28
160 160 29
160 160 30
160 160 31
160 160 32
160 160 33
160 160 34
160 160 35
160 160 36
160 160 37
160 160 38
160 160 39
160 160 40
160 160 41
160 160 42
160 160 43
160 160 44
160 160 45
160 160 46
160 160 47
160 160 48
160 160 49
160 160 50
160 160 51
160 160 52
160 160 53
160 160 54
160 160 55
160 160 56
160 160 57
160 160 58
160 160 59
160 160 60
160 160 61
160 160 62
160 160 63
160 160 64
160 160 65
160 160 66
160 160 67
160 160 68
160 160 69
160 160 70
160 160 71
160 160 72
160 160 73
160 160 74
160 160 75
160 160 76
160 160 77
160 160 78
160 160 79
160 160 80
160 160 81
160 160 82
160 160 83
160 160 84
160 160 85
160 160 86
160 160 87
160 160 88
160 160 89
160 160 90
160 160 91
160 160 92
160 160 93
160 160 94
160 160 95
160 160 96
160 160 97
160 160 98
160 160 99
160 160 100
160 160 101
160 160 102
160 160 103
160 160 104
160 160 105
160 160 106
160 160 107
160 160 108
160 160 109
160 160 110
160 160 111
160 160 112
160 160 113
160 160 114
160 160 115
160 160 116
160 160 117
160 160 118
160 160 119
160 160 120
160 160 121
160 160 122
160 160 123
160 160 124
160 160 125
160 160 126
160 160 127
160 160 128
160 160 129
160 160 130
160 160 131
160 160 132
160 160 133
160 160 134
160 160 135
160 160 136
160 160 137
160 160 138
160 160 139
160 160 140
160 160 141
160 160 142
160 160 143
160 160 144
160 160 145
160 160 146
160 160 147
160 160 148
160 160 149
160 160 150
160 160 151
160 160 152
160 160 153
160 160 154
160 160 155
160 160 156
160 160 157
160 160 158
160 160 159
160 160 160
160 160 161
160 160 162
160 160 163
160 160 164
160 160 165
160 160 166
160 160 167
160 160 168
160 160 169
160 160 170
160 160 171
160 160 172
160 160 173
160 160 174
160 160 175
160 160 176
160 160 177
160 160 178
160 160 179
160 160 180
160 160 181
160 160 182
160 160 183
160 160 184
160 160 185
160 160 186
160 160 187
160 160 188
160 160 189
160 160 190
160 160 191
160 160 192
160 160 193
160 160 194
160 160 195
160 160 196
160 160 197
160 160 198
161 156 2
161 156 3
161 156 4
161 156 5
161 156 6
161 156 7
161 156 8
161 156 9
161 156 10
161 156 11
161 156 12
161 156 13
161 156 14
161 156 15
161 156 16
161 156 17
161 156 18
161 156 19
161 156 20
161 156 21
161 156 22
161 156 23
161 156 24
161 156 25
161 156 26
161 156 27
161 156 28
161 156 29
161 156 30
161 156 31
161 156 32
161 156 33
161 156 34
161 156 35
161 156 36
161 156 37
161 156 38
161 156 39
161 156 40
161 156 41
161 156 42
161 156 43
161 156 44
161 156 45
161 156 46
161 156 47
161 156 48
161 156 49
161 156 50
161 156 51
161 156 52
161 156 53
161 156 54
161 156 55
161 156 56
161 156 57
161 156 58
161 156 59
161 156 60
161 156 61
161 156 62
161 156 63
161 156 64
161 156 65
161 156 66
161 156 67
161 156 68
161 156 69
161 156 70
161 156 71
161 156 72
161 156 73
161 156 74
161 156 75
161 156 76
161 156 77
161 156 78
161 156 79
161 156 80
161 156 81
161 156 82
161 156 83
161 156 84
161 156 85
161 156 86
161 156 87
161 156 88
161 156 89
161 156 90
161 156 91
161 156 92
161 156 93
161 156 94
161 156 95
161 156 96
161 156 97
161 156 98
161 156 99
161 156 100
161 156 101
161 156 102
161 156 103
161 156 104
161 156 105
161 156 106
161 156 107
161 156 108
161 156 109
161 156 110
161 156 111
161 156 112
161 156 113
161 156 114
161 156 115
161 156 116
161 156 117
161 156 118
161 156 119
161 156 120
161 156 121
161 156 122
161 156 123
161 156 124
161 156 125
161 156 126
161 156 127
161 156 128
161 156 129
161 156 130
161 156 131
161 156 132
161 156 133
161 156 134
161 156 135
161 156 136
161 156 137
161 156 138
161 156 139
161 156 140
161 156 141
161 156 142
161 156 143
161 156 144
161 156 145
161 156 146
161 156 147
161 156 148
161 156 149
161 156 150
161 156 151
161 156 152
161 156 153
161 156 154
161 156 155
161 156 156
161 156 157
161 156 158
161 156 159
161 156 160
161 156 161
161 156 162
161 156 163
161 156 164
161 156 165
161 156 166
161 156 167
161 156 168
161 156 169
161 156 170
161 156 171
161 156 172
161 156 173
161 156 174
161 156 175
161 156 176
161 156 177
161 156 178
161 156 179
161 156 180
161 156 181
161 156 182
161 156 183
161 156 184
161 156 185
161 156 186
161 156 187
161 156 188
161 156 189
161 156 190
161 156 191
161 156 192
161 156 193
161 156 194
161 156 195
161 156 196
161 156 197
161 156 198
161 157 2
161 157 3
161 157 4
161 157 5
161 157 6
161 157 7
161 157 8
161 157 9
161 157 10
161 157 11
161 157 12
161 157 13
161 157 14
161 157 15
161 157 16
161 157 17
161 157 18
161 157 19
161 157 20
161 157 21
161 157 22
161 157 23
161 157 24
161 157 25
161 157 26
161 157 27
161 157 28
161 157 29
161 157 30
161 157 31
161 157 32
161 157 33
161 157 34
161 157 35
161 157 36
161 157 37
161 157 38
161 157 39
161 157 40
161 157 41
161 157 42
161 157 43
161 157 44
161 157 45
161 157 46
161 157 47
161 157 48
161 157 49
161 157 50
161 157 51
161 157 52
161 157 53
161 157 54
161 157 55
161 157 56
161 157 57
161 157 58
161 157 59
161 157 60
161 157 61
161 157 62
161 157 63
161 157 64
161 157 65
161 157 66
161 157 67
161 157 68
161 157 69
161 157 70
161 157 71
161 157 72
161 157 73
161 157 74
161 157 75
161 157 76
161 157 77
161 157 78
161 157 79
161 157 80
161 157 81
161 157 82
161 157 83
161 157 84
161 157 85
161 157 86
161 157 87
161 157 88
161 157 89
161 157 90
161 157 91
161 157 92
161 157 93
161 157 94
161 157 95
161 157 96
161 157 97
161 157 98
161 157 99
161 157 100
161 157 101
161 157 102
161 157 103
161 157 104
161 157 105
161 157 106
161 157 107
161 157 108
161 157 109
161 157 110
161 157 111
161 157 112
161 157 113
161 157 114
161 157 115
161 157 116
161 157 117
161 157 118
161 157 119
161 157 120
161 157 121
161 157 122
161 157 123
161 157 124
161 157 125
161 157 126
161 157 127
161 157 128
161 157 129
161 157 130
161 157 131
161 157 132
161 157 133
161 157 134
161 157 135
161 157 136
161 157 137
161 157 138
161 157 139
161 157 140
161 157 141
161 157 142
161 157 143
161 157 144
161 157 145
161 157 146
161 157 147
161 157 148
161 157 149
161 157 150
161 157 151
161 157 152
161 157 153
161 157 154
161 157 155
161 157 156
161 157 157
161 157 158
161 157 159
161 157 160
161 157 161
161 157 162
161 157 163
161 157 164
161 157 165
161 157 166
161 157 167
161 157 168
161 157 169
161 157 170
161 157 171
161 157 172
161 157 173
161 157 174
161 157 175
161 157 176
161 157 177
161 157 178
161 157 179
161 157 180
161 157 181
161 157 182
161 157 183
161 157 184
161 157 185
161 157 186
161 157 187
161 157 188
161 157 189
161 157 190
161 157 191
161 157 192
161 157 193
161 157 194
161 157 195
161 157 196
161 157 197
161 157 198
161 158 2
161 158 3
161 158 4
161 158 5
161 158 6
161 158 7
161 158 8
161 158 9
161 158 10
161 158 11
161 158 12
161 158 13
161 158 14
161 158 15
161 158 16
161 158 17
161 158 18
161 158 19
161 158 20
161 158 21
161 158 22
161 158 23
161 158 24
161 158 25
161 158 26
161 158 27
161 158 28
161 158 29
161 158 30
161 158 31
161 158 32
161 158 33
161 158 34
161 158 35
161 158 36
161 158 37
161 158 38
161 158 39
161 158 40
161 158 41
161 158 42
161 158 43
161 158 44
161 158 45
161 158 46
161 158 47
161 158 48
161 158 49
161 158 50
161 158 51
161 158 52
161 158 53
161 158 54
161 158 55
161 158 56
161 158 57
161 158 58
161 158 59
161 158 60
161 158 61
161 158 62
161 158 63
161 158 64
161 158 65
161 158 66
161 158 67
161 158 68
161 158 69
161 158 70
161 158 71
161 158 72
161 158 73
161 158 74
161 158 75
161 158 76
161 158 77
161 158 78
161 158 79
161 158 80
161 158 81
161 158 82
161 158 83
161 158 84
161 158 85
161 158 86
161 158 87
161 158 88
161 158 89
161 158 90
161 158 91
161 158 92
161 158 93
161 158 94
161 158 95
161 158 96
161 158 97
161 158 98
161 158 99
161 158 100
161 158 101
161 158 102
161 158 103
161 158 104
161 158 105
161 158 106
161 158 107
161 158 108
161 158 109
161 158 110
161 158 111
161 158 112
161 158 113
161 158 114
161 158 115
161 158 116
161 158 117
161 158 118
161 158 119
161 158 120
161 158 121
161 158 122
161 158 123
161 158 124
161 158 125
161 158 126
161 158 127
161 158 128
161 158 129
161 158 130
161 158 131
161 158 132
161 158 133
161 158 134
161 158 135
161 158 136
161 158 137
161 158 138
161 158 139
161 158 140
161 158 141
161 158 142
161 158 143
161 158 144
161 158 145
161 158 146
161 158 147
161 158 148
161 158 149
161 158 150
161 158 151
161 158 152
161 158 153
161 158 154
161 158 155
161 158 156
161 158 157
161 158 158
161 158 159
161 158 160
161 158 161
161 158 162
161 158 163
161 158 164
161 158 165
161 158 166
161 158 167
161 158 168
161 158 169
161 158 170
161 158 171
161 158 172
161 158 173
161 158 174
161 158 175
161 158 176
161 158 177
161 158 178
161 158 179
161 158 180
161 158 181
161 158 182
161 158 183
161 158 184
161 158 185
161 158 186
161 158 187
161 158 188
161 158 189
161 158 190
161 158 191
161 158 192
161 158 193
161 158 194
161 158 195
161 158 196
161 158 197
161 158 198
161 159 2
161 159 3
161 159 4
161 159 5
161 159 6
161 159 7
161 159 8
161 159 9
161 159 10
161 159 11
161 159 12
161 159 13
161 159 14
161 159 15
161 159 16
161 159 17
161 159 18
161 159 19
161 159 20
161 159 21
161 159 22
161 159 23
161 159 24
161 159 25
161 159 26
161 159 27
161 159 28
161 159 29
161 159 30
161 159 31
161 159 32
161 159 33
161 159 34
161 159 35
161 159 36
161 159 37
161 159 38
161 159 39
161 159 40
161 159 41
161 159 42
161 159 43
161 159 44
161 159 45
161 159 46
161 159 47
161 159 48
161 159 49
161 159 50
161 159 51
161 159 52
161 159 53
161 159 54
161 159 55
161 159 56
161 159 57
161 159 58
161 159 59
161 159 60
161 159 61
161 159 62
161 159 63
161 159 64
161 159 65
161 159 66
161 159 67
161 159 68
161 159 69
161 159 70
161 159 71
161 159 72
161 159 73
161 159 74
161 159 75
161 159 76
161 159 77
161 159 78
161 159 79
161 159 80
161 159 81
161 159 82
161 159 83
161 159 84
161 159 85
161 159 86
161 159 87
161 159 88
161 159 89
161 159 90
161 159 91
161 159 92
161 159 93
161 159 94
161 159 95
161 159 96
161 159 97
161 159 98
161 159 99
161 159 100
161 159 101
161 159 102
161 159 103
161 159 104
161 159 105
161 159 106
161 159 107
161 159 108
161 159 109
161 159 110
161 159 111
161 159 112
161 159 113
161 159 114
161 159 115
161 159 116
161 159 117
161 159 118
161 159 119
161 159 120
161 159 121
161 159 122
161 159 123
161 159 124
161 159 125
161 159 126
161 159 127
161 159 128
161 159 129
161 159 130
161 159 131
161 159 132
161 159 133
161 159 134
161 159 135
161 159 136
161 159 137
161 159 138
161 159 139
161 159 140
161 159 141
161 159 142
161 159 143
161 159 144
161 159 145
161 159 146
161 159 147
161 159 148
161 159 149
161 159 150
161 159 151
161 159 152
161 159 153
161 159 154
161 159 155
161 159 156
161 159 157
161 159 158
161 159 159
161 159 160
161 159 161
161 159 162
161 159 163
161 159 164
161 159 165
161 159 166
161 159 167
161 159 168
161 159 169
161 159 170
161 159 171
161 159 172
161 159 173
161 159 174
161 159 175
161 159 176
161 159 177
161 159 178
161 159 179
161 159 180
161 159 181
161 159 182
161 159 183
161 159 184
161 159 185
161 159 186
161 159 187
161 159 188
161 159 189
161 159 190
161 159 191
161 159 192
161 159 193
161 159 194
161 159 195
161 159 196
161 159 197
161 159 198
161 160 2
161 160 3
161 160 4
161 160 5
161 160 6
161 160 7
161 160 8
161 160 9
161 160 10
161 160 11
161 160 12
161 160 13
161 160 14
161 160 15
161 160 16
161 160 17
161 160 18
161 160 19
161 160 20
161 160 21
161 160 22
161 160 23
161 160 24
161 160 25
161 160 26
161 160 27
161 160 28
161 160 29
161 160 30
161 160 31
161 160 32
161 160 33
161 160 34
161 160 35
161 160 36
161 160 37
161 160 38
161 160 39
161 160 40
161 160 41
161 160 42
161 160 43
161 160 44
161 160 45
161 160 46
161 160 47
161 160 48
161 160 49
161 160 50
161 160 51
161 160 52
161 160 53
161 160 54
161 160 55
161 160 56
161 160 57
161 160 58
161 160 59
161 160 60
161 160 61
161 160 62
161 160 63
161 160 64
161 160 65
161 160 66
161 160 67
161 160 68
161 160 69
161 160 70
161 160 71
161 160 72
161 160 73
161 160 74
161 160 75
161 160 76
161 160 77
161 160 78
161 160 79
161 160 80
161 160 81
161 160 82
161 160 83
161 160 84
161 160 85
161 160 86
161 160 87
161 160 88
161 160 89
161 160 90
161 160 91
161 160 92
161 160 93
161 160 94
161 160 95
161 160 96
161 160 97
161 160 98
161 160 99
161 160 100
161 160 101
161 160 102
161 160 103
161 160 104
161 160 105
161 160 106
161 160 107
161 160 108
161 160 109
161 160 110
161 160 111
161 160 112
161 160 113
161 160 114
161 160 115
161 160 116
161 160 117
161 160 118
161 160 119
161 160 120
161 160 121
161 160 122
161 160 123
161 160 124
161 160 125
161 160 126
161 160 127
161 160 128
161 160 129
161 160 130
161 160 131
161 160 132
161 160 133
161 160 134
161 160 135
161 160 136
161 160 137
161 160 138
161 160 139
161 160 140
161 160 141
161 160 142
161 160 143
161 160 144
161 160 145
161 160 146
161 160 147
161 160 148
161 160 149
161 160 150
161 160 151
161 160 152
161 160 153
161 160 154
161 160 155
161 160 156
161 160 157
161 160 158
161 160 159
161 160 160
161 160 161
161 160 162
161 160 163
161 160 164
161 160 165
161 160 166
161 160 167
161 160 168
161 160 169
161 160 170
161 160 171
161 160 172
161 160 173
161 160 174
161 160 175
161 160 176
161 160 177
161 160 178
161 160 179
161 160 180
161 160 181
161 160 182
161 160 183
161 160 184
161 160 185
161 160 186
161 160 187
161 160 188
161 160 189
161 160 190
161 160 191
161 160 192
161 160 193
161 160 194
161 160 195
161 160 196
161 160 197
161 160 198
162 156 2
162 156 3
162 156 4
162 156 5
162 156 6
162 156 7
162 156 8
162 156 9
162 156 10
162 156 11
162 156 12
162 156 13
162 156 14
162 156 15
162 156 16
162 156 17
162 156 18
162 156 19
162 156 20
162 156 21
162 156 22
162 156 23
162 156 24
162 156 25
162 156 26
162 156 27
162 156 28
162 156 29
162 156 30
162 156 31
162 156 32
162 156 33
162 156 34
162 156 35
162 156 36
162 156 37
162 156 38
162 156 39
162 156 40
162 156 41
162 156 42
162 156 43
162 156 44
162 156 45
162 156 46
162 156 47
162 156 48
162 156 49
162 156 50
162 156 51
162 156 52
162 156 53
162 156 54
162 156 55
162 156 56
162 156 57
162 156 58
162 156 59
162 156 60
162 156 61
162 156 62
162 156 63
162 156 64
162 156 65
162 156 66
162 156 67
162 156 68
162 156 69
162 156 70
162 156 71
162 156 72
162 156 73
162 156 74
162 156 75
162 156 76
162 156 77
162 156 78
162 156 79
162 156 80
162 156 81
162 156 82
162 156 83
162 156 84
162 156 85
162 156 86
162 156 87
162 156 88
162 156 89
162 156 90
162 156 91
162 156 92
162 156 93
162 156 94
162 156 95
162 156 96
162 156 97
162 156 98
162 156 99
162 156 100
162 156 101
162 156 102
162 156 103
162 156 104
162 156 105
162 156 106
162 156 107
162 156 108
162 156 109
162 156 110
162 156 111
162 156 112
162 156 113
162 156 114
162 156 115
162 156 116
162 156 117
162 156 118
162 156 119
162 156 120
162 156 121
162 156 122
162 156 123
162 156 124
162 156 125
162 156 126
162 156 127
162 156 128
162 156 129
162 156 130
162 156 131
162 156 132
162 156 133
162 156 134
162 156 135
162 156 136
162 156 137
162 156 138
162 156 139
162 156 140
162 156 141
162 156 142
162 156 143
162 156 144
162 156 145
162 156 146
162 156 147
162 156 148
162 156 149
162 156 150
162 156 151
162 156 152
162 156 153
162 156 154
162 156 155
162 156 156
162 156 157
162 156 158
162 156 159
162 156 160
162 156 161
162 156 162
162 156 163
162 156 164
162 156 165
162 156 166
162 156 167
162 156 168
162 156 169
162 156 170
162 156 171
162 156 172
162 156 173
162 156 174
162 156 175
162 156 176
162 156 177
162 156 178
162 156 179
162 156 180
162 156 181
162 156 182
162 156 183
162 156 184
162 156 185
162 156 186
162 156 187
162 156 188
162 156 189
162 156 190
162 156 191
162 156 192
162 156 193
162 156 194
162 156 195
162 156 196
162 156 197
162 156 198
162 157 2
162 157 3
162 157 4
162 157 5
162 157 6
162 157 7
162 157 8
162 157 9
162 157 10
162 157 11
162 157 12
162 157 13
162 157 14
162 157 15
162 157 16
162 157 17
162 157 18
162 157 19
162 157 20
162 157 21
162 157 22
162 157 23
162 157 24
162 157 25
162 157 26
162 157 27
162 157 28
162 157 29
162 157 30
162 157 31
162 157 32
162 157 33
162 157 34
162 157 35
162 157 36
162 157 37
162 157 38
162 157 39
162 157 40
162 157 41
162 157 42
162 157 43
162 157 44
162 157 45
162 157 46
162 157 47
162 157 48
162 157 49
162 157 50
162 157 51
162 157 52
162 157 53
162 157 54
162 157 55
162 157 56
162 157 57
162 157 58
162 157 59
162 157 60
162 157 61
162 157 62
162 157 63
162 157 64
162 157 65
162 157 66
162 157 67
162 157 68
162 157 69
162 157 70
162 157 71
162 157 72
162 157 73
162 157 74
162 157 75
162 157 76
162 157 77
162 157 78
162 157 79
162 157 80
162 157 81
162 157 82
162 157 83
162 157 84
162 157 85
162 157 86
162 157 87
162 157 88
162 157 89
162 157 90
162 157 91
162 157 92
162 157 93
162 157 94
162 157 95
162 157 96
162 157 97
162 157 98
162 157 99
162 157 100
162 157 101
162 157 102
162 157 103
162 157 104
162 157 105
162 157 106
162 157 107
162 157 108
162 157 109
162 157 110
162 157 111
162 157 112
162 157 113
162 157 114
162 157 115
162 157 116
162 157 117
162 157 118
162 157 119
162 157 120
162 157 121
162 157 122
162 157 123
162 157 124
162 157 125
162 157 126
162 157 127
162 157 128
162 157 129
162 157 130
162 157 131
162 157 132
162 157 133
162 157 134
162 157 135
162 157 136
162 157 137
162 157 138
162 157 139
162 157 140
162 157 141
162 157 142
162 157 143
162 157 144
162 157 145
162 157 146
162 157 147
162 157 148
162 157 149
162 157 150
162 157 151
162 157 152
162 157 153
162 157 154
162 157 155
162 157 156
162 157 157
162 157 158
162 157 159
162 157 160
162 157 161
162 157 162
162 157 163
162 157 164
162 157 165
162 157 166
162 157 167
162 157 168
162 157 169
162 157 170
162 157 171
162 157 172
162 157 173
162 157 174
162 157 175
162 157 176
162 157 177
162 157 178
162 157 179
162 157 180
162 157 181
162 157 182
162 157 183
162 157 184
162 157 185
162 157 186
162 157 187
162 157 188
162 157 189
162 157 190
162 157 191
162 157 192
162 157 193
162 157 194
162 157 195
162 157 196
162 157 197
162 157 198
162 158 2
162 158 3
162 158 4
162 158 5
162 158 6
162 158 7
162 158 8
162 158 9
162 158 10
162 158 11
162 158 12
162 158 13
162 158 14
162 158 15
162 158 16
162 158 17
162 158 18
162 158 19
162 158 20
162 158 21
162 158 22
162 158 23
162 158 24
162 158 25
162 158 26
162 158 27
162 158 28
162 158 29
162 158 30
162 158 31
162 158 32
162 158 33
162 158 34
162 158 35
162 158 36
162 158 37
162 158 38
162 158 39
162 158 40
162 158 41
162 158 42
162 158 43
162 158 44
162 158 45
162 158 46
162 158 47
162 158 48
162 158 49
162 158 50
162 158 51
162 158 52
162 158 53
162 158 54
162 158 55
162 158 56
162 158 57
162 158 58
162 158 59
162 158 60
162 158 61
162 158 62
162 158 63
162 158 64
162 158 65
162 158 66
162 158 67
162 158 68
162 158 69
162 158 70
162 158 71
162 158 72
162 158 73
162 158 74
162 158 75
162 158 76
162 158 77
162 158 78
162 158 79
162 158 80
162 158 81
162 158 82
162 158 83
162 158 84
162 158 85
162 158 86
162 158 87
162 158 88
162 158 89
162 158 90
162 158 91
162 158 92
162 158 93
162 158 94
162 158 95
162 158 96
162 158 97
162 158 98
162 158 99
162 158 100
162 158 101
162 158 102
162 158 103
162 158 104
162 158 105
162 158 106
162 158 107
162 158 108
162 158 109
162 158 110
162 158 111
162 158 112
162 158 113
162 158 114
162 158 115
162 158 116
162 158 117
162 158 118
162 158 119
162 158 120
162 158 121
162 158 122
162 158 123
162 158 124
162 158 125
162 158 126
162 158 127
162 158 128
162 158 129
162 158 130
162 158 131
162 158 132
162 158 133
162 158 134
162 158 135
162 158 136
162 158 137
162 158 138
162 158 139
162 158 140
162 158 141
162 158 142
162 158 143
162 158 144
162 158 145
162 158 146
162 158 147
162 158 148
162 158 149
162 158 150
162 158 151
162 158 152
162 158 153
162 158 154
162 158 155
162 158 156
162 158 157
162 158 158
162 158 159
162 158 160
162 158 161
162 158 162
162 158 163
162 158 164
162 158 165
162 158 166
162 158 167
162 158 168
162 158 169
162 158 170
162 158 171
162 158 172
162 158 173
162 158 174
162 158 175
162 158 176
162 158 177
162 158 178
162 158 179
162 158 180
162 158 181
162 158 182
162 158 183
162 158 184
162 158 185
162 158 186
162 158 187
162 158 188
162 158 189
162 158 190
162 158 191
162 158 192
162 158 193
162 158 194
162 158 195
162 158 196
162 158 197
162 158 198
162 159 2
162 159 3
162 159 4
162 159 5
162 159 6
162 159 7
162 159 8
162 159 9
162 159 10
162 159 11
162 159 12
162 159 13
162 159 14
162 159 15
162 159 16
162 159 17
162 159 18
162 159 19
162 159 20
162 159 21
162 159 22
162 159 23
162 159 24
162 159 25
162 159 26
162 159 27
162 159 28
162 159 29
162 159 30
162 159 31
162 159 32
162 159 33
162 159 34
162 159 35
162 159 36
162 159 37
162 159 38
162 159 39
162 159 40
162 159 41
162 159 42
162 159 43
162 159 44
162 159 45
162 159 46
162 159 47
162 159 48
162 159 49
162 159 50
162 159 51
162 159 52
162 159 53
162 159 54
162 159 55
162 159 56
162 159 57
162 159 58
162 159 59
162 159 60
162 159 61
162 159 62
162 159 63
162 159 64
162 159 65
162 159 66
162 159 67
162 159 68
162 159 69
162 159 70
162 159 71
162 159 72
162 159 73
162 159 74
162 159 75
162 159 76
162 159 77
162 159 78
162 159 79
162 159 80
162 159 81
162 159 82
162 159 83
162 159 84
162 159 85
162 159 86
162 159 87
162 159 88
162 159 89
162 159 90
162 159 91
162 159 92
162 159 93
162 159 94
162 159 95
162 159 96
162 159 97
162 159 98
162 159 99
162 159 100
162 159 101
162 159 102
162 159 103
162 159 104
162 159 105
162 159 106
162 159 107
162 159 108
162 159 109
162 159 110
162 159 111
162 159 112
162 159 113
162 159 114
162 159 115
162 159 116
162 159 117
162 159 118
162 159 119
162 159 120
162 159 121
162 159 122
162 159 123
162 159 124
162 159 125
162 159 126
162 159 127
162 159 128
162 159 129
162 159 130
162 159 131
162 159 132
162 159 133
162 159 134
162 159 135
162 159 136
162 159 137
162 159 138
162 159 139
162 159 140
162 159 141
162 159 142
162 159 143
162 159 144
162 159 145
162 159 146
162 159 147
162 159 148
162 159 149
162 159 150
162 159 151
162 159 152
162 159 153
162 159 154
162 159 155
162 159 156
162 159 157
162 159 158
162 159 159
162 159 160
162 159 161
162 159 162
162 159 163
162 159 164
162 159 165
162 159 166
162 159 167
162 159 168
162 159 169
162 159 170
162 159 171
162 159 172
162 159 173
162 159 174
162 159 175
162 159 176
162 159 177
162 159 178
162 159 179
162 159 180
162 159 181
162 159 182
162 159 183
162 159 184
162 159 185
162 159 186
162 159 187
162 159 188
162 159 189
162 159 190
162 159 191
162 159 192
162 159 193
162 159 194
162 159 195
162 159 196
162 159 197
162 159 198
162 160 2
162 160 3
162 160 4
162 160 5
162 160 6
162 160 7
162 160 8
162 160 9
162 160 10
162 160 11
162 160 12
162 160 13
162 160 14
162 160 15
162 160 16
162 160 17
162 160 18
162 160 19
162 160 20
162 160 21
162 160 22
162 160 23
162 160 24
162 160 25
162 160 26
162 160 27
162 160 28
162 160 29
162 160 30
162 160 31
162 160 32
162 160 33
162 160 34
162 160 35
162 160 36
162 160 37
162 160 38
162 160 39
162 160 40
162 160 41
162 160 42
162 160 43
162 160 44
162 160 45
162 160 46
162 160 47
162 160 48
162 160 49
162 160 50
162 160 51
162 160 52
162 160 53
162 160 54
162 160 55
162 160 56
162 160 57
162 160 58
162 160 59
162 160 60
162 160 61
162 160 62
162 160 63
162 160 64
162 160 65
162 160 66
162 160 67
162 160 68
162 160 69
162 160 70
162 160 71
162 160 72
162 160 73
162 160 74
162 160 75
162 160 76
162 160 77
162 160 78
162 160 79
162 160 80
162 160 81
162 160 82
162 160 83
162 160 84
162 160 85
162 160 86
162 160 87
162 160 88
162 160 89
162 160 90
162 160 91
162 160 92
162 160 93
162 160 94
162 160 95
162 160 96
162 160 97
162 160 98
162 160 99
162 160 100
162 160 101
162 160 102
162 160 103
162 160 104
162 160 105
162 160 106
162 160 107
162 160 108
162 160 109
162 160 110
162 160 111
162 160 112
162 160 113
162 160 114
162 160 115
162 160 116
162 160 117
162 160 118
162 160 119
162 160 120
162 160 121
162 160 122
162 160 123
162 160 124
162 160 125
162 160 126
162 160 127
162 160 128
162 160 129
162 160 130
162 160 131
162 160 132
162 160 133
162 160 134
162 160 135
162 160 136
162 160 137
162 160 138
162 160 139
162 160 140
162 160 141
162 160 142
162 160 143
162 160 144
162 160 145
162 160 146
162 160 147
162 160 148
162 160 149
162 160 150
162 160 151
162 160 152
162 160 153
162 160 154
162 160 155
162 160 156
162 160 157
162 160 158
162 160 159
162 160 160
162 160 161
162 160 162
162 160 163
162 160 164
162 160 165
162 160 166
162 160 167
162 160 168
162 160 169
162 160 170
162 160 171
162 160 172
162 160 173
162 160 174
162 160 175
162 160 176
162 160 177
162 160 178
162 160 179
162 160 180
162 160 181
162 160 182
162 160 183
162 160 184
162 160 185
162 160 186
162 160 187
162 160 188
162 160 189
162 160 190
162 160 191
162 160 192
162 160 193
162 160 194
162 160 195
162 160 196
162 160 197
162 160 198
163 156 2
163 156 3
163 156 4
163 156 5
163 156 6
163 156 7
163 156 8
163 156 9
163 156 10
163 156 11
163 156 12
163 156 13
163 156 14
163 156 15
163 156 16
163 156 17
163 156 18
163 156 19
163 156 20
163 156 21
163 156 22
163 156 23
163 156 24
163 156 25
163 156 26
163 156 27
163 156 28
163 156 29
163 156 30
163 156 31
163 156 32
163 156 33
163 156 34
163 156 35
163 156 36
163 156 37
163 156 38
163 156 39
163 156 40
163 156 41
163 156 42
163 156 43
163 156 44
163 156 45
163 156 46
163 156 47
163 156 48
163 156 49
163 156 50
163 156 51
163 156 52
163 156 53
163 156 54
163 156 55
163 156 56
163 156 57
163 156 58
163 156 59
163 156 60
163 156 61
163 156 62
163 156 63
163 156 64
163 156 65
163 156 66
163 156 67
163 156 68
163 156 69
163 156 70
163 156 71
163 156 72
163 156 73
163 156 74
163 156 75
163 156 76
163 156 77
163 156 78
163 156 79
163 156 80
163 156 81
163 156 82
163 156 83
163 156 84
163 156 85
163 156 86
163 156 87
163 156 88
163 156 89
163 156 90
163 156 91
163 156 92
163 156 93
163 156 94
163 156 95
163 156 96
163 156 97
163 156 98
163 156 99
163 156 100
163 156 101
163 156 102
163 156 103
163 156 104
163 156 105
163 156 106
163 156 107
163 156 108
163 156 109
163 156 110
163 156 111
163 156 112
163 156 113
163 156 114
163 156 115
163 156 116
163 156 117
163 156 118
163 156 119
163 156 120
163 156 121
163 156 122
163 156 123
163 156 124
163 156 125
163 156 126
163 156 127
163 156 128
163 156 129
163 156 130
163 156 131
163 156 132
163 156 133
163 156 134
163 156 135
163 156 136
163 156 137
163 156 138
163 156 139
163 156 140
163 156 141
163 156 142
163 156 143
163 156 144
163 156 145
163 156 146
163 156 147
163 156 148
163 156 149
163 156 150
163 156 151
163 156 152
163 156 153
163 156 154
163 156 155
163 156 156
163 156 157
163 156 158
163 156 159
163 156 160
163 156 161
163 156 162
163 156 163
163 156 164
163 156 165
163 156 166
163 156 167
163 156 168
163 156 169
163 156 170
163 156 171
163 156 172
163 156 173
163 156 174
163 156 175
163 156 176
163 156 177
163 156 178
163 156 179
163 156 180
163 156 181
163 156 182
163 156 183
163 156 184
163 156 185
163 156 186
163 156 187
163 156 188
163 156 189
163 156 190
163 156 191
163 156 192
163 156 193
163 156 194
163 156 195
163 156 196
163 156 197
163 156 198
163 157 2
163 157 3
163 157 4
163 157 5
163 157 6
163 157 7
163 157 8
163 157 9
163 157 10
163 157 11
163 157 12
163 157 13
163 157 14
163 157 15
163 157 16
163 157 17
163 157 18
163 157 19
163 157 20
163 157 21
163 157 22
163 157 23
163 157 24
163 157 25
163 157 26
163 157 27
163 157 28
163 157 29
163 157 30
163 157 31
163 157 32
163 157 33
163 157 34
163 157 35
163 157 36
163 157 37
163 157 38
163 157 39
163 157 40
163 157 41
163 157 42
163 157 43
163 157 44
163 157 45
163 157 46
163 157 47
163 157 48
163 157 49
163 157 50
163 157 51
163 157 52
163 157 53
163 157 54
163 157 55
163 157 56
163 157 57
163 157 58
163 157 59
163 157 60
163 157 61
163 157 62
163 157 63
163 157 64
163 157 65
163 157 66
163 157 67
163 157 68
163 157 69
163 157 70
163 157 71
163 157 72
163 157 73
163 157 74
163 157 75
163 157 76
163 157 77
163 157 78
163 157 79
163 157 80
163 157 81
163 157 82
163 157 83
163 157 84
163 157 85
163 157 86
163 157 87
163 157 88
163 157 89
163 157 90
163 157 91
163 157 92
163 157 93
163 157 94
163 157 95
163 157 96
163 157 97
163 157 98
163 157 99
163 157 100
163 157 101
163 157 102
163 157 103
163 157 104
163 157 105
163 157 106
163 157 107
163 157 108
163 157 109
163 157 110
163 157 111
163 157 112
163 157 113
163 157 114
163 157 115
163 157 116
163 157 117
163 157 118
163 157 119
163 157 120
163 157 121
163 157 122
163 157 123
163 157 124
163 157 125
163 157 126
163 157 127
163 157 128
163 157 129
163 157 130
163 157 131
163 157 132
163 157 133
163 157 134
163 157 135
163 157 136
163 157 137
163 157 138
163 157 139
163 157 140
163 157 141
163 157 142
163 157 143
163 157 144
163 157 145
163 157 146
163 157 147
163 157 148
163 157 149
163 157 150
163 157 151
163 157 152
163 157 153
163 157 154
163 157 155
163 157 156
163 157 157
163 157 158
163 157 159
163 157 160
163 157 161
163 157 162
163 157 163
163 157 164
163 157 165
163 157 166
163 157 167
163 157 168
163 157 169
163 157 170
163 157 171
163 157 172
163 157 173
163 157 174
163 157 175
163 157 176
163 157 177
163 157 178
163 157 179
163 157 180
163 157 181
163 157 182
163 157 183
163 157 184
163 157 185
163 157 186
163 157 187
163 157 188
163 157 189
163 157 190
163 157 191
163 157 192
163 157 193
163 157 194
163 157 195
163 157 196
163 157 197
163 157 198
163 158 2
163 158 3
163 158 4
163 158 5
163 158 6
163 158 7
163 158 8
163 158 9
163 158 10
163 158 11
163 158 12
163 158 13
163 158 14
163 158 15
163 158 16
163 158 17
163 158 18
163 158 19
163 158 20
163 158 21
163 158 22
163 158 23
163 158 24
163 158 25
163 158 26
163 158 27
163 158 28
163 158 29
163 158 30
163 158 31
163 158 32
163 158 33
163 158 34
163 158 35
163 158 36
163 158 37
163 158 38
163 158 39
163 158 40
163 158 41
163 158 42
163 158 43
163 158 44
163 158 45
163 158 46
163 158 47
163 158 48
163 158 49
163 158 50
163 158 51
163 158 52
163 158 53
163 158 54
163 158 55
163 158 56
163 158 57
163 158 58
163 158 59
163 158 60
163 158 61
163 158 62
163 158 63
163 158 64
163 158 65
163 158 66
163 158 67
163 158 68
163 158 69
163 158 70
163 158 71
163 158 72
163 158 73
163 158 74
163 158 75
163 158 76
163 158 77
163 158 78
163 158 79
163 158 80
163 158 81
163 158 82
163 158 83
163 158 84
163 158 85
163 158 86
163 158 87
163 158 88
163 158 89
163 158 90
163 158 91
163 158 92
163 158 93
163 158 94
163 158 95
163 158 96
163 158 97
163 158 98
163 158 99
163 158 100
163 158 101
163 158 102
163 158 103
163 158 104
163 158 105
163 158 106
163 158 107
163 158 108
163 158 109
163 158 110
163 158 111
163 158 112
163 158 113
163 158 114
163 158 115
163 158 116
163 158 117
163 158 118
163 158 119
163 158 120
163 158 121
163 158 122
163 158 123
163 158 124
163 158 125
163 158 126
163 158 127
163 158 128
163 158 129
163 158 130
163 158 131
163 158 132
163 158 133
163 158 134
163 158 135
163 158 136
163 158 137
163 158 138
163 158 139
163 158 140
163 158 141
163 158 142
163 158 143
163 158 144
163 158 145
163 158 146
163 158 147
163 158 148
163 158 149
163 158 150
163 158 151
163 158 152
163 158 153
163 158 154
163 158 155
163 158 156
163 158 157
163 158 158
163 158 159
163 158 160
163 158 161
163 158 162
163 158 163
163 158 164
163 158 165
163 158 166
163 158 167
163 158 168
163 158 169
163 158 170
163 158 171
163 158 172
163 158 173
163 158 174
163 158 175
163 158 176
163 158 177
163 158 178
163 158 179
163 158 180
163 158 181
163 158 182
163 158 183
163 158 184
163 158 185
163 158 186
163 158 187
163 158 188
163 158 189
163 158 190
163 158 191
163 158 192
163 158 193
163 158 194
163 158 195
163 158 196
163 158 197
163 158 198
163 159 2
163 159 3
163 159 4
163 159 5
163 159 6
163 159 7
163 159 8
163 159 9
163 159 10
163 159 11
163 159 12
163 159 13
163 159 14
163 159 15
163 159 16
163 159 17
163 159 18
163 159 19
163 159 20
163 159 21
163 159 22
163 159 23
163 159 24
163 159 25
163 159 26
163 159 27
163 159 28
163 159 29
163 159 30
163 159 31
163 159 32
163 159 33
163 159 34
163 159 35
163 159 36
163 159 37
163 159 38
163 159 39
163 159 40
163 159 41
163 159 42
163 159 43
163 159 44
163 159 45
163 159 46
163 159 47
163 159 48
163 159 49
163 159 50
163 159 51
163 159 52
163 159 53
163 159 54
163 159 55
163 159 56
163 159 57
163 159 58
163 159 59
163 159 60
163 159 61
163 159 62
163 159 63
163 159 64
163 159 65
163 159 66
163 159 67
163 159 68
163 159 69
163 159 70
163 159 71
163 159 72
163 159 73
163 159 74
163 159 75
163 159 76
163 159 77
163 159 78
163 159 79
163 159 80
163 159 81
163 159 82
163 159 83
163 159 84
163 159 85
163 159 86
163 159 87
163 159 88
163 159 89
163 159 90
163 159 91
163 159 92
163 159 93
163 159 94
163 159 95
163 159 96
163 159 97
163 159 98
163 159 99
163 159 100
163 159 101
163 159 102
163 159 103
163 159 104
163 159 105
163 159 106
163 159 107
163 159 108
163 159 109
163 159 110
163 159 111
163 159 112
163 159 113
163 159 114
163 159 115
163 159 116
163 159 117
163 159 118
163 159 119
163 159 120
163 159 121
163 159 122
163 159 123
163 159 124
163 159 125
163 159 126
163 159 127
163 159 128
163 159 129
163 159 130
163 159 131
163 159 132
163 159 133
163 159 134
163 159 135
163 159 136
163 159 137
163 159 138
163 159 139
163 159 140
163 159 141
163 159 142
163 159 143
163 159 144
163 159 145
163 159 146
163 159 147
163 159 148
163 159 149
163 159 150
163 159 151
163 159 152
163 159 153
163 159 154
163 159 155
163 159 156
163 159 157
163 159 158
163 159 159
163 159 160
163 159 161
163 159 162
163 159 163
163 159 164
163 159 165
163 159 166
163 159 167
163 159 168
163 159 169
163 159 170
163 159 171
163 159 172
163 159 173
163 159 174
163 159 175
163 159 176
163 159 177
163 159 178
163 159 179
163 159 180
163 159 181
163 159 182
163 159 183
163 159 184
163 159 185
163 159 186
163 159 187
163 159 188
163 159 189
163 159 190
163 159 191
163 159 192
163 159 193
163 159 194
163 159 195
163 159 196
163 159 197
163 159 198
163 160 2
163 160 3
163 160 4
163 160 5
163 160 6
163 160 7
163 160 8
163 160 9
163 160 10
163 160 11
163 160 12
163 160 13
163 160 14
163 160 15
163 160 16
163 160 17
163 160 18
163 160 19
163 160 20
163 160 21
163 160 22
163 160 23
163 160 24
163 160 25
163 160 26
163 160 27
163 160 28
163 160 29
163 160 30
163 160 31
163 160 32
163 160 33
163 160 34
163 160 35
163 160 36
163 160 37
163 160 38
163 160 39
163 160 40
163 160 41
163 160 42
163 160 43
163 160 44
163 160 45
163 160 46
163 160 47
163 160 48
163 160 49
163 160 50
163 160 51
163 160 52
163 160 53
163 160 54
163 160 55
163 160 56
163 160 57
163 160 58
163 160 59
163 160 60
163 160 61
163 160 62
163 160 63
163 160 64
163 160 65
163 160 66
163 160 67
163 160 68
163 160 69
163 160 70
163 160 71
163 160 72
163 160 73
163 160 74
163 160 75
163 160 76
163 160 77
163 160 78
163 160 79
163 160 80
163 160 81
163 160 82
163 160 83
163 160 84
163 160 85
163 160 86
163 160 87
163 160 88
163 160 89
163 160 90
163 160 91
163 160 92
163 160 93
163 160 94
163 160 95
163 160 96
163 160 97
163 160 98
163 160 99
163 160 100
163 160 101
163 160 102
163 160 103
163 160 104
163 160 105
163 160 106
163 160 107
163 160 108
163 160 109
163 160 110
163 160 111
163 160 112
163 160 113
163 160 114
163 160 115
163 160 116
163 160 117
163 160 118
163 160 119
163 160 120
163 160 121
163 160 122
163 160 123
163 160 124
163 160 125
163 160 126
163 160 127
163 160 128
163 160 129
163 160 130
163 160 131
163 160 132
163 160 133
163 160 134
163 160 135
163 160 136
163 160 137
163 160 138
163 160 139
163 160 140
163 160 141
163 160 142
163 160 143
163 160 144
163 160 145
163 160 146
163 160 147
163 160 148
163 160 149
163 160 150
163 160 151
163 160 152
163 160 153
163 160 154
163 160 155
163 160 156
163 160 157
163 160 158
163 160 159
163 160 160
163 160 161
163 160 162
163 160 163
163 160 164
163 160 165
163 160 166
163 160 167
163 160 168
163 160 169
163 160 170
163 160 171
163 160 172
163 160 173
163 160 174
163 160 175
163 160 176
163 160 177
163 160 178
163 160 179
163 160 180
163 160 181
163 160 182
163 160 183
163 160 184
163 160 185
163 160 186
163 160 187
163 160 188
163 160 189
163 160 190
163 160 191
163 160 192
163 160 193
163 160 194
163 160 195
163 160 196
163 160 197
163 160 198
164 156 2
164 156 3
164 156 4
164 156 5
164 156 6
164 156 7
164 156 8
164 156 9
164 156 10
164 156 11
164 156 12
164 156 13
164 156 14
164 156 15
164 156 16
164 156 17
164 156 18
164 156 19
164 156 20
164 156 21
164 156 22
164 156 23
164 156 24
164 156 25
164 156 26
164 156 27
164 156 28
164 156 29
164 156 30
164 156 31
164 156 32
164 156 33
164 156 34
164 156 35
164 156 36
164 156 37
164 156 38
164 156 39
164 156 40
164 156 41
164 156 42
164 156 43
164 156 44
164 156 45
164 156 46
164 156 47
164 156 48
164 156 49
164 156 50
164 156 51
164 156 52
164 156 53
164 156 54
164 156 55
164 156 56
164 156 57
164 156 58
164 156 59
164 156 60
164 156 61
164 156 62
164 156 63
164 156 64
164 156 65
164 156 66
164 156 67
164 156 68
164 156 69
164 156 70
164 156 71
164 156 72
164 156 73
164 156 74
164 156 75
164 156 76
164 156 77
164 156 78
164 156 79
164 156 80
164 156 81
164 156 82
164 156 83
164 156 84
164 156 85
164 156 86
164 156 87
164 156 88
164 156 89
164 156 90
164 156 91
164 156 92
164 156 93
164 156 94
164 156 95
164 156 96
164 156 97
164 156 98
164 156 99
164 156 100
164 156 101
164 156 102
164 156 103
164 156 104
164 156 105
164 156 106
164 156 107
164 156 108
164 156 109
164 156 110
164 156 111
164 156 112
164 156 113
164 156 114
164 156 115
164 156 116
164 156 117
164 156 118
164 156 119
164 156 120
164 156 121
164 156 122
164 156 123
164 156 124
164 156 125
164 156 126
164 156 127
164 156 128
164 156 129
164 156 130
164 156 131
164 156 132
164 156 133
164 156 134
164 156 135
164 156 136
164 156 137
164 156 138
164 156 139
164 156 140
164 156 141
164 156 142
164 156 143
164 156 144
164 156 145
164 156 146
164 156 147
164 156 148
164 156 149
164 156 150
164 156 151
164 156 152
164 156 153
164 156 154
164 156 155
164 156 156
164 156 157
164 156 158
164 156 159
164 156 160
164 156 161
164 156 162
164 156 163
164 156 164
164 156 165
164 156 166
164 156 167
164 156 168
164 156 169
164 156 170
164 156 171
164 156 172
164 156 173
164 156 174
164 156 175
164 156 176
164 156 177
164 156 178
164 156 179
164 156 180
164 156 181
164 156 182
164 156 183
164 156 184
164 156 185
164 156 186
164 156 187
164 156 188
164 156 189
164 156 190
164 156 191
164 156 192
164 156 193
164 156 194
164 156 195
164 156 196
164 156 197
164 156 198
164 157 2
164 157 3
164 157 4
164 157 5
164 157 6
164 157 7
164 157 8
164 157 9
164 157 10
164 157 11
164 157 12
164 157 13
164 157 14
164 157 15
164 157 16
164 157 17
164 157 18
164 157 19
164 157 20
164 157 21
164 157 22
164 157 23
164 157 24
164 157 25
164 157 26
164 157 27
164 157 28
164 157 29
164 157 30
164 157 31
164 157 32
164 157 33
164 157 34
164 157 35
164 157 36
164 157 37
164 157 38
164 157 39
164 157 40
164 157 41
164 157 42
164 157 43
164 157 44
164 157 45
164 157 46
164 157 47
164 157 48
164 157 49
164 157 50
164 157 51
164 157 52
164 157 53
164 157 54
164 157 55
164 157 56
164 157 57
164 157 58
164 157 59
164 157 60
164 157 61
164 157 62
164 157 63
164 157 64
164 157 65
164 157 66
164 157 67
164 157 68
164 157 69
164 157 70
164 157 71
164 157 72
164 157 73
164 157 74
164 157 75
164 157 76
164 157 77
164 157 78
164 157 79
164 157 80
164 157 81
164 157 82
164 157 83
164 157 84
164 157 85
164 157 86
164 157 87
164 157 88
164 157 89
164 157 90
164 157 91
164 157 92
164 157 93
164 157 94
164 157 95
164 157 96
164 157 97
164 157 98
164 157 99
164 157 100
164 157 101
164 157 102
164 157 103
164 157 104
164 157 105
164 157 106
164 157 107
164 157 108
164 157 109
164 157 110
164 157 111
164 157 112
164 157 113
164 157 114
164 157 115
164 157 116
164 157 117
164 157 118
164 157 119
164 157 120
164 157 121
164 157 122
164 157 123
164 157 124
164 157 125
164 157 126
164 157 127
164 157 128
164 157 129
164 157 130
164 157 131
164 157 132
164 157 133
164 157 134
164 157 135
164 157 136
164 157 137
164 157 138
164 157 139
164 157 140
164 157 141
164 157 142
164 157 143
164 157 144
164 157 145
164 157 146
164 157 147
164 157 148
164 157 149
164 157 150
164 157 151
164 157 152
164 157 153
164 157 154
164 157 155
164 157 156
164 157 157
164 157 158
164 157 159
164 157 160
164 157 161
164 157 162
164 157 163
164 157 164
164 157 165
164 157 166
164 157 167
164 157 168
164 157 169
164 157 170
164 157 171
164 157 172
164 157 173
164 157 174
164 157 175
164 157 176
164 157 177
164 157 178
164 157 179
164 157 180
164 157 181
164 157 182
164 157 183
164 157 184
164 157 185
164 157 186
164 157 187
164 157 188
164 157 189
164 157 190
164 157 191
164 157 192
164 157 193
164 157 194
164 157 195
164 157 196
164 157 197
164 157 198
164 158 2
164 158 3
164 158 4
164 158 5
164 158 6
164 158 7
164 158 8
164 158 9
164 158 10
164 158 11
164 158 12
164 158 13
164 158 14
164 158 15
164 158 16
164 158 17
164 158 18
164 158 19
164 158 20
164 158 21
164 158 22
164 158 23
164 158 24
164 158 25
164 158 26
164 158 27
164 158 28
164 158 29
164 158 30
164 158 31
164 158 32
164 158 33
164 158 34
164 158 35
164 158 36
164 158 37
164 158 38
164 158 39
164 158 40
164 158 41
164 158 42
164 158 43
164 158 44
164 158 45
164 158 46
164 158 47
164 158 48
164 158 49
164 158 50
164 158 51
164 158 52
164 158 53
164 158 54
164 158 55
164 158 56
164 158 57
164 158 58
164 158 59
164 158 60
164 158 61
164 158 62
164 158 63
164 158 64
164 158 65
164 158 66
164 158 67
164 158 68
164 158 69
164 158 70
164 158 71
164 158 72
164 158 73
164 158 74
164 158 75
164 158 76
164 158 77
164 158 78
164 158 79
164 158 80
164 158 81
164 158 82
164 158 83
164 158 84
164 158 85
164 158 86
164 158 87
164 158 88
164 158 89
164 158 90
164 158 91
164 158 92
164 158 93
164 158 94
164 158 95
164 158 96
164 158 97
164 158 98
164 158 99
164 158 100
164 158 101
164 158 102
164 158 103
164 158 104
164 158 105
164 158 106
164 158 107
164 158 108
164 158 109
164 158 110
164 158 111
164 158 112
164 158 113
164 158 114
164 158 115
164 158 116
164 158 117
164 158 118
164 158 119
164 158 120
164 158 121
164 158 122
164 158 123
164 158 124
164 158 125
164 158 126
164 158 127
164 158 128
164 158 129
164 158 130
164 158 131
164 158 132
164 158 133
164 158 134
164 158 135
164 158 136
164 158 137
164 158 138
164 158 139
164 158 140
164 158 141
164 158 142
164 158 143
164 158 144
164 158 145
164 158 146
164 158 147
164 158 148
164 158 149
164 158 150
164 158 151
164 158 152
164 158 153
164 158 154
164 158 155
164 158 156
164 158 157
164 158 158
164 158 159
164 158 160
164 158 161
164 158 162
164 158 163
164 158 164
164 158 165
164 158 166
164 158 167
164 158 168
164 158 169
164 158 170
164 158 171
164 158 172
164 158 173
164 158 174
164 158 175
164 158 176
164 158 177
164 158 178
164 158 179
164 158 180
164 158 181
164 158 182
164 158 183
164 158 184
164 158 185
164 158 186
164 158 187
164 158 188
164 158 189
164 158 190
164 158 191
164 158 192
164 158 193
164 158 194
164 158 195
164 158 196
164 158 197
164 158 198
164 159 2
164 159 3
164 159 4
164 159 5
164 159 6
164 159 7
164 159 8
164 159 9
164 159 10
164 159 11
164 159 12
164 159 13
164 159 14
164 159 15
164 159 16
164 159 17
164 159 18
164 159 19
164 159 20
164 159 21
164 159 22
164 159 23
164 159 24
164 159 25
164 159 26
164 159 27
164 159 28
164 159 29
164 159 30
164 159 31
164 159 32
164 159 33
164 159 34
164 159 35
164 159 36
164 159 37
164 159 38
164 159 39
164 159 40
164 159 41
164 159 42
164 159 43
164 159 44
164 159 45
164 159 46
164 159 47
164 159 48
164 159 49
164 159 50
164 159 51
164 159 52
164 159 53
164 159 54
164 159 55
164 159 56
164 159 57
164 159 58
164 159 59
164 159 60
164 159 61
164 159 62
164 159 63
164 159 64
164 159 65
164 159 66
164 159 67
164 159 68
164 159 69
164 159 70
164 159 71
164 159 72
164 159 73
164 159 74
164 159 75
164 159 76
164 159 77
164 159 78
164 159 79
164 159 80
164 159 81
164 159 82
164 159 83
164 159 84
164 159 85
164 159 86
164 159 87
164 159 88
164 159 89
164 159 90
164 159 91
164 159 92
164 159 93
164 159 94
164 159 95
164 159 96
164 159 97
164 159 98
164 159 99
164 159 100
164 159 101
164 159 102
164 159 103
164 159 104
164 159 105
164 159 106
164 159 107
164 159 108
164 159 109
164 159 110
164 159 111
164 159 112
164 159 113
164 159 114
164 159 115
164 159 116
164 159 117
164 159 118
164 159 119
164 159 120
164 159 121
164 159 122
164 159 123
164 159 124
164 159 125
164 159 126
164 159 127
164 159 128
164 159 129
164 159 130
164 159 131
164 159 132
164 159 133
164 159 134
164 159 135
164 159 136
164 159 137
164 159 138
164 159 139
164 159 140
164 159 141
164 159 142
164 159 143
164 159 144
164 159 145
164 159 146
164 159 147
164 159 148
164 159 149
164 159 150
164 159 151
164 159 152
164 159 153
164 159 154
164 159 155
164 159 156
164 159 157
164 159 158
164 159 159
164 159 160
164 159 161
164 159 162
164 159 163
164 159 164
164 159 165
164 159 166
164 159 167
164 159 168
164 159 169
164 159 170
164 159 171
164 159 172
164 159 173
164 159 174
164 159 175
164 159 176
164 159 177
164 159 178
164 159 179
164 159 180
164 159 181
164 159 182
164 159 183
164 159 184
164 159 185
164 159 186
164 159 187
164 159 188
164 159 189
164 159 190
164 159 191
164 159 192
164 159 193
164 159 194
164 159 195
164 159 196
164 159 197
164 159 198
164 160 2
164 160 3
164 160 4
164 160 5
164 160 6
164 160 7
164 160 8
164 160 9
164 160 10
164 160 11
164 160 12
164 160 13
164 160 14
164 160 15
164 160 16
164 160 17
164 160 18
164 160 19
164 160 20
164 160 21
164 160 22
164 160 23
164 160 24
164 160 25
164 160 26
164 160 27
164 160 28
164 160 29
164 160 30
164 160 31
164 160 32
164 160 33
164 160 34
164 160 35
164 160 36
164 160 37
164 160 38
164 160 39
164 160 40
164 160 41
164 160 42
164 160 43
164 160 44
164 160 45
164 160 46
164 160 47
164 160 48
164 160 49
164 160 50
164 160 51
164 160 52
164 160 53
164 160 54
164 160 55
164 160 56
164 160 57
164 160 58
164 160 59
164 160 60
164 160 61
164 160 62
164 160 63
164 160 64
164 160 65
164 160 66
164 160 67
164 160 68
164 160 69
164 160 70
164 160 71
164 160 72
164 160 73
164 160 74
164 160 75
164 160 76
164 160 77
164 160 78
164 160 79
164 160 80
164 160 81
164 160 82
164 160 83
164 160 84
164 160 85
164 160 86
164 160 87
164 160 88
164 160 89
164 160 90
164 160 91
164 160 92
164 160 93
164 160 94
164 160 95
164 160 96
164 160 97
164 160 98
164 160 99
164 160 100
164 160 101
164 160 102
164 160 103
164 160 104
164 160 105
164 160 106
164 160 107
164 160 108
164 160 109
164 160 110
164 160 111
164 160 112
164 160 113
164 160 114
164 160 115
164 160 116
164 160 117
164 160 118
164 160 119
164 160 120
164 160 121
164 160 122
164 160 123
164 160 124
164 160 125
164 160 126
164 160 127
164 160 128
164 160 129
164 160 130
164 160 131
164 160 132
164 160 133
164 160 134
164 160 135
164 160 136
164 160 137
164 160 138
164 160 139
164 160 140
164 160 141
164 160 142
164 160 143
164 160 144
164 160 145
164 160 146
164 160 147
164 160 148
164 160 149
164 160 150
164 160 151
164 160 152
164 160 153
164 160 154
164 160 155
164 160 156
164 160 157
164 160 158
164 160 159
164 160 160
164 160 161
164 160 162
164 160 163
164 160 164
164 160 165
164 160 166
164 160 167
164 160 168
164 160 169
164 160 170
164 160 171
164 160 172
164 160 173
164 160 174
164 160 175
164 160 176
164 160 177
164 160 178
164 160 179
164 160 180
164 160 181
164 160 182
164 160 183
164 160 184
164 160 185
164 160 186
164 160 187
164 160 188
164 160 189
164 160 190
164 160 191
164 160 192
164 160 193
164 160 194
164 160 195
164 160 196
164 160 197
164 160 198
