756
157 155 11
157 155 12
157 155 13
157 155 14
157 155 15
157 155 16
157 155 17
157 155 18
157 155 19
157 156 11
157 156 12
157 156 13
157 156 14
157 156 15
157 156 16
157 156 17
157 156 18
157 156 19
157 157 11
157 157 12
157 157 13
157 157 14
157 157 15
157 157 16
157 157 17
157 157 18
157 157 19
157 158 11
157 158 12
157 158 13
157 158 14
157 158 15
157 158 16
157 158 17
157 158 18
157 158 19
157 159 11
157 159 12
157 159 13
157 159 14
157 159 15
157 159 16
157 159 17
157 159 18
157 159 19
157 160 11
157 160 12
157 160 13
157 160 14
157 160 15
157 160 16
157 160 17
157 160 18
157 160 19
157 161 11
157 161 12
157 161 13
157 161 14
157 161 15
157 161 16
157 161 17
157 161 18
157 161 19
157 162 11
157 162 12
157 162 13
157 162 14
157 162 15
157 162 16
157 162 17
157 162 18
157 162 19
157 163 11
157 163 12
157 163 13
157 163 14
157 163 15
157 163 16
157 163 17
157 163 18
157 163 19
157 164 11
157 164 12
157 164 13
157 164 14
157 164 15
157 164 16
157 164 17
157 164 18
157 164 19
157 165 11
157 165 12
157 165 13
157 165 14
157 165 15
157 165 16
157 165 17
157 165 18
157 165 19
157 166 11
157 166 12
157 166 13
157 166 14
157 166 15
157 166 16
157 166 17
157 166 18
157 166 19
158 155 11
158 155 12
158 155 13
158 155 14
158 155 15
158 155 16
158 155 17
158 155 18
158 155 19
158 156 11
158 156 12
158 156 13
158 156 14
158 156 15
158 156 16
158 156 17
158 156 18
158 156 19
158 157 11
158 157 12
158 157 13
158 157 14
158 157 15
158 157 16
158 157 17
158 157 18
158 157 19
158 158 11
158 158 12
158 158 13
158 158 14
158 158 15
158 158 16
158 158 17
158 158 18
158 158 19
158 159 11
158 159 12
158 159 13
158 159 14
158 159 15
158 159 16
158 159 17
158 159 18
158 159 19
158 160 11
158 160 12
158 160 13
158 160 14
158 160 15
158 160 16
158 160 17
158 160 18
158 160 19
158 161 11
158 161 12
158 161 13
158 161 14
158 161 15
158 161 16
158 161 17
158 161 18
158 161 19
158 162 11
158 162 12
158 162 13
158 162 14
158 162 15
158 162 16
158 162 17
158 162 18
158 162 19
158 163 11
158 163 12
158 163 13
158 163 14
158 163 15
158 163 16
158 163 17
158 163 18
158 163 19
158 164 11
158 164 12
158 164 13
158 164 14
158 164 15
158 164 16
158 164 17
158 164 18
158 164 19
158 165 11
158 165 12
158 165 13
158 165 14
158 165 15
158 165 16
158 165 17
158 165 18
158 165 19
158 166 11
158 166 12
158 166 13
158 166 14
158 166 15
158 166 16
158 166 17
158 166 18
158 166 19
159 156 11
159 156 12
159 156 13
159 156 14
159 156 15
159 156 16
159 156 17
159 156 18
159 156 19
159 157 11
159 157 12
159 157 13
159 157 14
159 157 15
159 157 16
159 157 17
159 157 18
159 157 19
159 158 11
159 158 12
159 158 13
159 158 14
159 158 15
159 158 16
159 158 17
159 158 18
159 158 19
159 159 11
159 159 12
159 159 13
159 159 14
159 159 15
159 159 16
159 159 17
159 159 18
159 159 19
159 160 11
159 160 12
159 160 13
159 160 14
159 160 15
159 160 16
159 160 17
159 160 18
159 160 19
159 161 11
159 161 12
159 161 13
159 161 14
159 161 15
159 161 16
159 161 17
159 161 18
159 161 19
159 162 11
159 162 12
159 162 13
159 162 14
159 162 15
159 162 16
159 162 17
159 162 18
159 162 19
159 163 11
159 163 12
159 163 13
159 163 14
159 163 15
159 163 16
159 163 17
159 163 18
159 163 19
159 164 11
159 164 12
159 164 13
159 164 14
159 164 15
159 164 16
159 164 17
159 164 18
159 164 19
159 165 11
159 165 12
159 165 13
159 165 14
159 165 15
159 165 16
159 165 17
159 165 18
159 165 19
160 156 11
160 156 12
160 156 13
160 156 14
160 156 15
160 156 16
160 156 17
160 156 18
160 156 19
160 157 11
160 157 12
160 157 13
160 157 14
160 157 15
160 157 16
160 157 17
160 157 18
160 157 19
160 158 11
160 158 12
160 158 13
160 158 14
160 158 15
160 158 16
160 158 17
160 158 18
160 158 19
160 159 11
160 159 12
160 159 13
160 159 14
160 159 15
160 159 16
160 159 17
160 159 18
160 159 19
160 160 11
160 160 12
160 160 13
160 160 14
160 160 15
160 160 16
160 160 17
160 160 18
160 160 19
160 161 11
160 161 12
160 161 13
160 161 14
160 161 15
160 161 16
160 161 17
160 161 18
160 161 19
160 162 11
160 162 12
160 162 13
160 162 14
160 162 15
160 162 16
160 162 17
160 162 18
160 162 19
160 163 11
160 163 12
160 163 13
160 163 14
160 163 15
160 163 16
160 163 17
160 163 18
160 163 19
160 164 11
160 164 12
160 164 13
160 164 14
160 164 15
160 164 16
160 164 17
160 164 18
160 164 19
160 165 11
160 165 12
160 165 13
160 165 14
160 165 15
160 165 16
160 165 17
160 165 18
160 165 19
161 156 11
161 156 12
161 156 13
161 156 14
161 156 15
161 156 16
161 156 17
161 156 18
161 156 19
161 157 11
161 157 12
161 157 13
161 157 14
161 157 15
161 157 16
161 157 17
161 157 18
161 157 19
161 158 11
161 158 12
161 158 13
161 158 14
161 158 15
161 158 16
161 158 17
161 158 18
161 158 19
161 159 11
161 159 12
161 159 13
161 159 14
161 159 15
161 159 16
161 159 17
161 159 18
161 159 19
161 160 11
161 160 12
161 160 13
161 160 14
161 160 15
161 160 16
161 160 17
161 160 18
161 160 19
161 161 11
161 161 12
161 161 13
161 161 14
161 161 15
161 161 16
161 161 17
161 161 18
161 161 19
161 162 11
161 162 12
161 162 13
161 162 14
161 162 15
161 162 16
161 162 17
161 162 18
161 162 19
161 163 11
161 163 12
161 163 13
161 163 14
161 163 15
161 163 16
161 163 17
161 163 18
161 163 19
161 164 11
161 164 12
161 164 13
161 164 14
161 164 15
161 164 16
161 164 17
161 164 18
161 164 19
161 165 11
161 165 12
161 165 13
161 165 14
161 165 15
161 165 16
161 165 17
161 165 18
161 165 19
162 156 11
162 156 12
162 156 13
162 156 14
162 156 15
162 156 16
162 156 17
162 156 18
162 156 19
162 157 11
162 157 12
162 157 13
162 157 14
162 157 15
162 157 16
162 157 17
162 157 18
162 157 19
162 158 11
162 158 12
162 158 13
162 158 14
162 158 15
162 158 16
162 158 17
162 158 18
162 158 19
162 159 11
162 159 12
162 159 13
162 159 14
162 159 15
162 159 16
162 159 17
162 159 18
162 159 19
162 160 11
162 160 12
162 160 13
162 160 14
162 160 15
162 160 16
162 160 17
162 160 18
162 160 19
162 161 11
162 161 12
162 161 13
162 161 14
162 161 15
162 161 16
162 161 17
162 161 18
162 161 19
162 162 11
162 162 12
162 162 13
162 162 14
162 162 15
162 162 16
162 162 17
162 162 18
162 162 19
162 163 11
162 163 12
162 163 13
162 163 14
162 163 15
162 163 16
162 163 17
162 163 18
162 163 19
162 164 11
162 164 12
162 164 13
162 164 14
162 164 15
162 164 16
162 164 17
162 164 18
162 164 19
162 165 11
162 165 12
162 165 13
162 165 14
162 165 15
162 165 16
162 165 17
162 165 18
162 165 19
163 156 11
163 156 12
163 156 13
163 156 14
163 156 15
163 156 16
163 156 17
163 156 18
163 156 19
163 157 11
163 157 12
163 157 13
163 157 14
163 157 15
163 157 16
163 157 17
163 157 18
163 157 19
163 158 11
163 158 12
163 158 13
163 158 14
163 158 15
163 158 16
163 158 17
163 158 18
163 158 19
163 159 11
163 159 12
163 159 13
163 159 14
163 159 15
163 159 16
163 159 17
163 159 18
163 159 19
163 160 11
163 160 12
163 160 13
163 160 14
163 160 15
163 160 16
163 160 17
163 160 18
163 160 19
163 161 11
163 161 12
163 161 13
163 161 14
163 161 15
163 161 16
163 161 17
163 161 18
163 161 19
163 162 11
163 162 12
163 162 13
163 162 14
163 162 15
163 162 16
163 162 17
163 162 18
163 162 19
163 163 11
163 163 12
163 163 13
163 163 14
163 163 15
163 163 16
163 163 17
163 163 18
163 163 19
163 164 11
163 164 12
163 164 13
163 164 14
163 164 15
163 164 16
163 164 17
163 164 18
163 164 19
163 165 11
163 165 12
163 165 13
163 165 14
163 165 15
163 165 16
163 165 17
163 165 18
163 165 19
164 156 11
164 156 12
164 156 13
164 156 14
164 156 15
164 156 16
164 156 17
164 156 18
164 156 19
164 157 11
164 157 12
164 157 13
164 157 14
164 157 15
164 157 16
164 157 17
164 157 18
164 157 19
164 158 11
164 158 12
164 158 13
164 158 14
164 158 15
164 158 16
164 158 17
164 158 18
164 158 19
164 159 11
164 159 12
164 159 13
164 159 14
164 159 15
164 159 16
164 159 17
164 159 18
164 159 19
164 160 11
164 160 12
164 160 13
164 160 14
164 160 15
164 160 16
164 160 17
164 160 18
164 160 19
164 161 11
164 161 12
164 161 13
164 161 14
164 161 15
164 161 16
164 161 17
164 161 18
164 161 19
164 162 11
164 162 12
164 162 13
164 162 14
164 162 15
164 162 16
164 162 17
164 162 18
164 162 19
164 163 11
164 163 12
164 163 13
164 163 14
164 163 15
164 163 16
164 163 17
164 163 18
164 163 19
164 164 11
164 164 12
164 164 13
164 164 14
164 164 15
164 164 16
164 164 17
164 164 18
164 164 19
164 165 11
164 165 12
164 165 13
164 165 14
164 165 15
164 165 16
164 165 17
164 165 18
164 165 19
