8274
157 161 2
157 161 3
157 161 4
157 161 5
157 161 6
157 161 7
157 161 8
157 161 9
157 161 10
157 161 11
157 161 12
157 161 13
157 161 14
157 161 15
157 161 16
157 161 17
157 161 18
157 161 19
157 161 20
157 161 21
157 161 22
157 161 23
157 161 24
157 161 25
157 161 26
157 161 27
157 161 28
157 161 29
157 161 30
157 161 31
157 161 32
157 161 33
157 161 34
157 161 35
157 161 36
157 161 37
157 161 38
157 161 39
157 161 40
157 161 41
157 161 42
157 161 43
157 161 44
157 161 45
157 161 46
157 161 47
157 161 48
157 161 49
157 161 50
157 161 51
157 161 52
157 161 53
157 161 54
157 161 55
157 161 56
157 161 57
157 161 58
157 161 59
157 161 60
157 161 61
157 161 62
157 161 63
157 161 64
157 161 65
157 161 66
157 161 67
157 161 68
157 161 69
157 161 70
157 161 71
157 161 72
157 161 73
157 161 74
157 161 75
157 161 76
157 161 77
157 161 78
157 161 79
157 161 80
157 161 81
157 161 82
157 161 83
157 161 84
157 161 85
157 161 86
157 161 87
157 161 88
157 161 89
157 161 90
157 161 91
157 161 92
157 161 93
157 161 94
157 161 95
157 161 96
157 161 97
157 161 98
157 161 99
157 161 100
157 161 101
157 161 102
157 161 103
157 161 104
157 161 105
157 161 106
157 161 107
157 161 108
157 161 109
157 161 110
157 161 111
157 161 112
157 161 113
157 161 114
157 161 115
157 161 116
157 161 117
157 161 118
157 161 119
157 161 120
157 161 121
157 161 122
157 161 123
157 161 124
157 161 125
157 161 126
157 161 127
157 161 128
157 161 129
157 161 130
157 161 131
157 161 132
157 161 133
157 161 134
157 161 135
157 161 136
157 161 137
157 161 138
157 161 139
157 161 140
157 161 141
157 161 142
157 161 143
157 161 144
157 161 145
157 161 146
157 161 147
157 161 148
157 161 149
157 161 150
157 161 151
157 161 152
157 161 153
157 161 154
157 161 155
157 161 156
157 161 157
157 161 158
157 161 159
157 161 160
157 161 161
157 161 162
157 161 163
157 161 164
157 161 165
157 161 166
157 161 167
157 161 168
157 161 169
157 161 170
157 161 171
157 161 172
157 161 173
157 161 174
157 161 175
157 161 176
157 161 177
157 161 178
157 161 179
157 161 180
157 161 181
157 161 182
157 161 183
157 161 184
157 161 185
157 161 186
157 161 187
157 161 188
157 161 189
157 161 190
157 161 191
157 161 192
157 161 193
157 161 194
157 161 195
157 161 196
157 161 197
157 161 198
157 162 2
157 162 3
157 162 4
157 162 5
157 162 6
157 162 7
157 162 8
157 162 9
157 162 10
157 162 11
157 162 12
157 162 13
157 162 14
157 162 15
157 162 16
157 162 17
157 162 18
157 162 19
157 162 20
157 162 21
157 162 22
157 162 23
157 162 24
157 162 25
157 162 26
157 162 27
157 162 28
157 162 29
157 162 30
157 162 31
157 162 32
157 162 33
157 162 34
157 162 35
157 162 36
157 162 37
157 162 38
157 162 39
157 162 40
157 162 41
157 162 42
157 162 43
157 162 44
157 162 45
157 162 46
157 162 47
157 162 48
157 162 49
157 162 50
157 162 51
157 162 52
157 162 53
157 162 54
157 162 55
157 162 56
157 162 57
157 162 58
157 162 59
157 162 60
157 162 61
157 162 62
157 162 63
157 162 64
157 162 65
157 162 66
157 162 67
157 162 68
157 162 69
157 162 70
157 162 71
157 162 72
157 162 73
157 162 74
157 162 75
157 162 76
157 162 77
157 162 78
157 162 79
157 162 80
157 162 81
157 162 82
157 162 83
157 162 84
157 162 85
157 162 86
157 162 87
157 162 88
157 162 89
157 162 90
157 162 91
157 162 92
157 162 93
157 162 94
157 162 95
157 162 96
157 162 97
157 162 98
157 162 99
157 162 100
157 162 101
157 162 102
157 162 103
157 162 104
157 162 105
157 162 106
157 162 107
157 162 108
157 162 109
157 162 110
157 162 111
157 162 112
157 162 113
157 162 114
157 162 115
157 162 116
157 162 117
157 162 118
157 162 119
157 162 120
157 162 121
157 162 122
157 162 123
157 162 124
157 162 125
157 162 126
157 162 127
157 162 128
157 162 129
157 162 130
157 162 131
157 162 132
157 162 133
157 162 134
157 162 135
157 162 136
157 162 137
157 162 138
157 162 139
157 162 140
157 162 141
157 162 142
157 162 143
157 162 144
157 162 145
157 162 146
157 162 147
157 162 148
157 162 149
157 162 150
157 162 151
157 162 152
157 162 153
157 162 154
157 162 155
157 162 156
157 162 157
157 162 158
157 162 159
157 162 160
157 162 161
157 162 162
157 162 163
157 162 164
157 162 165
157 162 166
157 162 167
157 162 168
157 162 169
157 162 170
157 162 171
157 162 172
157 162 173
157 162 174
157 162 175
157 162 176
157 162 177
157 162 178
157 162 179
157 162 180
157 162 181
157 162 182
157 162 183
157 162 184
157 162 185
157 162 186
157 162 187
157 162 188
157 162 189
157 162 190
157 162 191
157 162 192
157 162 193
157 162 194
157 162 195
157 162 196
157 162 197
157 162 198
157 163 2
157 163 3
157 163 4
157 163 5
157 163 6
157 163 7
157 163 8
157 163 9
157 163 10
157 163 11
157 163 12
157 163 13
157 163 14
157 163 15
157 163 16
157 163 17
157 163 18
157 163 19
157 163 20
157 163 21
157 163 22
157 163 23
157 163 24
157 163 25
157 163 26
157 163 27
157 163 28
157 163 29
157 163 30
157 163 31
157 163 32
157 163 33
157 163 34
157 163 35
157 163 36
157 163 37
157 163 38
157 163 39
157 163 40
157 163 41
157 163 42
157 163 43
157 163 44
157 163 45
157 163 46
157 163 47
157 163 48
157 163 49
157 163 50
157 163 51
157 163 52
157 163 53
157 163 54
157 163 55
157 163 56
157 163 57
157 163 58
157 163 59
157 163 60
157 163 61
157 163 62
157 163 63
157 163 64
157 163 65
157 163 66
157 163 67
157 163 68
157 163 69
157 163 70
157 163 71
157 163 72
157 163 73
157 163 74
157 163 75
157 163 76
157 163 77
157 163 78
157 163 79
157 163 80
157 163 81
157 163 82
157 163 83
157 163 84
157 163 85
157 163 86
157 163 87
157 163 88
157 163 89
157 163 90
157 163 91
157 163 92
157 163 93
157 163 94
157 163 95
157 163 96
157 163 97
157 163 98
157 163 99
157 163 100
157 163 101
157 163 102
157 163 103
157 163 104
157 163 105
157 163 106
157 163 107
157 163 108
157 163 109
157 163 110
157 163 111
157 163 112
157 163 113
157 163 114
157 163 115
157 163 116
157 163 117
157 163 118
157 163 119
157 163 120
157 163 121
157 163 122
157 163 123
157 163 124
157 163 125
157 163 126
157 163 127
157 163 128
157 163 129
157 163 130
157 163 131
157 163 132
157 163 133
157 163 134
157 163 135
157 163 136
157 163 137
157 163 138
157 163 139
157 163 140
157 163 141
157 163 142
157 163 143
157 163 144
157 163 145
157 163 146
157 163 147
157 163 148
157 163 149
157 163 150
157 163 151
157 163 152
157 163 153
157 163 154
157 163 155
157 163 156
157 163 157
157 163 158
157 163 159
157 163 160
157 163 161
157 163 162
157 163 163
157 163 164
157 163 165
157 163 166
157 163 167
157 163 168
157 163 169
157 163 170
157 163 171
157 163 172
157 163 173
157 163 174
157 163 175
157 163 176
157 163 177
157 163 178
157 163 179
157 163 180
157 163 181
157 163 182
157 163 183
157 163 184
157 163 185
157 163 186
157 163 187
157 163 188
157 163 189
157 163 190
157 163 191
157 163 192
157 163 193
157 163 194
157 163 195
157 163 196
157 163 197
157 163 198
157 164 2
157 164 3
157 164 4
157 164 5
157 164 6
157 164 7
157 164 8
157 164 9
157 164 10
157 164 11
157 164 12
157 164 13
157 164 14
157 164 15
157 164 16
157 164 17
157 164 18
157 164 19
157 164 20
157 164 21
157 164 22
157 164 23
157 164 24
157 164 25
157 164 26
157 164 27
157 164 28
157 164 29
157 164 30
157 164 31
157 164 32
157 164 33
157 164 34
157 164 35
157 164 36
157 164 37
157 164 38
157 164 39
157 164 40
157 164 41
157 164 42
157 164 43
157 164 44
157 164 45
157 164 46
157 164 47
157 164 48
157 164 49
157 164 50
157 164 51
157 164 52
157 164 53
157 164 54
157 164 55
157 164 56
157 164 57
157 164 58
157 164 59
157 164 60
157 164 61
157 164 62
157 164 63
157 164 64
157 164 65
157 164 66
157 164 67
157 164 68
157 164 69
157 164 70
157 164 71
157 164 72
157 164 73
157 164 74
157 164 75
157 164 76
157 164 77
157 164 78
157 164 79
157 164 80
157 164 81
157 164 82
157 164 83
157 164 84
157 164 85
157 164 86
157 164 87
157 164 88
157 164 89
157 164 90
157 164 91
157 164 92
157 164 93
157 164 94
157 164 95
157 164 96
157 164 97
157 164 98
157 164 99
157 164 100
157 164 101
157 164 102
157 164 103
157 164 104
157 164 105
157 164 106
157 164 107
157 164 108
157 164 109
157 164 110
157 164 111
157 164 112
157 164 113
157 164 114
157 164 115
157 164 116
157 164 117
157 164 118
157 164 119
157 164 120
157 164 121
157 164 122
157 164 123
157 164 124
157 164 125
157 164 126
157 164 127
157 164 128
157 164 129
157 164 130
157 164 131
157 164 132
157 164 133
157 164 134
157 164 135
157 164 136
157 164 137
157 164 138
157 164 139
157 164 140
157 164 141
157 164 142
157 164 143
157 164 144
157 164 145
157 164 146
157 164 147
157 164 148
157 164 149
157 164 150
157 164 151
157 164 152
157 164 153
157 164 154
157 164 155
157 164 156
157 164 157
157 164 158
157 164 159
157 164 160
157 164 161
157 164 162
157 164 163
157 164 164
157 164 165
157 164 166
157 164 167
157 164 168
157 164 169
157 164 170
157 164 171
157 164 172
157 164 173
157 164 174
157 164 175
157 164 176
157 164 177
157 164 178
157 164 179
157 164 180
157 164 181
157 164 182
157 164 183
157 164 184
157 164 185
157 164 186
157 164 187
157 164 188
157 164 189
157 164 190
157 164 191
157 164 192
157 164 193
157 164 194
157 164 195
157 164 196
157 164 197
157 164 198
157 165 2
157 165 3
157 165 4
157 165 5
157 165 6
157 165 7
157 165 8
157 165 9
157 165 10
157 165 11
157 165 12
157 165 13
157 165 14
157 165 15
157 165 16
157 165 17
157 165 18
157 165 19
157 165 20
157 165 21
157 165 22
157 165 23
157 165 24
157 165 25
157 165 26
157 165 27
157 165 28
157 165 29
157 165 30
157 165 31
157 165 32
157 165 33
157 165 34
157 165 35
157 165 36
157 165 37
157 165 38
157 165 39
157 165 40
157 165 41
157 165 42
157 165 43
157 165 44
157 165 45
157 165 46
157 165 47
157 165 48
157 165 49
157 165 50
157 165 51
157 165 52
157 165 53
157 165 54
157 165 55
157 165 56
157 165 57
157 165 58
157 165 59
157 165 60
157 165 61
157 165 62
157 165 63
157 165 64
157 165 65
157 165 66
157 165 67
157 165 68
157 165 69
157 165 70
157 165 71
157 165 72
157 165 73
157 165 74
157 165 75
157 165 76
157 165 77
157 165 78
157 165 79
157 165 80
157 165 81
157 165 82
157 165 83
157 165 84
157 165 85
157 165 86
157 165 87
157 165 88
157 165 89
157 165 90
157 165 91
157 165 92
157 165 93
157 165 94
157 165 95
157 165 96
157 165 97
157 165 98
157 165 99
157 165 100
157 165 101
157 165 102
157 165 103
157 165 104
157 165 105
157 165 106
157 165 107
157 165 108
157 165 109
157 165 110
157 165 111
157 165 112
157 165 113
157 165 114
157 165 115
157 165 116
157 165 117
157 165 118
157 165 119
157 165 120
157 165 121
157 165 122
157 165 123
157 165 124
157 165 125
157 165 126
157 165 127
157 165 128
157 165 129
157 165 130
157 165 131
157 165 132
157 165 133
157 165 134
157 165 135
157 165 136
157 165 137
157 165 138
157 165 139
157 165 140
157 165 141
157 165 142
157 165 143
157 165 144
157 165 145
157 165 146
157 165 147
157 165 148
157 165 149
157 165 150
157 165 151
157 165 152
157 165 153
157 165 154
157 165 155
157 165 156
157 165 157
157 165 158
157 165 159
157 165 160
157 165 161
157 165 162
157 165 163
157 165 164
157 165 165
157 165 166
157 165 167
157 165 168
157 165 169
157 165 170
157 165 171
157 165 172
157 165 173
157 165 174
157 165 175
157 165 176
157 165 177
157 165 178
157 165 179
157 165 180
157 165 181
157 165 182
157 165 183
157 165 184
157 165 185
157 165 186
157 165 187
157 165 188
157 165 189
157 165 190
157 165 191
157 165 192
157 165 193
157 165 194
157 165 195
157 165 196
157 165 197
157 165 198
157 166 2
157 166 3
157 166 4
157 166 5
157 166 6
157 166 7
157 166 8
157 166 9
157 166 10
157 166 11
157 166 12
157 166 13
157 166 14
157 166 15
157 166 16
157 166 17
157 166 18
157 166 19
157 166 20
157 166 21
157 166 22
157 166 23
157 166 24
157 166 25
157 166 26
157 166 27
157 166 28
157 166 29
157 166 30
157 166 31
157 166 32
157 166 33
157 166 34
157 166 35
157 166 36
157 166 37
157 166 38
157 166 39
157 166 40
157 166 41
157 166 42
157 166 43
157 166 44
157 166 45
157 166 46
157 166 47
157 166 48
157 166 49
157 166 50
157 166 51
157 166 52
157 166 53
157 166 54
157 166 55
157 166 56
157 166 57
157 166 58
157 166 59
157 166 60
157 166 61
157 166 62
157 166 63
157 166 64
157 166 65
157 166 66
157 166 67
157 166 68
157 166 69
157 166 70
157 166 71
157 166 72
157 166 73
157 166 74
157 166 75
157 166 76
157 166 77
157 166 78
157 166 79
157 166 80
157 166 81
157 166 82
157 166 83
157 166 84
157 166 85
157 166 86
157 166 87
157 166 88
157 166 89
157 166 90
157 166 91
157 166 92
157 166 93
157 166 94
157 166 95
157 166 96
157 166 97
157 166 98
157 166 99
157 166 100
157 166 101
157 166 102
157 166 103
157 166 104
157 166 105
157 166 106
157 166 107
157 166 108
157 166 109
157 166 110
157 166 111
157 166 112
157 166 113
157 166 114
157 166 115
157 166 116
157 166 117
157 166 118
157 166 119
157 166 120
157 166 121
157 166 122
157 166 123
157 166 124
157 166 125
157 166 126
157 166 127
157 166 128
157 166 129
157 166 130
157 166 131
157 166 132
157 166 133
157 166 134
157 166 135
157 166 136
157 166 137
157 166 138
157 166 139
157 166 140
157 166 141
157 166 142
157 166 143
157 166 144
157 166 145
157 166 146
157 166 147
157 166 148
157 166 149
157 166 150
157 166 151
157 166 152
157 166 153
157 166 154
157 166 155
157 166 156
157 166 157
157 166 158
157 166 159
157 166 160
157 166 161
157 166 162
157 166 163
157 166 164
157 166 165
157 166 166
157 166 167
157 166 168
157 166 169
157 166 170
157 166 171
157 166 172
157 166 173
157 166 174
157 166 175
157 166 176
157 166 177
157 166 178
157 166 179
157 166 180
157 166 181
157 166 182
157 166 183
157 166 184
157 166 185
157 166 186
157 166 187
157 166 188
157 166 189
157 166 190
157 166 191
157 166 192
157 166 193
157 166 194
157 166 195
157 166 196
157 166 197
157 166 198
158 161 2
158 161 3
158 161 4
158 161 5
158 161 6
158 161 7
158 161 8
158 161 9
158 161 10
158 161 11
158 161 12
158 161 13
158 161 14
158 161 15
158 161 16
158 161 17
158 161 18
158 161 19
158 161 20
158 161 21
158 161 22
158 161 23
158 161 24
158 161 25
158 161 26
158 161 27
158 161 28
158 161 29
158 161 30
158 161 31
158 161 32
158 161 33
158 161 34
158 161 35
158 161 36
158 161 37
158 161 38
158 161 39
158 161 40
158 161 41
158 161 42
158 161 43
158 161 44
158 161 45
158 161 46
158 161 47
158 161 48
158 161 49
158 161 50
158 161 51
158 161 52
158 161 53
158 161 54
158 161 55
158 161 56
158 161 57
158 161 58
158 161 59
158 161 60
158 161 61
158 161 62
158 161 63
158 161 64
158 161 65
158 161 66
158 161 67
158 161 68
158 161 69
158 161 70
158 161 71
158 161 72
158 161 73
158 161 74
158 161 75
158 161 76
158 161 77
158 161 78
158 161 79
158 161 80
158 161 81
158 161 82
158 161 83
158 161 84
158 161 85
158 161 86
158 161 87
158 161 88
158 161 89
158 161 90
158 161 91
158 161 92
158 161 93
158 161 94
158 161 95
158 161 96
158 161 97
158 161 98
158 161 99
158 161 100
158 161 101
158 161 102
158 161 103
158 161 104
158 161 105
158 161 106
158 161 107
158 161 108
158 161 109
158 161 110
158 161 111
158 161 112
158 161 113
158 161 114
158 161 115
158 161 116
158 161 117
158 161 118
158 161 119
158 161 120
158 161 121
158 161 122
158 161 123
158 161 124
158 161 125
158 161 126
158 161 127
158 161 128
158 161 129
158 161 130
158 161 131
158 161 132
158 161 133
158 161 134
158 161 135
158 161 136
158 161 137
158 161 138
158 161 139
158 161 140
158 161 141
158 161 142
158 161 143
158 161 144
158 161 145
158 161 146
158 161 147
158 161 148
158 161 149
158 161 150
158 161 151
158 161 152
158 161 153
158 161 154
158 161 155
158 161 156
158 161 157
158 161 158
158 161 159
158 161 160
158 161 161
158 161 162
158 161 163
158 161 164
158 161 165
158 161 166
158 161 167
158 161 168
158 161 169
158 161 170
158 161 171
158 161 172
158 161 173
158 161 174
158 161 175
158 161 176
158 161 177
158 161 178
158 161 179
158 161 180
158 161 181
158 161 182
158 161 183
158 161 184
158 161 185
158 161 186
158 161 187
158 161 188
158 161 189
158 161 190
158 161 191
158 161 192
158 161 193
158 161 194
158 161 195
158 161 196
158 161 197
158 161 198
158 162 2
158 162 3
158 162 4
158 162 5
158 162 6
158 162 7
158 162 8
158 162 9
158 162 10
158 162 11
158 162 12
158 162 13
158 162 14
158 162 15
158 162 16
158 162 17
158 162 18
158 162 19
158 162 20
158 162 21
158 162 22
158 162 23
158 162 24
158 162 25
158 162 26
158 162 27
158 162 28
158 162 29
158 162 30
158 162 31
158 162 32
158 162 33
158 162 34
158 162 35
158 162 36
158 162 37
158 162 38
158 162 39
158 162 40
158 162 41
158 162 42
158 162 43
158 162 44
158 162 45
158 162 46
158 162 47
158 162 48
158 162 49
158 162 50
158 162 51
158 162 52
158 162 53
158 162 54
158 162 55
158 162 56
158 162 57
158 162 58
158 162 59
158 162 60
158 162 61
158 162 62
158 162 63
158 162 64
158 162 65
158 162 66
158 162 67
158 162 68
158 162 69
158 162 70
158 162 71
158 162 72
158 162 73
158 162 74
158 162 75
158 162 76
158 162 77
158 162 78
158 162 79
158 162 80
158 162 81
158 162 82
158 162 83
158 162 84
158 162 85
158 162 86
158 162 87
158 162 88
158 162 89
158 162 90
158 162 91
158 162 92
158 162 93
158 162 94
158 162 95
158 162 96
158 162 97
158 162 98
158 162 99
158 162 100
158 162 101
158 162 102
158 162 103
158 162 104
158 162 105
158 162 106
158 162 107
158 162 108
158 162 109
158 162 110
158 162 111
158 162 112
158 162 113
158 162 114
158 162 115
158 162 116
158 162 117
158 162 118
158 162 119
158 162 120
158 162 121
158 162 122
158 162 123
158 162 124
158 162 125
158 162 126
158 162 127
158 162 128
158 162 129
158 162 130
158 162 131
158 162 132
158 162 133
158 162 134
158 162 135
158 162 136
158 162 137
158 162 138
158 162 139
158 162 140
158 162 141
158 162 142
158 162 143
158 162 144
158 162 145
158 162 146
158 162 147
158 162 148
158 162 149
158 162 150
158 162 151
158 162 152
158 162 153
158 162 154
158 162 155
158 162 156
158 162 157
158 162 158
158 162 159
158 162 160
158 162 161
158 162 162
158 162 163
158 162 164
158 162 165
158 162 166
158 162 167
158 162 168
158 162 169
158 162 170
158 162 171
158 162 172
158 162 173
158 162 174
158 162 175
158 162 176
158 162 177
158 162 178
158 162 179
158 162 180
158 162 181
158 162 182
158 162 183
158 162 184
158 162 185
158 162 186
158 162 187
158 162 188
158 162 189
158 162 190
158 162 191
158 162 192
158 162 193
158 162 194
158 162 195
158 162 196
158 162 197
158 162 198
158 163 2
158 163 3
158 163 4
158 163 5
158 163 6
158 163 7
158 163 8
158 163 9
158 163 10
158 163 11
158 163 12
158 163 13
158 163 14
158 163 15
158 163 16
158 163 17
158 163 18
158 163 19
158 163 20
158 163 21
158 163 22
158 163 23
158 163 24
158 163 25
158 163 26
158 163 27
158 163 28
158 163 29
158 163 30
158 163 31
158 163 32
158 163 33
158 163 34
158 163 35
158 163 36
158 163 37
158 163 38
158 163 39
158 163 40
158 163 41
158 163 42
158 163 43
158 163 44
158 163 45
158 163 46
158 163 47
158 163 48
158 163 49
158 163 50
158 163 51
158 163 52
158 163 53
158 163 54
158 163 55
158 163 56
158 163 57
158 163 58
158 163 59
158 163 60
158 163 61
158 163 62
158 163 63
158 163 64
158 163 65
158 163 66
158 163 67
158 163 68
158 163 69
158 163 70
158 163 71
158 163 72
158 163 73
158 163 74
158 163 75
158 163 76
158 163 77
158 163 78
158 163 79
158 163 80
158 163 81
158 163 82
158 163 83
158 163 84
158 163 85
158 163 86
158 163 87
158 163 88
158 163 89
158 163 90
158 163 91
158 163 92
158 163 93
158 163 94
158 163 95
158 163 96
158 163 97
158 163 98
158 163 99
158 163 100
158 163 101
158 163 102
158 163 103
158 163 104
158 163 105
158 163 106
158 163 107
158 163 108
158 163 109
158 163 110
158 163 111
158 163 112
158 163 113
158 163 114
158 163 115
158 163 116
158 163 117
158 163 118
158 163 119
158 163 120
158 163 121
158 163 122
158 163 123
158 163 124
158 163 125
158 163 126
158 163 127
158 163 128
158 163 129
158 163 130
158 163 131
158 163 132
158 163 133
158 163 134
158 163 135
158 163 136
158 163 137
158 163 138
158 163 139
158 163 140
158 163 141
158 163 142
158 163 143
158 163 144
158 163 145
158 163 146
158 163 147
158 163 148
158 163 149
158 163 150
158 163 151
158 163 152
158 163 153
158 163 154
158 163 155
158 163 156
158 163 157
158 163 158
158 163 159
158 163 160
158 163 161
158 163 162
158 163 163
158 163 164
158 163 165
158 163 166
158 163 167
158 163 168
158 163 169
158 163 170
158 163 171
158 163 172
158 163 173
158 163 174
158 163 175
158 163 176
158 163 177
158 163 178
158 163 179
158 163 180
158 163 181
158 163 182
158 163 183
158 163 184
158 163 185
158 163 186
158 163 187
158 163 188
158 163 189
158 163 190
158 163 191
158 163 192
158 163 193
158 163 194
158 163 195
158 163 196
158 163 197
158 163 198
158 164 2
158 164 3
158 164 4
158 164 5
158 164 6
158 164 7
158 164 8
158 164 9
158 164 10
158 164 11
158 164 12
158 164 13
158 164 14
158 164 15
158 164 16
158 164 17
158 164 18
158 164 19
158 164 20
158 164 21
158 164 22
158 164 23
158 164 24
158 164 25
158 164 26
158 164 27
158 164 28
158 164 29
158 164 30
158 164 31
158 164 32
158 164 33
158 164 34
158 164 35
158 164 36
158 164 37
158 164 38
158 164 39
158 164 40
158 164 41
158 164 42
158 164 43
158 164 44
158 164 45
158 164 46
158 164 47
158 164 48
158 164 49
158 164 50
158 164 51
158 164 52
158 164 53
158 164 54
158 164 55
158 164 56
158 164 57
158 164 58
158 164 59
158 164 60
158 164 61
158 164 62
158 164 63
158 164 64
158 164 65
158 164 66
158 164 67
158 164 68
158 164 69
158 164 70
158 164 71
158 164 72
158 164 73
158 164 74
158 164 75
158 164 76
158 164 77
158 164 78
158 164 79
158 164 80
158 164 81
158 164 82
158 164 83
158 164 84
158 164 85
158 164 86
158 164 87
158 164 88
158 164 89
158 164 90
158 164 91
158 164 92
158 164 93
158 164 94
158 164 95
158 164 96
158 164 97
158 164 98
158 164 99
158 164 100
158 164 101
158 164 102
158 164 103
158 164 104
158 164 105
158 164 106
158 164 107
158 164 108
158 164 109
158 164 110
158 164 111
158 164 112
158 164 113
158 164 114
158 164 115
158 164 116
158 164 117
158 164 118
158 164 119
158 164 120
158 164 121
158 164 122
158 164 123
158 164 124
158 164 125
158 164 126
158 164 127
158 164 128
158 164 129
158 164 130
158 164 131
158 164 132
158 164 133
158 164 134
158 164 135
158 164 136
158 164 137
158 164 138
158 164 139
158 164 140
158 164 141
158 164 142
158 164 143
158 164 144
158 164 145
158 164 146
158 164 147
158 164 148
158 164 149
158 164 150
158 164 151
158 164 152
158 164 153
158 164 154
158 164 155
158 164 156
158 164 157
158 164 158
158 164 159
158 164 160
158 164 161
158 164 162
158 164 163
158 164 164
158 164 165
158 164 166
158 164 167
158 164 168
158 164 169
158 164 170
158 164 171
158 164 172
158 164 173
158 164 174
158 164 175
158 164 176
158 164 177
158 164 178
158 164 179
158 164 180
158 164 181
158 164 182
158 164 183
158 164 184
158 164 185
158 164 186
158 164 187
158 164 188
158 164 189
158 164 190
158 164 191
158 164 192
158 164 193
158 164 194
158 164 195
158 164 196
158 164 197
158 164 198
158 165 2
158 165 3
158 165 4
158 165 5
158 165 6
158 165 7
158 165 8
158 165 9
158 165 10
158 165 11
158 165 12
158 165 13
158 165 14
158 165 15
158 165 16
158 165 17
158 165 18
158 165 19
158 165 20
158 165 21
158 165 22
158 165 23
158 165 24
158 165 25
158 165 26
158 165 27
158 165 28
158 165 29
158 165 30
158 165 31
158 165 32
158 165 33
158 165 34
158 165 35
158 165 36
158 165 37
158 165 38
158 165 39
158 165 40
158 165 41
158 165 42
158 165 43
158 165 44
158 165 45
158 165 46
158 165 47
158 165 48
158 165 49
158 165 50
158 165 51
158 165 52
158 165 53
158 165 54
158 165 55
158 165 56
158 165 57
158 165 58
158 165 59
158 165 60
158 165 61
158 165 62
158 165 63
158 165 64
158 165 65
158 165 66
158 165 67
158 165 68
158 165 69
158 165 70
158 165 71
158 165 72
158 165 73
158 165 74
158 165 75
158 165 76
158 165 77
158 165 78
158 165 79
158 165 80
158 165 81
158 165 82
158 165 83
158 165 84
158 165 85
158 165 86
158 165 87
158 165 88
158 165 89
158 165 90
158 165 91
158 165 92
158 165 93
158 165 94
158 165 95
158 165 96
158 165 97
158 165 98
158 165 99
158 165 100
158 165 101
158 165 102
158 165 103
158 165 104
158 165 105
158 165 106
158 165 107
158 165 108
158 165 109
158 165 110
158 165 111
158 165 112
158 165 113
158 165 114
158 165 115
158 165 116
158 165 117
158 165 118
158 165 119
158 165 120
158 165 121
158 165 122
158 165 123
158 165 124
158 165 125
158 165 126
158 165 127
158 165 128
158 165 129
158 165 130
158 165 131
158 165 132
158 165 133
158 165 134
158 165 135
158 165 136
158 165 137
158 165 138
158 165 139
158 165 140
158 165 141
158 165 142
158 165 143
158 165 144
158 165 145
158 165 146
158 165 147
158 165 148
158 165 149
158 165 150
158 165 151
158 165 152
158 165 153
158 165 154
158 165 155
158 165 156
158 165 157
158 165 158
158 165 159
158 165 160
158 165 161
158 165 162
158 165 163
158 165 164
158 165 165
158 165 166
158 165 167
158 165 168
158 165 169
158 165 170
158 165 171
158 165 172
158 165 173
158 165 174
158 165 175
158 165 176
158 165 177
158 165 178
158 165 179
158 165 180
158 165 181
158 165 182
158 165 183
158 165 184
158 165 185
158 165 186
158 165 187
158 165 188
158 165 189
158 165 190
158 165 191
158 165 192
158 165 193
158 165 194
158 165 195
158 165 196
158 165 197
158 165 198
158 166 2
158 166 3
158 166 4
158 166 5
158 166 6
158 166 7
158 166 8
158 166 9
158 166 10
158 166 11
158 166 12
158 166 13
158 166 14
158 166 15
158 166 16
158 166 17
158 166 18
158 166 19
158 166 20
158 166 21
158 166 22
158 166 23
158 166 24
158 166 25
158 166 26
158 166 27
158 166 28
158 166 29
158 166 30
158 166 31
158 166 32
158 166 33
158 166 34
158 166 35
158 166 36
158 166 37
158 166 38
158 166 39
158 166 40
158 166 41
158 166 42
158 166 43
158 166 44
158 166 45
158 166 46
158 166 47
158 166 48
158 166 49
158 166 50
158 166 51
158 166 52
158 166 53
158 166 54
158 166 55
158 166 56
158 166 57
158 166 58
158 166 59
158 166 60
158 166 61
158 166 62
158 166 63
158 166 64
158 166 65
158 166 66
158 166 67
158 166 68
158 166 69
158 166 70
158 166 71
158 166 72
158 166 73
158 166 74
158 166 75
158 166 76
158 166 77
158 166 78
158 166 79
158 166 80
158 166 81
158 166 82
158 166 83
158 166 84
158 166 85
158 166 86
158 166 87
158 166 88
158 166 89
158 166 90
158 166 91
158 166 92
158 166 93
158 166 94
158 166 95
158 166 96
158 166 97
158 166 98
158 166 99
158 166 100
158 166 101
158 166 102
158 166 103
158 166 104
158 166 105
158 166 106
158 166 107
158 166 108
158 166 109
158 166 110
158 166 111
158 166 112
158 166 113
158 166 114
158 166 115
158 166 116
158 166 117
158 166 118
158 166 119
158 166 120
158 166 121
158 166 122
158 166 123
158 166 124
158 166 125
158 166 126
158 166 127
158 166 128
158 166 129
158 166 130
158 166 131
158 166 132
158 166 133
158 166 134
158 166 135
158 166 136
158 166 137
158 166 138
158 166 139
158 166 140
158 166 141
158 166 142
158 166 143
158 166 144
158 166 145
158 166 146
158 166 147
158 166 148
158 166 149
158 166 150
158 166 151
158 166 152
158 166 153
158 166 154
158 166 155
158 166 156
158 166 157
158 166 158
158 166 159
158 166 160
158 166 161
158 166 162
158 166 163
158 166 164
158 166 165
158 166 166
158 166 167
158 166 168
158 166 169
158 166 170
158 166 171
158 166 172
158 166 173
158 166 174
158 166 175
158 166 176
158 166 177
158 166 178
158 166 179
158 166 180
158 166 181
158 166 182
158 166 183
158 166 184
158 166 185
158 166 186
158 166 187
158 166 188
158 166 189
158 166 190
158 166 191
158 166 192
158 166 193
158 166 194
158 166 195
158 166 196
158 166 197
158 166 198
159 161 2
159 161 3
159 161 4
159 161 5
159 161 6
159 161 7
159 161 8
159 161 9
159 161 10
159 161 11
159 161 12
159 161 13
159 161 14
159 161 15
159 161 16
159 161 17
159 161 18
159 161 19
159 161 20
159 161 21
159 161 22
159 161 23
159 161 24
159 161 25
159 161 26
159 161 27
159 161 28
159 161 29
159 161 30
159 161 31
159 161 32
159 161 33
159 161 34
159 161 35
159 161 36
159 161 37
159 161 38
159 161 39
159 161 40
159 161 41
159 161 42
159 161 43
159 161 44
159 161 45
159 161 46
159 161 47
159 161 48
159 161 49
159 161 50
159 161 51
159 161 52
159 161 53
159 161 54
159 161 55
159 161 56
159 161 57
159 161 58
159 161 59
159 161 60
159 161 61
159 161 62
159 161 63
159 161 64
159 161 65
159 161 66
159 161 67
159 161 68
159 161 69
159 161 70
159 161 71
159 161 72
159 161 73
159 161 74
159 161 75
159 161 76
159 161 77
159 161 78
159 161 79
159 161 80
159 161 81
159 161 82
159 161 83
159 161 84
159 161 85
159 161 86
159 161 87
159 161 88
159 161 89
159 161 90
159 161 91
159 161 92
159 161 93
159 161 94
159 161 95
159 161 96
159 161 97
159 161 98
159 161 99
159 161 100
159 161 101
159 161 102
159 161 103
159 161 104
159 161 105
159 161 106
159 161 107
159 161 108
159 161 109
159 161 110
159 161 111
159 161 112
159 161 113
159 161 114
159 161 115
159 161 116
159 161 117
159 161 118
159 161 119
159 161 120
159 161 121
159 161 122
159 161 123
159 161 124
159 161 125
159 161 126
159 161 127
159 161 128
159 161 129
159 161 130
159 161 131
159 161 132
159 161 133
159 161 134
159 161 135
159 161 136
159 161 137
159 161 138
159 161 139
159 161 140
159 161 141
159 161 142
159 161 143
159 161 144
159 161 145
159 161 146
159 161 147
159 161 148
159 161 149
159 161 150
159 161 151
159 161 152
159 161 153
159 161 154
159 161 155
159 161 156
159 161 157
159 161 158
159 161 159
159 161 160
159 161 161
159 161 162
159 161 163
159 161 164
159 161 165
159 161 166
159 161 167
159 161 168
159 161 169
159 161 170
159 161 171
159 161 172
159 161 173
159 161 174
159 161 175
159 161 176
159 161 177
159 161 178
159 161 179
159 161 180
159 161 181
159 161 182
159 161 183
159 161 184
159 161 185
159 161 186
159 161 187
159 161 188
159 161 189
159 161 190
159 161 191
159 161 192
159 161 193
159 161 194
159 161 195
159 161 196
159 161 197
159 161 198
159 162 2
159 162 3
159 162 4
159 162 5
159 162 6
159 162 7
159 162 8
159 162 9
159 162 10
159 162 11
159 162 12
159 162 13
159 162 14
159 162 15
159 162 16
159 162 17
159 162 18
159 162 19
159 162 20
159 162 21
159 162 22
159 162 23
159 162 24
159 162 25
159 162 26
159 162 27
159 162 28
159 162 29
159 162 30
159 162 31
159 162 32
159 162 33
159 162 34
159 162 35
159 162 36
159 162 37
159 162 38
159 162 39
159 162 40
159 162 41
159 162 42
159 162 43
159 162 44
159 162 45
159 162 46
159 162 47
159 162 48
159 162 49
159 162 50
159 162 51
159 162 52
159 162 53
159 162 54
159 162 55
159 162 56
159 162 57
159 162 58
159 162 59
159 162 60
159 162 61
159 162 62
159 162 63
159 162 64
159 162 65
159 162 66
159 162 67
159 162 68
159 162 69
159 162 70
159 162 71
159 162 72
159 162 73
159 162 74
159 162 75
159 162 76
159 162 77
159 162 78
159 162 79
159 162 80
159 162 81
159 162 82
159 162 83
159 162 84
159 162 85
159 162 86
159 162 87
159 162 88
159 162 89
159 162 90
159 162 91
159 162 92
159 162 93
159 162 94
159 162 95
159 162 96
159 162 97
159 162 98
159 162 99
159 162 100
159 162 101
159 162 102
159 162 103
159 162 104
159 162 105
159 162 106
159 162 107
159 162 108
159 162 109
159 162 110
159 162 111
159 162 112
159 162 113
159 162 114
159 162 115
159 162 116
159 162 117
159 162 118
159 162 119
159 162 120
159 162 121
159 162 122
159 162 123
159 162 124
159 162 125
159 162 126
159 162 127
159 162 128
159 162 129
159 162 130
159 162 131
159 162 132
159 162 133
159 162 134
159 162 135
159 162 136
159 162 137
159 162 138
159 162 139
159 162 140
159 162 141
159 162 142
159 162 143
159 162 144
159 162 145
159 162 146
159 162 147
159 162 148
159 162 149
159 162 150
159 162 151
159 162 152
159 162 153
159 162 154
159 162 155
159 162 156
159 162 157
159 162 158
159 162 159
159 162 160
159 162 161
159 162 162
159 162 163
159 162 164
159 162 165
159 162 166
159 162 167
159 162 168
159 162 169
159 162 170
159 162 171
159 162 172
159 162 173
159 162 174
159 162 175
159 162 176
159 162 177
159 162 178
159 162 179
159 162 180
159 162 181
159 162 182
159 162 183
159 162 184
159 162 185
159 162 186
159 162 187
159 162 188
159 162 189
159 162 190
159 162 191
159 162 192
159 162 193
159 162 194
159 162 195
159 162 196
159 162 197
159 162 198
159 163 2
159 163 3
159 163 4
159 163 5
159 163 6
159 163 7
159 163 8
159 163 9
159 163 10
159 163 11
159 163 12
159 163 13
159 163 14
159 163 15
159 163 16
159 163 17
159 163 18
159 163 19
159 163 20
159 163 21
159 163 22
159 163 23
159 163 24
159 163 25
159 163 26
159 163 27
159 163 28
159 163 29
159 163 30
159 163 31
159 163 32
159 163 33
159 163 34
159 163 35
159 163 36
159 163 37
159 163 38
159 163 39
159 163 40
159 163 41
159 163 42
159 163 43
159 163 44
159 163 45
159 163 46
159 163 47
159 163 48
159 163 49
159 163 50
159 163 51
159 163 52
159 163 53
159 163 54
159 163 55
159 163 56
159 163 57
159 163 58
159 163 59
159 163 60
159 163 61
159 163 62
159 163 63
159 163 64
159 163 65
159 163 66
159 163 67
159 163 68
159 163 69
159 163 70
159 163 71
159 163 72
159 163 73
159 163 74
159 163 75
159 163 76
159 163 77
159 163 78
159 163 79
159 163 80
159 163 81
159 163 82
159 163 83
159 163 84
159 163 85
159 163 86
159 163 87
159 163 88
159 163 89
159 163 90
159 163 91
159 163 92
159 163 93
159 163 94
159 163 95
159 163 96
159 163 97
159 163 98
159 163 99
159 163 100
159 163 101
159 163 102
159 163 103
159 163 104
159 163 105
159 163 106
159 163 107
159 163 108
159 163 109
159 163 110
159 163 111
159 163 112
159 163 113
159 163 114
159 163 115
159 163 116
159 163 117
159 163 118
159 163 119
159 163 120
159 163 121
159 163 122
159 163 123
159 163 124
159 163 125
159 163 126
159 163 127
159 163 128
159 163 129
159 163 130
159 163 131
159 163 132
159 163 133
159 163 134
159 163 135
159 163 136
159 163 137
159 163 138
159 163 139
159 163 140
159 163 141
159 163 142
159 163 143
159 163 144
159 163 145
159 163 146
159 163 147
159 163 148
159 163 149
159 163 150
159 163 151
159 163 152
159 163 153
159 163 154
159 163 155
159 163 156
159 163 157
159 163 158
159 163 159
159 163 160
159 163 161
159 163 162
159 163 163
159 163 164
159 163 165
159 163 166
159 163 167
159 163 168
159 163 169
159 163 170
159 163 171
159 163 172
159 163 173
159 163 174
159 163 175
159 163 176
159 163 177
159 163 178
159 163 179
159 163 180
159 163 181
159 163 182
159 163 183
159 163 184
159 163 185
159 163 186
159 163 187
159 163 188
159 163 189
159 163 190
159 163 191
159 163 192
159 163 193
159 163 194
159 163 195
159 163 196
159 163 197
159 163 198
159 164 2
159 164 3
159 164 4
159 164 5
159 164 6
159 164 7
159 164 8
159 164 9
159 164 10
159 164 11
159 164 12
159 164 13
159 164 14
159 164 15
159 164 16
159 164 17
159 164 18
159 164 19
159 164 20
159 164 21
159 164 22
159 164 23
159 164 24
159 164 25
159 164 26
159 164 27
159 164 28
159 164 29
159 164 30
159 164 31
159 164 32
159 164 33
159 164 34
159 164 35
159 164 36
159 164 37
159 164 38
159 164 39
159 164 40
159 164 41
159 164 42
159 164 43
159 164 44
159 164 45
159 164 46
159 164 47
159 164 48
159 164 49
159 164 50
159 164 51
159 164 52
159 164 53
159 164 54
159 164 55
159 164 56
159 164 57
159 164 58
159 164 59
159 164 60
159 164 61
159 164 62
159 164 63
159 164 64
159 164 65
159 164 66
159 164 67
159 164 68
159 164 69
159 164 70
159 164 71
159 164 72
159 164 73
159 164 74
159 164 75
159 164 76
159 164 77
159 164 78
159 164 79
159 164 80
159 164 81
159 164 82
159 164 83
159 164 84
159 164 85
159 164 86
159 164 87
159 164 88
159 164 89
159 164 90
159 164 91
159 164 92
159 164 93
159 164 94
159 164 95
159 164 96
159 164 97
159 164 98
159 164 99
159 164 100
159 164 101
159 164 102
159 164 103
159 164 104
159 164 105
159 164 106
159 164 107
159 164 108
159 164 109
159 164 110
159 164 111
159 164 112
159 164 113
159 164 114
159 164 115
159 164 116
159 164 117
159 164 118
159 164 119
159 164 120
159 164 121
159 164 122
159 164 123
159 164 124
159 164 125
159 164 126
159 164 127
159 164 128
159 164 129
159 164 130
159 164 131
159 164 132
159 164 133
159 164 134
159 164 135
159 164 136
159 164 137
159 164 138
159 164 139
159 164 140
159 164 141
159 164 142
159 164 143
159 164 144
159 164 145
159 164 146
159 164 147
159 164 148
159 164 149
159 164 150
159 164 151
159 164 152
159 164 153
159 164 154
159 164 155
159 164 156
159 164 157
159 164 158
159 164 159
159 164 160
159 164 161
159 164 162
159 164 163
159 164 164
159 164 165
159 164 166
159 164 167
159 164 168
159 164 169
159 164 170
159 164 171
159 164 172
159 164 173
159 164 174
159 164 175
159 164 176
159 164 177
159 164 178
159 164 179
159 164 180
159 164 181
159 164 182
159 164 183
159 164 184
159 164 185
159 164 186
159 164 187
159 164 188
159 164 189
159 164 190
159 164 191
159 164 192
159 164 193
159 164 194
159 164 195
159 164 196
159 164 197
159 164 198
159 165 2
159 165 3
159 165 4
159 165 5
159 165 6
159 165 7
159 165 8
159 165 9
159 165 10
159 165 11
159 165 12
159 165 13
159 165 14
159 165 15
159 165 16
159 165 17
159 165 18
159 165 19
159 165 20
159 165 21
159 165 22
159 165 23
159 165 24
159 165 25
159 165 26
159 165 27
159 165 28
159 165 29
159 165 30
159 165 31
159 165 32
159 165 33
159 165 34
159 165 35
159 165 36
159 165 37
159 165 38
159 165 39
159 165 40
159 165 41
159 165 42
159 165 43
159 165 44
159 165 45
159 165 46
159 165 47
159 165 48
159 165 49
159 165 50
159 165 51
159 165 52
159 165 53
159 165 54
159 165 55
159 165 56
159 165 57
159 165 58
159 165 59
159 165 60
159 165 61
159 165 62
159 165 63
159 165 64
159 165 65
159 165 66
159 165 67
159 165 68
159 165 69
159 165 70
159 165 71
159 165 72
159 165 73
159 165 74
159 165 75
159 165 76
159 165 77
159 165 78
159 165 79
159 165 80
159 165 81
159 165 82
159 165 83
159 165 84
159 165 85
159 165 86
159 165 87
159 165 88
159 165 89
159 165 90
159 165 91
159 165 92
159 165 93
159 165 94
159 165 95
159 165 96
159 165 97
159 165 98
159 165 99
159 165 100
159 165 101
159 165 102
159 165 103
159 165 104
159 165 105
159 165 106
159 165 107
159 165 108
159 165 109
159 165 110
159 165 111
159 165 112
159 165 113
159 165 114
159 165 115
159 165 116
159 165 117
159 165 118
159 165 119
159 165 120
159 165 121
159 165 122
159 165 123
159 165 124
159 165 125
159 165 126
159 165 127
159 165 128
159 165 129
159 165 130
159 165 131
159 165 132
159 165 133
159 165 134
159 165 135
159 165 136
159 165 137
159 165 138
159 165 139
159 165 140
159 165 141
159 165 142
159 165 143
159 165 144
159 165 145
159 165 146
159 165 147
159 165 148
159 165 149
159 165 150
159 165 151
159 165 152
159 165 153
159 165 154
159 165 155
159 165 156
159 165 157
159 165 158
159 165 159
159 165 160
159 165 161
159 165 162
159 165 163
159 165 164
159 165 165
159 165 166
159 165 167
159 165 168
159 165 169
159 165 170
159 165 171
159 165 172
159 165 173
159 165 174
159 165 175
159 165 176
159 165 177
159 165 178
159 165 179
159 165 180
159 165 181
159 165 182
159 165 183
159 165 184
159 165 185
159 165 186
159 165 187
159 165 188
159 165 189
159 165 190
159 165 191
159 165 192
159 165 193
159 165 194
159 165 195
159 165 196
159 165 197
159 165 198
160 161 2
160 161 3
160 161 4
160 161 5
160 161 6
160 161 7
160 161 8
160 161 9
160 161 10
160 161 11
160 161 12
160 161 13
160 161 14
160 161 15
160 161 16
160 161 17
160 161 18
160 161 19
160 161 20
160 161 21
160 161 22
160 161 23
160 161 24
160 161 25
160 161 26
160 161 27
160 161 28
160 161 29
160 161 30
160 161 31
160 161 32
160 161 33
160 161 34
160 161 35
160 161 36
160 161 37
160 161 38
160 161 39
160 161 40
160 161 41
160 161 42
160 161 43
160 161 44
160 161 45
160 161 46
160 161 47
160 161 48
160 161 49
160 161 50
160 161 51
160 161 52
160 161 53
160 161 54
160 161 55
160 161 56
160 161 57
160 161 58
160 161 59
160 161 60
160 161 61
160 161 62
160 161 63
160 161 64
160 161 65
160 161 66
160 161 67
160 161 68
160 161 69
160 161 70
160 161 71
160 161 72
160 161 73
160 161 74
160 161 75
160 161 76
160 161 77
160 161 78
160 161 79
160 161 80
160 161 81
160 161 82
160 161 83
160 161 84
160 161 85
160 161 86
160 161 87
160 161 88
160 161 89
160 161 90
160 161 91
160 161 92
160 161 93
160 161 94
160 161 95
160 161 96
160 161 97
160 161 98
160 161 99
160 161 100
160 161 101
160 161 102
160 161 103
160 161 104
160 161 105
160 161 106
160 161 107
160 161 108
160 161 109
160 161 110
160 161 111
160 161 112
160 161 113
160 161 114
160 161 115
160 161 116
160 161 117
160 161 118
160 161 119
160 161 120
160 161 121
160 161 122
160 161 123
160 161 124
160 161 125
160 161 126
160 161 127
160 161 128
160 161 129
160 161 130
160 161 131
160 161 132
160 161 133
160 161 134
160 161 135
160 161 136
160 161 137
160 161 138
160 161 139
160 161 140
160 161 141
160 161 142
160 161 143
160 161 144
160 161 145
160 161 146
160 161 147
160 161 148
160 161 149
160 161 150
160 161 151
160 161 152
160 161 153
160 161 154
160 161 155
160 161 156
160 161 157
160 161 158
160 161 159
160 161 160
160 161 161
160 161 162
160 161 163
160 161 164
160 161 165
160 161 166
160 161 167
160 161 168
160 161 169
160 161 170
160 161 171
160 161 172
160 161 173
160 161 174
160 161 175
160 161 176
160 161 177
160 161 178
160 161 179
160 161 180
160 161 181
160 161 182
160 161 183
160 161 184
160 161 185
160 161 186
160 161 187
160 161 188
160 161 189
160 161 190
160 161 191
160 161 192
160 161 193
160 161 194
160 161 195
160 161 196
160 161 197
160 161 198
160 162 2
160 162 3
160 162 4
160 162 5
160 162 6
160 162 7
160 162 8
160 162 9
160 162 10
160 162 11
160 162 12
160 162 13
160 162 14
160 162 15
160 162 16
160 162 17
160 162 18
160 162 19
160 162 20
160 162 21
160 162 22
160 162 23
160 162 24
160 162 25
160 162 26
160 162 27
160 162 28
160 162 29
160 162 30
160 162 31
160 162 32
160 162 33
160 162 34
160 162 35
160 162 36
160 162 37
160 162 38
160 162 39
160 162 40
160 162 41
160 162 42
160 162 43
160 162 44
160 162 45
160 162 46
160 162 47
160 162 48
160 162 49
160 162 50
160 162 51
160 162 52
160 162 53
160 162 54
160 162 55
160 162 56
160 162 57
160 162 58
160 162 59
160 162 60
160 162 61
160 162 62
160 162 63
160 162 64
160 162 65
160 162 66
160 162 67
160 162 68
160 162 69
160 162 70
160 162 71
160 162 72
160 162 73
160 162 74
160 162 75
160 162 76
160 162 77
160 162 78
160 162 79
160 162 80
160 162 81
160 162 82
160 162 83
160 162 84
160 162 85
160 162 86
160 162 87
160 162 88
160 162 89
160 162 90
160 162 91
160 162 92
160 162 93
160 162 94
160 162 95
160 162 96
160 162 97
160 162 98
160 162 99
160 162 100
160 162 101
160 162 102
160 162 103
160 162 104
160 162 105
160 162 106
160 162 107
160 162 108
160 162 109
160 162 110
160 162 111
160 162 112
160 162 113
160 162 114
160 162 115
160 162 116
160 162 117
160 162 118
160 162 119
160 162 120
160 162 121
160 162 122
160 162 123
160 162 124
160 162 125
160 162 126
160 162 127
160 162 128
160 162 129
160 162 130
160 162 131
160 162 132
160 162 133
160 162 134
160 162 135
160 162 136
160 162 137
160 162 138
160 162 139
160 162 140
160 162 141
160 162 142
160 162 143
160 162 144
160 162 145
160 162 146
160 162 147
160 162 148
160 162 149
160 162 150
160 162 151
160 162 152
160 162 153
160 162 154
160 162 155
160 162 156
160 162 157
160 162 158
160 162 159
160 162 160
160 162 161
160 162 162
160 162 163
160 162 164
160 162 165
160 162 166
160 162 167
160 162 168
160 162 169
160 162 170
160 162 171
160 162 172
160 162 173
160 162 174
160 162 175
160 162 176
160 162 177
160 162 178
160 162 179
160 162 180
160 162 181
160 162 182
160 162 183
160 162 184
160 162 185
160 162 186
160 162 187
160 162 188
160 162 189
160 162 190
160 162 191
160 162 192
160 162 193
160 162 194
160 162 195
160 162 196
160 162 197
160 162 198
160 163 2
160 163 3
160 163 4
160 163 5
160 163 6
160 163 7
160 163 8
160 163 9
160 163 10
160 163 11
160 163 12
160 163 13
160 163 14
160 163 15
160 163 16
160 163 17
160 163 18
160 163 19
160 163 20
160 163 21
160 163 22
160 163 23
160 163 24
160 163 25
160 163 26
160 163 27
160 163 28
160 163 29
160 163 30
160 163 31
160 163 32
160 163 33
160 163 34
160 163 35
160 163 36
160 163 37
160 163 38
160 163 39
160 163 40
160 163 41
160 163 42
160 163 43
160 163 44
160 163 45
160 163 46
160 163 47
160 163 48
160 163 49
160 163 50
160 163 51
160 163 52
160 163 53
160 163 54
160 163 55
160 163 56
160 163 57
160 163 58
160 163 59
160 163 60
160 163 61
160 163 62
160 163 63
160 163 64
160 163 65
160 163 66
160 163 67
160 163 68
160 163 69
160 163 70
160 163 71
160 163 72
160 163 73
160 163 74
160 163 75
160 163 76
160 163 77
160 163 78
160 163 79
160 163 80
160 163 81
160 163 82
160 163 83
160 163 84
160 163 85
160 163 86
160 163 87
160 163 88
160 163 89
160 163 90
160 163 91
160 163 92
160 163 93
160 163 94
160 163 95
160 163 96
160 163 97
160 163 98
160 163 99
160 163 100
160 163 101
160 163 102
160 163 103
160 163 104
160 163 105
160 163 106
160 163 107
160 163 108
160 163 109
160 163 110
160 163 111
160 163 112
160 163 113
160 163 114
160 163 115
160 163 116
160 163 117
160 163 118
160 163 119
160 163 120
160 163 121
160 163 122
160 163 123
160 163 124
160 163 125
160 163 126
160 163 127
160 163 128
160 163 129
160 163 130
160 163 131
160 163 132
160 163 133
160 163 134
160 163 135
160 163 136
160 163 137
160 163 138
160 163 139
160 163 140
160 163 141
160 163 142
160 163 143
160 163 144
160 163 145
160 163 146
160 163 147
160 163 148
160 163 149
160 163 150
160 163 151
160 163 152
160 163 153
160 163 154
160 163 155
160 163 156
160 163 157
160 163 158
160 163 159
160 163 160
160 163 161
160 163 162
160 163 163
160 163 164
160 163 165
160 163 166
160 163 167
160 163 168
160 163 169
160 163 170
160 163 171
160 163 172
160 163 173
160 163 174
160 163 175
160 163 176
160 163 177
160 163 178
160 163 179
160 163 180
160 163 181
160 163 182
160 163 183
160 163 184
160 163 185
160 163 186
160 163 187
160 163 188
160 163 189
160 163 190
160 163 191
160 163 192
160 163 193
160 163 194
160 163 195
160 163 196
160 163 197
160 163 198
160 164 2
160 164 3
160 164 4
160 164 5
160 164 6
160 164 7
160 164 8
160 164 9
160 164 10
160 164 11
160 164 12
160 164 13
160 164 14
160 164 15
160 164 16
160 164 17
160 164 18
160 164 19
160 164 20
160 164 21
160 164 22
160 164 23
160 164 24
160 164 25
160 164 26
160 164 27
160 164 28
160 164 29
160 164 30
160 164 31
160 164 32
160 164 33
160 164 34
160 164 35
160 164 36
160 164 37
160 164 38
160 164 39
160 164 40
160 164 41
160 164 42
160 164 43
160 164 44
160 164 45
160 164 46
160 164 47
160 164 48
160 164 49
160 164 50
160 164 51
160 164 52
160 164 53
160 164 54
160 164 55
160 164 56
160 164 57
160 164 58
160 164 59
160 164 60
160 164 61
160 164 62
160 164 63
160 164 64
160 164 65
160 164 66
160 164 67
160 164 68
160 164 69
160 164 70
160 164 71
160 164 72
160 164 73
160 164 74
160 164 75
160 164 76
160 164 77
160 164 78
160 164 79
160 164 80
160 164 81
160 164 82
160 164 83
160 164 84
160 164 85
160 164 86
160 164 87
160 164 88
160 164 89
160 164 90
160 164 91
160 164 92
160 164 93
160 164 94
160 164 95
160 164 96
160 164 97
160 164 98
160 164 99
160 164 100
160 164 101
160 164 102
160 164 103
160 164 104
160 164 105
160 164 106
160 164 107
160 164 108
160 164 109
160 164 110
160 164 111
160 164 112
160 164 113
160 164 114
160 164 115
160 164 116
160 164 117
160 164 118
160 164 119
160 164 120
160 164 121
160 164 122
160 164 123
160 164 124
160 164 125
160 164 126
160 164 127
160 164 128
160 164 129
160 164 130
160 164 131
160 164 132
160 164 133
160 164 134
160 164 135
160 164 136
160 164 137
160 164 138
160 164 139
160 164 140
160 164 141
160 164 142
160 164 143
160 164 144
160 164 145
160 164 146
160 164 147
160 164 148
160 164 149
160 164 150
160 164 151
160 164 152
160 164 153
160 164 154
160 164 155
160 164 156
160 164 157
160 164 158
160 164 159
160 164 160
160 164 161
160 164 162
160 164 163
160 164 164
160 164 165
160 164 166
160 164 167
160 164 168
160 164 169
160 164 170
160 164 171
160 164 172
160 164 173
160 164 174
160 164 175
160 164 176
160 164 177
160 164 178
160 164 179
160 164 180
160 164 181
160 164 182
160 164 183
160 164 184
160 164 185
160 164 186
160 164 187
160 164 188
160 164 189
160 164 190
160 164 191
160 164 192
160 164 193
160 164 194
160 164 195
160 164 196
160 164 197
160 164 198
160 165 2
160 165 3
160 165 4
160 165 5
160 165 6
160 165 7
160 165 8
160 165 9
160 165 10
160 165 11
160 165 12
160 165 13
160 165 14
160 165 15
160 165 16
160 165 17
160 165 18
160 165 19
160 165 20
160 165 21
160 165 22
160 165 23
160 165 24
160 165 25
160 165 26
160 165 27
160 165 28
160 165 29
160 165 30
160 165 31
160 165 32
160 165 33
160 165 34
160 165 35
160 165 36
160 165 37
160 165 38
160 165 39
160 165 40
160 165 41
160 165 42
160 165 43
160 165 44
160 165 45
160 165 46
160 165 47
160 165 48
160 165 49
160 165 50
160 165 51
160 165 52
160 165 53
160 165 54
160 165 55
160 165 56
160 165 57
160 165 58
160 165 59
160 165 60
160 165 61
160 165 62
160 165 63
160 165 64
160 165 65
160 165 66
160 165 67
160 165 68
160 165 69
160 165 70
160 165 71
160 165 72
160 165 73
160 165 74
160 165 75
160 165 76
160 165 77
160 165 78
160 165 79
160 165 80
160 165 81
160 165 82
160 165 83
160 165 84
160 165 85
160 165 86
160 165 87
160 165 88
160 165 89
160 165 90
160 165 91
160 165 92
160 165 93
160 165 94
160 165 95
160 165 96
160 165 97
160 165 98
160 165 99
160 165 100
160 165 101
160 165 102
160 165 103
160 165 104
160 165 105
160 165 106
160 165 107
160 165 108
160 165 109
160 165 110
160 165 111
160 165 112
160 165 113
160 165 114
160 165 115
160 165 116
160 165 117
160 165 118
160 165 119
160 165 120
160 165 121
160 165 122
160 165 123
160 165 124
160 165 125
160 165 126
160 165 127
160 165 128
160 165 129
160 165 130
160 165 131
160 165 132
160 165 133
160 165 134
160 165 135
160 165 136
160 165 137
160 165 138
160 165 139
160 165 140
160 165 141
160 165 142
160 165 143
160 165 144
160 165 145
160 165 146
160 165 147
160 165 148
160 165 149
160 165 150
160 165 151
160 165 152
160 165 153
160 165 154
160 165 155
160 165 156
160 165 157
160 165 158
160 165 159
160 165 160
160 165 161
160 165 162
160 165 163
160 165 164
160 165 165
160 165 166
160 165 167
160 165 168
160 165 169
160 165 170
160 165 171
160 165 172
160 165 173
160 165 174
160 165 175
160 165 176
160 165 177
160 165 178
160 165 179
160 165 180
160 165 181
160 165 182
160 165 183
160 165 184
160 165 185
160 165 186
160 165 187
160 165 188
160 165 189
160 165 190
160 165 191
160 165 192
160 165 193
160 165 194
160 165 195
160 165 196
160 165 197
160 165 198
161 161 2
161 161 3
161 161 4
161 161 5
161 161 6
161 161 7
161 161 8
161 161 9
161 161 10
161 161 11
161 161 12
161 161 13
161 161 14
161 161 15
161 161 16
161 161 17
161 161 18
161 161 19
161 161 20
161 161 21
161 161 22
161 161 23
161 161 24
161 161 25
161 161 26
161 161 27
161 161 28
161 161 29
161 161 30
161 161 31
161 161 32
161 161 33
161 161 34
161 161 35
161 161 36
161 161 37
161 161 38
161 161 39
161 161 40
161 161 41
161 161 42
161 161 43
161 161 44
161 161 45
161 161 46
161 161 47
161 161 48
161 161 49
161 161 50
161 161 51
161 161 52
161 161 53
161 161 54
161 161 55
161 161 56
161 161 57
161 161 58
161 161 59
161 161 60
161 161 61
161 161 62
161 161 63
161 161 64
161 161 65
161 161 66
161 161 67
161 161 68
161 161 69
161 161 70
161 161 71
161 161 72
161 161 73
161 161 74
161 161 75
161 161 76
161 161 77
161 161 78
161 161 79
161 161 80
161 161 81
161 161 82
161 161 83
161 161 84
161 161 85
161 161 86
161 161 87
161 161 88
161 161 89
161 161 90
161 161 91
161 161 92
161 161 93
161 161 94
161 161 95
161 161 96
161 161 97
161 161 98
161 161 99
161 161 100
161 161 101
161 161 102
161 161 103
161 161 104
161 161 105
161 161 106
161 161 107
161 161 108
161 161 109
161 161 110
161 161 111
161 161 112
161 161 113
161 161 114
161 161 115
161 161 116
161 161 117
161 161 118
161 161 119
161 161 120
161 161 121
161 161 122
161 161 123
161 161 124
161 161 125
161 161 126
161 161 127
161 161 128
161 161 129
161 161 130
161 161 131
161 161 132
161 161 133
161 161 134
161 161 135
161 161 136
161 161 137
161 161 138
161 161 139
161 161 140
161 161 141
161 161 142
161 161 143
161 161 144
161 161 145
161 161 146
161 161 147
161 161 148
161 161 149
161 161 150
161 161 151
161 161 152
161 161 153
161 161 154
161 161 155
161 161 156
161 161 157
161 161 158
161 161 159
161 161 160
161 161 161
161 161 162
161 161 163
161 161 164
161 161 165
161 161 166
161 161 167
161 161 168
161 161 169
161 161 170
161 161 171
161 161 172
161 161 173
161 161 174
161 161 175
161 161 176
161 161 177
161 161 178
161 161 179
161 161 180
161 161 181
161 161 182
161 161 183
161 161 184
161 161 185
161 161 186
161 161 187
161 161 188
161 161 189
161 161 190
161 161 191
161 161 192
161 161 193
161 161 194
161 161 195
161 161 196
161 161 197
161 161 198
161 162 2
161 162 3
161 162 4
161 162 5
161 162 6
161 162 7
161 162 8
161 162 9
161 162 10
161 162 11
161 162 12
161 162 13
161 162 14
161 162 15
161 162 16
161 162 17
161 162 18
161 162 19
161 162 20
161 162 21
161 162 22
161 162 23
161 162 24
161 162 25
161 162 26
161 162 27
161 162 28
161 162 29
161 162 30
161 162 31
161 162 32
161 162 33
161 162 34
161 162 35
161 162 36
161 162 37
161 162 38
161 162 39
161 162 40
161 162 41
161 162 42
161 162 43
161 162 44
161 162 45
161 162 46
161 162 47
161 162 48
161 162 49
161 162 50
161 162 51
161 162 52
161 162 53
161 162 54
161 162 55
161 162 56
161 162 57
161 162 58
161 162 59
161 162 60
161 162 61
161 162 62
161 162 63
161 162 64
161 162 65
161 162 66
161 162 67
161 162 68
161 162 69
161 162 70
161 162 71
161 162 72
161 162 73
161 162 74
161 162 75
161 162 76
161 162 77
161 162 78
161 162 79
161 162 80
161 162 81
161 162 82
161 162 83
161 162 84
161 162 85
161 162 86
161 162 87
161 162 88
161 162 89
161 162 90
161 162 91
161 162 92
161 162 93
161 162 94
161 162 95
161 162 96
161 162 97
161 162 98
161 162 99
161 162 100
161 162 101
161 162 102
161 162 103
161 162 104
161 162 105
161 162 106
161 162 107
161 162 108
161 162 109
161 162 110
161 162 111
161 162 112
161 162 113
161 162 114
161 162 115
161 162 116
161 162 117
161 162 118
161 162 119
161 162 120
161 162 121
161 162 122
161 162 123
161 162 124
161 162 125
161 162 126
161 162 127
161 162 128
161 162 129
161 162 130
161 162 131
161 162 132
161 162 133
161 162 134
161 162 135
161 162 136
161 162 137
161 162 138
161 162 139
161 162 140
161 162 141
161 162 142
161 162 143
161 162 144
161 162 145
161 162 146
161 162 147
161 162 148
161 162 149
161 162 150
161 162 151
161 162 152
161 162 153
161 162 154
161 162 155
161 162 156
161 162 157
161 162 158
161 162 159
161 162 160
161 162 161
161 162 162
161 162 163
161 162 164
161 162 165
161 162 166
161 162 167
161 162 168
161 162 169
161 162 170
161 162 171
161 162 172
161 162 173
161 162 174
161 162 175
161 162 176
161 162 177
161 162 178
161 162 179
161 162 180
161 162 181
161 162 182
161 162 183
161 162 184
161 162 185
161 162 186
161 162 187
161 162 188
161 162 189
161 162 190
161 162 191
161 162 192
161 162 193
161 162 194
161 162 195
161 162 196
161 162 197
161 162 198
161 163 2
161 163 3
161 163 4
161 163 5
161 163 6
161 163 7
161 163 8
161 163 9
161 163 10
161 163 11
161 163 12
161 163 13
161 163 14
161 163 15
161 163 16
161 163 17
161 163 18
161 163 19
161 163 20
161 163 21
161 163 22
161 163 23
161 163 24
161 163 25
161 163 26
161 163 27
161 163 28
161 163 29
161 163 30
161 163 31
161 163 32
161 163 33
161 163 34
161 163 35
161 163 36
161 163 37
161 163 38
161 163 39
161 163 40
161 163 41
161 163 42
161 163 43
161 163 44
161 163 45
161 163 46
161 163 47
161 163 48
161 163 49
161 163 50
161 163 51
161 163 52
161 163 53
161 163 54
161 163 55
161 163 56
161 163 57
161 163 58
161 163 59
161 163 60
161 163 61
161 163 62
161 163 63
161 163 64
161 163 65
161 163 66
161 163 67
161 163 68
161 163 69
161 163 70
161 163 71
161 163 72
161 163 73
161 163 74
161 163 75
161 163 76
161 163 77
161 163 78
161 163 79
161 163 80
161 163 81
161 163 82
161 163 83
161 163 84
161 163 85
161 163 86
161 163 87
161 163 88
161 163 89
161 163 90
161 163 91
161 163 92
161 163 93
161 163 94
161 163 95
161 163 96
161 163 97
161 163 98
161 163 99
161 163 100
161 163 101
161 163 102
161 163 103
161 163 104
161 163 105
161 163 106
161 163 107
161 163 108
161 163 109
161 163 110
161 163 111
161 163 112
161 163 113
161 163 114
161 163 115
161 163 116
161 163 117
161 163 118
161 163 119
161 163 120
161 163 121
161 163 122
161 163 123
161 163 124
161 163 125
161 163 126
161 163 127
161 163 128
161 163 129
161 163 130
161 163 131
161 163 132
161 163 133
161 163 134
161 163 135
161 163 136
161 163 137
161 163 138
161 163 139
161 163 140
161 163 141
161 163 142
161 163 143
161 163 144
161 163 145
161 163 146
161 163 147
161 163 148
161 163 149
161 163 150
161 163 151
161 163 152
161 163 153
161 163 154
161 163 155
161 163 156
161 163 157
161 163 158
161 163 159
161 163 160
161 163 161
161 163 162
161 163 163
161 163 164
161 163 165
161 163 166
161 163 167
161 163 168
161 163 169
161 163 170
161 163 171
161 163 172
161 163 173
161 163 174
161 163 175
161 163 176
161 163 177
161 163 178
161 163 179
161 163 180
161 163 181
161 163 182
161 163 183
161 163 184
161 163 185
161 163 186
161 163 187
161 163 188
161 163 189
161 163 190
161 163 191
161 163 192
161 163 193
161 163 194
161 163 195
161 163 196
161 163 197
161 163 198
161 164 2
161 164 3
161 164 4
161 164 5
161 164 6
161 164 7
161 164 8
161 164 9
161 164 10
161 164 11
161 164 12
161 164 13
161 164 14
161 164 15
161 164 16
161 164 17
161 164 18
161 164 19
161 164 20
161 164 21
161 164 22
161 164 23
161 164 24
161 164 25
161 164 26
161 164 27
161 164 28
161 164 29
161 164 30
161 164 31
161 164 32
161 164 33
161 164 34
161 164 35
161 164 36
161 164 37
161 164 38
161 164 39
161 164 40
161 164 41
161 164 42
161 164 43
161 164 44
161 164 45
161 164 46
161 164 47
161 164 48
161 164 49
161 164 50
161 164 51
161 164 52
161 164 53
161 164 54
161 164 55
161 164 56
161 164 57
161 164 58
161 164 59
161 164 60
161 164 61
161 164 62
161 164 63
161 164 64
161 164 65
161 164 66
161 164 67
161 164 68
161 164 69
161 164 70
161 164 71
161 164 72
161 164 73
161 164 74
161 164 75
161 164 76
161 164 77
161 164 78
161 164 79
161 164 80
161 164 81
161 164 82
161 164 83
161 164 84
161 164 85
161 164 86
161 164 87
161 164 88
161 164 89
161 164 90
161 164 91
161 164 92
161 164 93
161 164 94
161 164 95
161 164 96
161 164 97
161 164 98
161 164 99
161 164 100
161 164 101
161 164 102
161 164 103
161 164 104
161 164 105
161 164 106
161 164 107
161 164 108
161 164 109
161 164 110
161 164 111
161 164 112
161 164 113
161 164 114
161 164 115
161 164 116
161 164 117
161 164 118
161 164 119
161 164 120
161 164 121
161 164 122
161 164 123
161 164 124
161 164 125
161 164 126
161 164 127
161 164 128
161 164 129
161 164 130
161 164 131
161 164 132
161 164 133
161 164 134
161 164 135
161 164 136
161 164 137
161 164 138
161 164 139
161 164 140
161 164 141
161 164 142
161 164 143
161 164 144
161 164 145
161 164 146
161 164 147
161 164 148
161 164 149
161 164 150
161 164 151
161 164 152
161 164 153
161 164 154
161 164 155
161 164 156
161 164 157
161 164 158
161 164 159
161 164 160
161 164 161
161 164 162
161 164 163
161 164 164
161 164 165
161 164 166
161 164 167
161 164 168
161 164 169
161 164 170
161 164 171
161 164 172
161 164 173
161 164 174
161 164 175
161 164 176
161 164 177
161 164 178
161 164 179
161 164 180
161 164 181
161 164 182
161 164 183
161 164 184
161 164 185
161 164 186
161 164 187
161 164 188
161 164 189
161 164 190
161 164 191
161 164 192
161 164 193
161 164 194
161 164 195
161 164 196
161 164 197
161 164 198
161 165 2
161 165 3
161 165 4
161 165 5
161 165 6
161 165 7
161 165 8
161 165 9
161 165 10
161 165 11
161 165 12
161 165 13
161 165 14
161 165 15
161 165 16
161 165 17
161 165 18
161 165 19
161 165 20
161 165 21
161 165 22
161 165 23
161 165 24
161 165 25
161 165 26
161 165 27
161 165 28
161 165 29
161 165 30
161 165 31
161 165 32
161 165 33
161 165 34
161 165 35
161 165 36
161 165 37
161 165 38
161 165 39
161 165 40
161 165 41
161 165 42
161 165 43
161 165 44
161 165 45
161 165 46
161 165 47
161 165 48
161 165 49
161 165 50
161 165 51
161 165 52
161 165 53
161 165 54
161 165 55
161 165 56
161 165 57
161 165 58
161 165 59
161 165 60
161 165 61
161 165 62
161 165 63
161 165 64
161 165 65
161 165 66
161 165 67
161 165 68
161 165 69
161 165 70
161 165 71
161 165 72
161 165 73
161 165 74
161 165 75
161 165 76
161 165 77
161 165 78
161 165 79
161 165 80
161 165 81
161 165 82
161 165 83
161 165 84
161 165 85
161 165 86
161 165 87
161 165 88
161 165 89
161 165 90
161 165 91
161 165 92
161 165 93
161 165 94
161 165 95
161 165 96
161 165 97
161 165 98
161 165 99
161 165 100
161 165 101
161 165 102
161 165 103
161 165 104
161 165 105
161 165 106
161 165 107
161 165 108
161 165 109
161 165 110
161 165 111
161 165 112
161 165 113
161 165 114
161 165 115
161 165 116
161 165 117
161 165 118
161 165 119
161 165 120
161 165 121
161 165 122
161 165 123
161 165 124
161 165 125
161 165 126
161 165 127
161 165 128
161 165 129
161 165 130
161 165 131
161 165 132
161 165 133
161 165 134
161 165 135
161 165 136
161 165 137
161 165 138
161 165 139
161 165 140
161 165 141
161 165 142
161 165 143
161 165 144
161 165 145
161 165 146
161 165 147
161 165 148
161 165 149
161 165 150
161 165 151
161 165 152
161 165 153
161 165 154
161 165 155
161 165 156
161 165 157
161 165 158
161 165 159
161 165 160
161 165 161
161 165 162
161 165 163
161 165 164
161 165 165
161 165 166
161 165 167
161 165 168
161 165 169
161 165 170
161 165 171
161 165 172
161 165 173
161 165 174
161 165 175
161 165 176
161 165 177
161 165 178
161 165 179
161 165 180
161 165 181
161 165 182
161 165 183
161 165 184
161 165 185
161 165 186
161 165 187
161 165 188
161 165 189
161 165 190
161 165 191
161 165 192
161 165 193
161 165 194
161 165 195
161 165 196
161 165 197
161 165 198
162 161 2
162 161 3
162 161 4
162 161 5
162 161 6
162 161 7
162 161 8
162 161 9
162 161 10
162 161 11
162 161 12
162 161 13
162 161 14
162 161 15
162 161 16
162 161 17
162 161 18
162 161 19
162 161 20
162 161 21
162 161 22
162 161 23
162 161 24
162 161 25
162 161 26
162 161 27
162 161 28
162 161 29
162 161 30
162 161 31
162 161 32
162 161 33
162 161 34
162 161 35
162 161 36
162 161 37
162 161 38
162 161 39
162 161 40
162 161 41
162 161 42
162 161 43
162 161 44
162 161 45
162 161 46
162 161 47
162 161 48
162 161 49
162 161 50
162 161 51
162 161 52
162 161 53
162 161 54
162 161 55
162 161 56
162 161 57
162 161 58
162 161 59
162 161 60
162 161 61
162 161 62
162 161 63
162 161 64
162 161 65
162 161 66
162 161 67
162 161 68
162 161 69
162 161 70
162 161 71
162 161 72
162 161 73
162 161 74
162 161 75
162 161 76
162 161 77
162 161 78
162 161 79
162 161 80
162 161 81
162 161 82
162 161 83
162 161 84
162 161 85
162 161 86
162 161 87
162 161 88
162 161 89
162 161 90
162 161 91
162 161 92
162 161 93
162 161 94
162 161 95
162 161 96
162 161 97
162 161 98
162 161 99
162 161 100
162 161 101
162 161 102
162 161 103
162 161 104
162 161 105
162 161 106
162 161 107
162 161 108
162 161 109
162 161 110
162 161 111
162 161 112
162 161 113
162 161 114
162 161 115
162 161 116
162 161 117
162 161 118
162 161 119
162 161 120
162 161 121
162 161 122
162 161 123
162 161 124
162 161 125
162 161 126
162 161 127
162 161 128
162 161 129
162 161 130
162 161 131
162 161 132
162 161 133
162 161 134
162 161 135
162 161 136
162 161 137
162 161 138
162 161 139
162 161 140
162 161 141
162 161 142
162 161 143
162 161 144
162 161 145
162 161 146
162 161 147
162 161 148
162 161 149
162 161 150
162 161 151
162 161 152
162 161 153
162 161 154
162 161 155
162 161 156
162 161 157
162 161 158
162 161 159
162 161 160
162 161 161
162 161 162
162 161 163
162 161 164
162 161 165
162 161 166
162 161 167
162 161 168
162 161 169
162 161 170
162 161 171
162 161 172
162 161 173
162 161 174
162 161 175
162 161 176
162 161 177
162 161 178
162 161 179
162 161 180
162 161 181
162 161 182
162 161 183
162 161 184
162 161 185
162 161 186
162 161 187
162 161 188
162 161 189
162 161 190
162 161 191
162 161 192
162 161 193
162 161 194
162 161 195
162 161 196
162 161 197
162 161 198
162 162 2
162 162 3
162 162 4
162 162 5
162 162 6
162 162 7
162 162 8
162 162 9
162 162 10
162 162 11
162 162 12
162 162 13
162 162 14
162 162 15
162 162 16
162 162 17
162 162 18
162 162 19
162 162 20
162 162 21
162 162 22
162 162 23
162 162 24
162 162 25
162 162 26
162 162 27
162 162 28
162 162 29
162 162 30
162 162 31
162 162 32
162 162 33
162 162 34
162 162 35
162 162 36
162 162 37
162 162 38
162 162 39
162 162 40
162 162 41
162 162 42
162 162 43
162 162 44
162 162 45
162 162 46
162 162 47
162 162 48
162 162 49
162 162 50
162 162 51
162 162 52
162 162 53
162 162 54
162 162 55
162 162 56
162 162 57
162 162 58
162 162 59
162 162 60
162 162 61
162 162 62
162 162 63
162 162 64
162 162 65
162 162 66
162 162 67
162 162 68
162 162 69
162 162 70
162 162 71
162 162 72
162 162 73
162 162 74
162 162 75
162 162 76
162 162 77
162 162 78
162 162 79
162 162 80
162 162 81
162 162 82
162 162 83
162 162 84
162 162 85
162 162 86
162 162 87
162 162 88
162 162 89
162 162 90
162 162 91
162 162 92
162 162 93
162 162 94
162 162 95
162 162 96
162 162 97
162 162 98
162 162 99
162 162 100
162 162 101
162 162 102
162 162 103
162 162 104
162 162 105
162 162 106
162 162 107
162 162 108
162 162 109
162 162 110
162 162 111
162 162 112
162 162 113
162 162 114
162 162 115
162 162 116
162 162 117
162 162 118
162 162 119
162 162 120
162 162 121
162 162 122
162 162 123
162 162 124
162 162 125
162 162 126
162 162 127
162 162 128
162 162 129
162 162 130
162 162 131
162 162 132
162 162 133
162 162 134
162 162 135
162 162 136
162 162 137
162 162 138
162 162 139
162 162 140
162 162 141
162 162 142
162 162 143
162 162 144
162 162 145
162 162 146
162 162 147
162 162 148
162 162 149
162 162 150
162 162 151
162 162 152
162 162 153
162 162 154
162 162 155
162 162 156
162 162 157
162 162 158
162 162 159
162 162 160
162 162 161
162 162 162
162 162 163
162 162 164
162 162 165
162 162 166
162 162 167
162 162 168
162 162 169
162 162 170
162 162 171
162 162 172
162 162 173
162 162 174
162 162 175
162 162 176
162 162 177
162 162 178
162 162 179
162 162 180
162 162 181
162 162 182
162 162 183
162 162 184
162 162 185
162 162 186
162 162 187
162 162 188
162 162 189
162 162 190
162 162 191
162 162 192
162 162 193
162 162 194
162 162 195
162 162 196
162 162 197
162 162 198
162 163 2
162 163 3
162 163 4
162 163 5
162 163 6
162 163 7
162 163 8
162 163 9
162 163 10
162 163 11
162 163 12
162 163 13
162 163 14
162 163 15
162 163 16
162 163 17
162 163 18
162 163 19
162 163 20
162 163 21
162 163 22
162 163 23
162 163 24
162 163 25
162 163 26
162 163 27
162 163 28
162 163 29
162 163 30
162 163 31
162 163 32
162 163 33
162 163 34
162 163 35
162 163 36
162 163 37
162 163 38
162 163 39
162 163 40
162 163 41
162 163 42
162 163 43
162 163 44
162 163 45
162 163 46
162 163 47
162 163 48
162 163 49
162 163 50
162 163 51
162 163 52
162 163 53
162 163 54
162 163 55
162 163 56
162 163 57
162 163 58
162 163 59
162 163 60
162 163 61
162 163 62
162 163 63
162 163 64
162 163 65
162 163 66
162 163 67
162 163 68
162 163 69
162 163 70
162 163 71
162 163 72
162 163 73
162 163 74
162 163 75
162 163 76
162 163 77
162 163 78
162 163 79
162 163 80
162 163 81
162 163 82
162 163 83
162 163 84
162 163 85
162 163 86
162 163 87
162 163 88
162 163 89
162 163 90
162 163 91
162 163 92
162 163 93
162 163 94
162 163 95
162 163 96
162 163 97
162 163 98
162 163 99
162 163 100
162 163 101
162 163 102
162 163 103
162 163 104
162 163 105
162 163 106
162 163 107
162 163 108
162 163 109
162 163 110
162 163 111
162 163 112
162 163 113
162 163 114
162 163 115
162 163 116
162 163 117
162 163 118
162 163 119
162 163 120
162 163 121
162 163 122
162 163 123
162 163 124
162 163 125
162 163 126
162 163 127
162 163 128
162 163 129
162 163 130
162 163 131
162 163 132
162 163 133
162 163 134
162 163 135
162 163 136
162 163 137
162 163 138
162 163 139
162 163 140
162 163 141
162 163 142
162 163 143
162 163 144
162 163 145
162 163 146
162 163 147
162 163 148
162 163 149
162 163 150
162 163 151
162 163 152
162 163 153
162 163 154
162 163 155
162 163 156
162 163 157
162 163 158
162 163 159
162 163 160
162 163 161
162 163 162
162 163 163
162 163 164
162 163 165
162 163 166
162 163 167
162 163 168
162 163 169
162 163 170
162 163 171
162 163 172
162 163 173
162 163 174
162 163 175
162 163 176
162 163 177
162 163 178
162 163 179
162 163 180
162 163 181
162 163 182
162 163 183
162 163 184
162 163 185
162 163 186
162 163 187
162 163 188
162 163 189
162 163 190
162 163 191
162 163 192
162 163 193
162 163 194
162 163 195
162 163 196
162 163 197
162 163 198
162 164 2
162 164 3
162 164 4
162 164 5
162 164 6
162 164 7
162 164 8
162 164 9
162 164 10
162 164 11
162 164 12
162 164 13
162 164 14
162 164 15
162 164 16
162 164 17
162 164 18
162 164 19
162 164 20
162 164 21
162 164 22
162 164 23
162 164 24
162 164 25
162 164 26
162 164 27
162 164 28
162 164 29
162 164 30
162 164 31
162 164 32
162 164 33
162 164 34
162 164 35
162 164 36
162 164 37
162 164 38
162 164 39
162 164 40
162 164 41
162 164 42
162 164 43
162 164 44
162 164 45
162 164 46
162 164 47
162 164 48
162 164 49
162 164 50
162 164 51
162 164 52
162 164 53
162 164 54
162 164 55
162 164 56
162 164 57
162 164 58
162 164 59
162 164 60
162 164 61
162 164 62
162 164 63
162 164 64
162 164 65
162 164 66
162 164 67
162 164 68
162 164 69
162 164 70
162 164 71
162 164 72
162 164 73
162 164 74
162 164 75
162 164 76
162 164 77
162 164 78
162 164 79
162 164 80
162 164 81
162 164 82
162 164 83
162 164 84
162 164 85
162 164 86
162 164 87
162 164 88
162 164 89
162 164 90
162 164 91
162 164 92
162 164 93
162 164 94
162 164 95
162 164 96
162 164 97
162 164 98
162 164 99
162 164 100
162 164 101
162 164 102
162 164 103
162 164 104
162 164 105
162 164 106
162 164 107
162 164 108
162 164 109
162 164 110
162 164 111
162 164 112
162 164 113
162 164 114
162 164 115
162 164 116
162 164 117
162 164 118
162 164 119
162 164 120
162 164 121
162 164 122
162 164 123
162 164 124
162 164 125
162 164 126
162 164 127
162 164 128
162 164 129
162 164 130
162 164 131
162 164 132
162 164 133
162 164 134
162 164 135
162 164 136
162 164 137
162 164 138
162 164 139
162 164 140
162 164 141
162 164 142
162 164 143
162 164 144
162 164 145
162 164 146
162 164 147
162 164 148
162 164 149
162 164 150
162 164 151
162 164 152
162 164 153
162 164 154
162 164 155
162 164 156
162 164 157
162 164 158
162 164 159
162 164 160
162 164 161
162 164 162
162 164 163
162 164 164
162 164 165
162 164 166
162 164 167
162 164 168
162 164 169
162 164 170
162 164 171
162 164 172
162 164 173
162 164 174
162 164 175
162 164 176
162 164 177
162 164 178
162 164 179
162 164 180
162 164 181
162 164 182
162 164 183
162 164 184
162 164 185
162 164 186
162 164 187
162 164 188
162 164 189
162 164 190
162 164 191
162 164 192
162 164 193
162 164 194
162 164 195
162 164 196
162 164 197
162 164 198
162 165 2
162 165 3
162 165 4
162 165 5
162 165 6
162 165 7
162 165 8
162 165 9
162 165 10
162 165 11
162 165 12
162 165 13
162 165 14
162 165 15
162 165 16
162 165 17
162 165 18
162 165 19
162 165 20
162 165 21
162 165 22
162 165 23
162 165 24
162 165 25
162 165 26
162 165 27
162 165 28
162 165 29
162 165 30
162 165 31
162 165 32
162 165 33
162 165 34
162 165 35
162 165 36
162 165 37
162 165 38
162 165 39
162 165 40
162 165 41
162 165 42
162 165 43
162 165 44
162 165 45
162 165 46
162 165 47
162 165 48
162 165 49
162 165 50
162 165 51
162 165 52
162 165 53
162 165 54
162 165 55
162 165 56
162 165 57
162 165 58
162 165 59
162 165 60
162 165 61
162 165 62
162 165 63
162 165 64
162 165 65
162 165 66
162 165 67
162 165 68
162 165 69
162 165 70
162 165 71
162 165 72
162 165 73
162 165 74
162 165 75
162 165 76
162 165 77
162 165 78
162 165 79
162 165 80
162 165 81
162 165 82
162 165 83
162 165 84
162 165 85
162 165 86
162 165 87
162 165 88
162 165 89
162 165 90
162 165 91
162 165 92
162 165 93
162 165 94
162 165 95
162 165 96
162 165 97
162 165 98
162 165 99
162 165 100
162 165 101
162 165 102
162 165 103
162 165 104
162 165 105
162 165 106
162 165 107
162 165 108
162 165 109
162 165 110
162 165 111
162 165 112
162 165 113
162 165 114
162 165 115
162 165 116
162 165 117
162 165 118
162 165 119
162 165 120
162 165 121
162 165 122
162 165 123
162 165 124
162 165 125
162 165 126
162 165 127
162 165 128
162 165 129
162 165 130
162 165 131
162 165 132
162 165 133
162 165 134
162 165 135
162 165 136
162 165 137
162 165 138
162 165 139
162 165 140
162 165 141
162 165 142
162 165 143
162 165 144
162 165 145
162 165 146
162 165 147
162 165 148
162 165 149
162 165 150
162 165 151
162 165 152
162 165 153
162 165 154
162 165 155
162 165 156
162 165 157
162 165 158
162 165 159
162 165 160
162 165 161
162 165 162
162 165 163
162 165 164
162 165 165
162 165 166
162 165 167
162 165 168
162 165 169
162 165 170
162 165 171
162 165 172
162 165 173
162 165 174
162 165 175
162 165 176
162 165 177
162 165 178
162 165 179
162 165 180
162 165 181
162 165 182
162 165 183
162 165 184
162 165 185
162 165 186
162 165 187
162 165 188
162 165 189
162 165 190
162 165 191
162 165 192
162 165 193
162 165 194
162 165 195
162 165 196
162 165 197
162 165 198
163 161 2
163 161 3
163 161 4
163 161 5
163 161 6
163 161 7
163 161 8
163 161 9
163 161 10
163 161 11
163 161 12
163 161 13
163 161 14
163 161 15
163 161 16
163 161 17
163 161 18
163 161 19
163 161 20
163 161 21
163 161 22
163 161 23
163 161 24
163 161 25
163 161 26
163 161 27
163 161 28
163 161 29
163 161 30
163 161 31
163 161 32
163 161 33
163 161 34
163 161 35
163 161 36
163 161 37
163 161 38
163 161 39
163 161 40
163 161 41
163 161 42
163 161 43
163 161 44
163 161 45
163 161 46
163 161 47
163 161 48
163 161 49
163 161 50
163 161 51
163 161 52
163 161 53
163 161 54
163 161 55
163 161 56
163 161 57
163 161 58
163 161 59
163 161 60
163 161 61
163 161 62
163 161 63
163 161 64
163 161 65
163 161 66
163 161 67
163 161 68
163 161 69
163 161 70
163 161 71
163 161 72
163 161 73
163 161 74
163 161 75
163 161 76
163 161 77
163 161 78
163 161 79
163 161 80
163 161 81
163 161 82
163 161 83
163 161 84
163 161 85
163 161 86
163 161 87
163 161 88
163 161 89
163 161 90
163 161 91
163 161 92
163 161 93
163 161 94
163 161 95
163 161 96
163 161 97
163 161 98
163 161 99
163 161 100
163 161 101
163 161 102
163 161 103
163 161 104
163 161 105
163 161 106
163 161 107
163 161 108
163 161 109
163 161 110
163 161 111
163 161 112
163 161 113
163 161 114
163 161 115
163 161 116
163 161 117
163 161 118
163 161 119
163 161 120
163 161 121
163 161 122
163 161 123
163 161 124
163 161 125
163 161 126
163 161 127
163 161 128
163 161 129
163 161 130
163 161 131
163 161 132
163 161 133
163 161 134
163 161 135
163 161 136
163 161 137
163 161 138
163 161 139
163 161 140
163 161 141
163 161 142
163 161 143
163 161 144
163 161 145
163 161 146
163 161 147
163 161 148
163 161 149
163 161 150
163 161 151
163 161 152
163 161 153
163 161 154
163 161 155
163 161 156
163 161 157
163 161 158
163 161 159
163 161 160
163 161 161
163 161 162
163 161 163
163 161 164
163 161 165
163 161 166
163 161 167
163 161 168
163 161 169
163 161 170
163 161 171
163 161 172
163 161 173
163 161 174
163 161 175
163 161 176
163 161 177
163 161 178
163 161 179
163 161 180
163 161 181
163 161 182
163 161 183
163 161 184
163 161 185
163 161 186
163 161 187
163 161 188
163 161 189
163 161 190
163 161 191
163 161 192
163 161 193
163 161 194
163 161 195
163 161 196
163 161 197
163 161 198
163 162 2
163 162 3
163 162 4
163 162 5
163 162 6
163 162 7
163 162 8
163 162 9
163 162 10
163 162 11
163 162 12
163 162 13
163 162 14
163 162 15
163 162 16
163 162 17
163 162 18
163 162 19
163 162 20
163 162 21
163 162 22
163 162 23
163 162 24
163 162 25
163 162 26
163 162 27
163 162 28
163 162 29
163 162 30
163 162 31
163 162 32
163 162 33
163 162 34
163 162 35
163 162 36
163 162 37
163 162 38
163 162 39
163 162 40
163 162 41
163 162 42
163 162 43
163 162 44
163 162 45
163 162 46
163 162 47
163 162 48
163 162 49
163 162 50
163 162 51
163 162 52
163 162 53
163 162 54
163 162 55
163 162 56
163 162 57
163 162 58
163 162 59
163 162 60
163 162 61
163 162 62
163 162 63
163 162 64
163 162 65
163 162 66
163 162 67
163 162 68
163 162 69
163 162 70
163 162 71
163 162 72
163 162 73
163 162 74
163 162 75
163 162 76
163 162 77
163 162 78
163 162 79
163 162 80
163 162 81
163 162 82
163 162 83
163 162 84
163 162 85
163 162 86
163 162 87
163 162 88
163 162 89
163 162 90
163 162 91
163 162 92
163 162 93
163 162 94
163 162 95
163 162 96
163 162 97
163 162 98
163 162 99
163 162 100
163 162 101
163 162 102
163 162 103
163 162 104
163 162 105
163 162 106
163 162 107
163 162 108
163 162 109
163 162 110
163 162 111
163 162 112
163 162 113
163 162 114
163 162 115
163 162 116
163 162 117
163 162 118
163 162 119
163 162 120
163 162 121
163 162 122
163 162 123
163 162 124
163 162 125
163 162 126
163 162 127
163 162 128
163 162 129
163 162 130
163 162 131
163 162 132
163 162 133
163 162 134
163 162 135
163 162 136
163 162 137
163 162 138
163 162 139
163 162 140
163 162 141
163 162 142
163 162 143
163 162 144
163 162 145
163 162 146
163 162 147
163 162 148
163 162 149
163 162 150
163 162 151
163 162 152
163 162 153
163 162 154
163 162 155
163 162 156
163 162 157
163 162 158
163 162 159
163 162 160
163 162 161
163 162 162
163 162 163
163 162 164
163 162 165
163 162 166
163 162 167
163 162 168
163 162 169
163 162 170
163 162 171
163 162 172
163 162 173
163 162 174
163 162 175
163 162 176
163 162 177
163 162 178
163 162 179
163 162 180
163 162 181
163 162 182
163 162 183
163 162 184
163 162 185
163 162 186
163 162 187
163 162 188
163 162 189
163 162 190
163 162 191
163 162 192
163 162 193
163 162 194
163 162 195
163 162 196
163 162 197
163 162 198
163 163 2
163 163 3
163 163 4
163 163 5
163 163 6
163 163 7
163 163 8
163 163 9
163 163 10
163 163 11
163 163 12
163 163 13
163 163 14
163 163 15
163 163 16
163 163 17
163 163 18
163 163 19
163 163 20
163 163 21
163 163 22
163 163 23
163 163 24
163 163 25
163 163 26
163 163 27
163 163 28
163 163 29
163 163 30
163 163 31
163 163 32
163 163 33
163 163 34
163 163 35
163 163 36
163 163 37
163 163 38
163 163 39
163 163 40
163 163 41
163 163 42
163 163 43
163 163 44
163 163 45
163 163 46
163 163 47
163 163 48
163 163 49
163 163 50
163 163 51
163 163 52
163 163 53
163 163 54
163 163 55
163 163 56
163 163 57
163 163 58
163 163 59
163 163 60
163 163 61
163 163 62
163 163 63
163 163 64
163 163 65
163 163 66
163 163 67
163 163 68
163 163 69
163 163 70
163 163 71
163 163 72
163 163 73
163 163 74
163 163 75
163 163 76
163 163 77
163 163 78
163 163 79
163 163 80
163 163 81
163 163 82
163 163 83
163 163 84
163 163 85
163 163 86
163 163 87
163 163 88
163 163 89
163 163 90
163 163 91
163 163 92
163 163 93
163 163 94
163 163 95
163 163 96
163 163 97
163 163 98
163 163 99
163 163 100
163 163 101
163 163 102
163 163 103
163 163 104
163 163 105
163 163 106
163 163 107
163 163 108
163 163 109
163 163 110
163 163 111
163 163 112
163 163 113
163 163 114
163 163 115
163 163 116
163 163 117
163 163 118
163 163 119
163 163 120
163 163 121
163 163 122
163 163 123
163 163 124
163 163 125
163 163 126
163 163 127
163 163 128
163 163 129
163 163 130
163 163 131
163 163 132
163 163 133
163 163 134
163 163 135
163 163 136
163 163 137
163 163 138
163 163 139
163 163 140
163 163 141
163 163 142
163 163 143
163 163 144
163 163 145
163 163 146
163 163 147
163 163 148
163 163 149
163 163 150
163 163 151
163 163 152
163 163 153
163 163 154
163 163 155
163 163 156
163 163 157
163 163 158
163 163 159
163 163 160
163 163 161
163 163 162
163 163 163
163 163 164
163 163 165
163 163 166
163 163 167
163 163 168
163 163 169
163 163 170
163 163 171
163 163 172
163 163 173
163 163 174
163 163 175
163 163 176
163 163 177
163 163 178
163 163 179
163 163 180
163 163 181
163 163 182
163 163 183
163 163 184
163 163 185
163 163 186
163 163 187
163 163 188
163 163 189
163 163 190
163 163 191
163 163 192
163 163 193
163 163 194
163 163 195
163 163 196
163 163 197
163 163 198
163 164 2
163 164 3
163 164 4
163 164 5
163 164 6
163 164 7
163 164 8
163 164 9
163 164 10
163 164 11
163 164 12
163 164 13
163 164 14
163 164 15
163 164 16
163 164 17
163 164 18
163 164 19
163 164 20
163 164 21
163 164 22
163 164 23
163 164 24
163 164 25
163 164 26
163 164 27
163 164 28
163 164 29
163 164 30
163 164 31
163 164 32
163 164 33
163 164 34
163 164 35
163 164 36
163 164 37
163 164 38
163 164 39
163 164 40
163 164 41
163 164 42
163 164 43
163 164 44
163 164 45
163 164 46
163 164 47
163 164 48
163 164 49
163 164 50
163 164 51
163 164 52
163 164 53
163 164 54
163 164 55
163 164 56
163 164 57
163 164 58
163 164 59
163 164 60
163 164 61
163 164 62
163 164 63
163 164 64
163 164 65
163 164 66
163 164 67
163 164 68
163 164 69
163 164 70
163 164 71
163 164 72
163 164 73
163 164 74
163 164 75
163 164 76
163 164 77
163 164 78
163 164 79
163 164 80
163 164 81
163 164 82
163 164 83
163 164 84
163 164 85
163 164 86
163 164 87
163 164 88
163 164 89
163 164 90
163 164 91
163 164 92
163 164 93
163 164 94
163 164 95
163 164 96
163 164 97
163 164 98
163 164 99
163 164 100
163 164 101
163 164 102
163 164 103
163 164 104
163 164 105
163 164 106
163 164 107
163 164 108
163 164 109
163 164 110
163 164 111
163 164 112
163 164 113
163 164 114
163 164 115
163 164 116
163 164 117
163 164 118
163 164 119
163 164 120
163 164 121
163 164 122
163 164 123
163 164 124
163 164 125
163 164 126
163 164 127
163 164 128
163 164 129
163 164 130
163 164 131
163 164 132
163 164 133
163 164 134
163 164 135
163 164 136
163 164 137
163 164 138
163 164 139
163 164 140
163 164 141
163 164 142
163 164 143
163 164 144
163 164 145
163 164 146
163 164 147
163 164 148
163 164 149
163 164 150
163 164 151
163 164 152
163 164 153
163 164 154
163 164 155
163 164 156
163 164 157
163 164 158
163 164 159
163 164 160
163 164 161
163 164 162
163 164 163
163 164 164
163 164 165
163 164 166
163 164 167
163 164 168
163 164 169
163 164 170
163 164 171
163 164 172
163 164 173
163 164 174
163 164 175
163 164 176
163 164 177
163 164 178
163 164 179
163 164 180
163 164 181
163 164 182
163 164 183
163 164 184
163 164 185
163 164 186
163 164 187
163 164 188
163 164 189
163 164 190
163 164 191
163 164 192
163 164 193
163 164 194
163 164 195
163 164 196
163 164 197
163 164 198
163 165 2
163 165 3
163 165 4
163 165 5
163 165 6
163 165 7
163 165 8
163 165 9
163 165 10
163 165 11
163 165 12
163 165 13
163 165 14
163 165 15
163 165 16
163 165 17
163 165 18
163 165 19
163 165 20
163 165 21
163 165 22
163 165 23
163 165 24
163 165 25
163 165 26
163 165 27
163 165 28
163 165 29
163 165 30
163 165 31
163 165 32
163 165 33
163 165 34
163 165 35
163 165 36
163 165 37
163 165 38
163 165 39
163 165 40
163 165 41
163 165 42
163 165 43
163 165 44
163 165 45
163 165 46
163 165 47
163 165 48
163 165 49
163 165 50
163 165 51
163 165 52
163 165 53
163 165 54
163 165 55
163 165 56
163 165 57
163 165 58
163 165 59
163 165 60
163 165 61
163 165 62
163 165 63
163 165 64
163 165 65
163 165 66
163 165 67
163 165 68
163 165 69
163 165 70
163 165 71
163 165 72
163 165 73
163 165 74
163 165 75
163 165 76
163 165 77
163 165 78
163 165 79
163 165 80
163 165 81
163 165 82
163 165 83
163 165 84
163 165 85
163 165 86
163 165 87
163 165 88
163 165 89
163 165 90
163 165 91
163 165 92
163 165 93
163 165 94
163 165 95
163 165 96
163 165 97
163 165 98
163 165 99
163 165 100
163 165 101
163 165 102
163 165 103
163 165 104
163 165 105
163 165 106
163 165 107
163 165 108
163 165 109
163 165 110
163 165 111
163 165 112
163 165 113
163 165 114
163 165 115
163 165 116
163 165 117
163 165 118
163 165 119
163 165 120
163 165 121
163 165 122
163 165 123
163 165 124
163 165 125
163 165 126
163 165 127
163 165 128
163 165 129
163 165 130
163 165 131
163 165 132
163 165 133
163 165 134
163 165 135
163 165 136
163 165 137
163 165 138
163 165 139
163 165 140
163 165 141
163 165 142
163 165 143
163 165 144
163 165 145
163 165 146
163 165 147
163 165 148
163 165 149
163 165 150
163 165 151
163 165 152
163 165 153
163 165 154
163 165 155
163 165 156
163 165 157
163 165 158
163 165 159
163 165 160
163 165 161
163 165 162
163 165 163
163 165 164
163 165 165
163 165 166
163 165 167
163 165 168
163 165 169
163 165 170
163 165 171
163 165 172
163 165 173
163 165 174
163 165 175
163 165 176
163 165 177
163 165 178
163 165 179
163 165 180
163 165 181
163 165 182
163 165 183
163 165 184
163 165 185
163 165 186
163 165 187
163 165 188
163 165 189
163 165 190
163 165 191
163 165 192
163 165 193
163 165 194
163 165 195
163 165 196
163 165 197
163 165 198
164 161 2
164 161 3
164 161 4
164 161 5
164 161 6
164 161 7
164 161 8
164 161 9
164 161 10
164 161 11
164 161 12
164 161 13
164 161 14
164 161 15
164 161 16
164 161 17
164 161 18
164 161 19
164 161 20
164 161 21
164 161 22
164 161 23
164 161 24
164 161 25
164 161 26
164 161 27
164 161 28
164 161 29
164 161 30
164 161 31
164 161 32
164 161 33
164 161 34
164 161 35
164 161 36
164 161 37
164 161 38
164 161 39
164 161 40
164 161 41
164 161 42
164 161 43
164 161 44
164 161 45
164 161 46
164 161 47
164 161 48
164 161 49
164 161 50
164 161 51
164 161 52
164 161 53
164 161 54
164 161 55
164 161 56
164 161 57
164 161 58
164 161 59
164 161 60
164 161 61
164 161 62
164 161 63
164 161 64
164 161 65
164 161 66
164 161 67
164 161 68
164 161 69
164 161 70
164 161 71
164 161 72
164 161 73
164 161 74
164 161 75
164 161 76
164 161 77
164 161 78
164 161 79
164 161 80
164 161 81
164 161 82
164 161 83
164 161 84
164 161 85
164 161 86
164 161 87
164 161 88
164 161 89
164 161 90
164 161 91
164 161 92
164 161 93
164 161 94
164 161 95
164 161 96
164 161 97
164 161 98
164 161 99
164 161 100
164 161 101
164 161 102
164 161 103
164 161 104
164 161 105
164 161 106
164 161 107
164 161 108
164 161 109
164 161 110
164 161 111
164 161 112
164 161 113
164 161 114
164 161 115
164 161 116
164 161 117
164 161 118
164 161 119
164 161 120
164 161 121
164 161 122
164 161 123
164 161 124
164 161 125
164 161 126
164 161 127
164 161 128
164 161 129
164 161 130
164 161 131
164 161 132
164 161 133
164 161 134
164 161 135
164 161 136
164 161 137
164 161 138
164 161 139
164 161 140
164 161 141
164 161 142
164 161 143
164 161 144
164 161 145
164 161 146
164 161 147
164 161 148
164 161 149
164 161 150
164 161 151
164 161 152
164 161 153
164 161 154
164 161 155
164 161 156
164 161 157
164 161 158
164 161 159
164 161 160
164 161 161
164 161 162
164 161 163
164 161 164
164 161 165
164 161 166
164 161 167
164 161 168
164 161 169
164 161 170
164 161 171
164 161 172
164 161 173
164 161 174
164 161 175
164 161 176
164 161 177
164 161 178
164 161 179
164 161 180
164 161 181
164 161 182
164 161 183
164 161 184
164 161 185
164 161 186
164 161 187
164 161 188
164 161 189
164 161 190
164 161 191
164 161 192
164 161 193
164 161 194
164 161 195
164 161 196
164 161 197
164 161 198
164 162 2
164 162 3
164 162 4
164 162 5
164 162 6
164 162 7
164 162 8
164 162 9
164 162 10
164 162 11
164 162 12
164 162 13
164 162 14
164 162 15
164 162 16
164 162 17
164 162 18
164 162 19
164 162 20
164 162 21
164 162 22
164 162 23
164 162 24
164 162 25
164 162 26
164 162 27
164 162 28
164 162 29
164 162 30
164 162 31
164 162 32
164 162 33
164 162 34
164 162 35
164 162 36
164 162 37
164 162 38
164 162 39
164 162 40
164 162 41
164 162 42
164 162 43
164 162 44
164 162 45
164 162 46
164 162 47
164 162 48
164 162 49
164 162 50
164 162 51
164 162 52
164 162 53
164 162 54
164 162 55
164 162 56
164 162 57
164 162 58
164 162 59
164 162 60
164 162 61
164 162 62
164 162 63
164 162 64
164 162 65
164 162 66
164 162 67
164 162 68
164 162 69
164 162 70
164 162 71
164 162 72
164 162 73
164 162 74
164 162 75
164 162 76
164 162 77
164 162 78
164 162 79
164 162 80
164 162 81
164 162 82
164 162 83
164 162 84
164 162 85
164 162 86
164 162 87
164 162 88
164 162 89
164 162 90
164 162 91
164 162 92
164 162 93
164 162 94
164 162 95
164 162 96
164 162 97
164 162 98
164 162 99
164 162 100
164 162 101
164 162 102
164 162 103
164 162 104
164 162 105
164 162 106
164 162 107
164 162 108
164 162 109
164 162 110
164 162 111
164 162 112
164 162 113
164 162 114
164 162 115
164 162 116
164 162 117
164 162 118
164 162 119
164 162 120
164 162 121
164 162 122
164 162 123
164 162 124
164 162 125
164 162 126
164 162 127
164 162 128
164 162 129
164 162 130
164 162 131
164 162 132
164 162 133
164 162 134
164 162 135
164 162 136
164 162 137
164 162 138
164 162 139
164 162 140
164 162 141
164 162 142
164 162 143
164 162 144
164 162 145
164 162 146
164 162 147
164 162 148
164 162 149
164 162 150
164 162 151
164 162 152
164 162 153
164 162 154
164 162 155
164 162 156
164 162 157
164 162 158
164 162 159
164 162 160
164 162 161
164 162 162
164 162 163
164 162 164
164 162 165
164 162 166
164 162 167
164 162 168
164 162 169
164 162 170
164 162 171
164 162 172
164 162 173
164 162 174
164 162 175
164 162 176
164 162 177
164 162 178
164 162 179
164 162 180
164 162 181
164 162 182
164 162 183
164 162 184
164 162 185
164 162 186
164 162 187
164 162 188
164 162 189
164 162 190
164 162 191
164 162 192
164 162 193
164 162 194
164 162 195
164 162 196
164 162 197
164 162 198
164 163 2
164 163 3
164 163 4
164 163 5
164 163 6
164 163 7
164 163 8
164 163 9
164 163 10
164 163 11
164 163 12
164 163 13
164 163 14
164 163 15
164 163 16
164 163 17
164 163 18
164 163 19
164 163 20
164 163 21
164 163 22
164 163 23
164 163 24
164 163 25
164 163 26
164 163 27
164 163 28
164 163 29
164 163 30
164 163 31
164 163 32
164 163 33
164 163 34
164 163 35
164 163 36
164 163 37
164 163 38
164 163 39
164 163 40
164 163 41
164 163 42
164 163 43
164 163 44
164 163 45
164 163 46
164 163 47
164 163 48
164 163 49
164 163 50
164 163 51
164 163 52
164 163 53
164 163 54
164 163 55
164 163 56
164 163 57
164 163 58
164 163 59
164 163 60
164 163 61
164 163 62
164 163 63
164 163 64
164 163 65
164 163 66
164 163 67
164 163 68
164 163 69
164 163 70
164 163 71
164 163 72
164 163 73
164 163 74
164 163 75
164 163 76
164 163 77
164 163 78
164 163 79
164 163 80
164 163 81
164 163 82
164 163 83
164 163 84
164 163 85
164 163 86
164 163 87
164 163 88
164 163 89
164 163 90
164 163 91
164 163 92
164 163 93
164 163 94
164 163 95
164 163 96
164 163 97
164 163 98
164 163 99
164 163 100
164 163 101
164 163 102
164 163 103
164 163 104
164 163 105
164 163 106
164 163 107
164 163 108
164 163 109
164 163 110
164 163 111
164 163 112
164 163 113
164 163 114
164 163 115
164 163 116
164 163 117
164 163 118
164 163 119
164 163 120
164 163 121
164 163 122
164 163 123
164 163 124
164 163 125
164 163 126
164 163 127
164 163 128
164 163 129
164 163 130
164 163 131
164 163 132
164 163 133
164 163 134
164 163 135
164 163 136
164 163 137
164 163 138
164 163 139
164 163 140
164 163 141
164 163 142
164 163 143
164 163 144
164 163 145
164 163 146
164 163 147
164 163 148
164 163 149
164 163 150
164 163 151
164 163 152
164 163 153
164 163 154
164 163 155
164 163 156
164 163 157
164 163 158
164 163 159
164 163 160
164 163 161
164 163 162
164 163 163
164 163 164
164 163 165
164 163 166
164 163 167
164 163 168
164 163 169
164 163 170
164 163 171
164 163 172
164 163 173
164 163 174
164 163 175
164 163 176
164 163 177
164 163 178
164 163 179
164 163 180
164 163 181
164 163 182
164 163 183
164 163 184
164 163 185
164 163 186
164 163 187
164 163 188
164 163 189
164 163 190
164 163 191
164 163 192
164 163 193
164 163 194
164 163 195
164 163 196
164 163 197
164 163 198
164 164 2
164 164 3
164 164 4
164 164 5
164 164 6
164 164 7
164 164 8
164 164 9
164 164 10
164 164 11
164 164 12
164 164 13
164 164 14
164 164 15
164 164 16
164 164 17
164 164 18
164 164 19
164 164 20
164 164 21
164 164 22
164 164 23
164 164 24
164 164 25
164 164 26
164 164 27
164 164 28
164 164 29
164 164 30
164 164 31
164 164 32
164 164 33
164 164 34
164 164 35
164 164 36
164 164 37
164 164 38
164 164 39
164 164 40
164 164 41
164 164 42
164 164 43
164 164 44
164 164 45
164 164 46
164 164 47
164 164 48
164 164 49
164 164 50
164 164 51
164 164 52
164 164 53
164 164 54
164 164 55
164 164 56
164 164 57
164 164 58
164 164 59
164 164 60
164 164 61
164 164 62
164 164 63
164 164 64
164 164 65
164 164 66
164 164 67
164 164 68
164 164 69
164 164 70
164 164 71
164 164 72
164 164 73
164 164 74
164 164 75
164 164 76
164 164 77
164 164 78
164 164 79
164 164 80
164 164 81
164 164 82
164 164 83
164 164 84
164 164 85
164 164 86
164 164 87
164 164 88
164 164 89
164 164 90
164 164 91
164 164 92
164 164 93
164 164 94
164 164 95
164 164 96
164 164 97
164 164 98
164 164 99
164 164 100
164 164 101
164 164 102
164 164 103
164 164 104
164 164 105
164 164 106
164 164 107
164 164 108
164 164 109
164 164 110
164 164 111
164 164 112
164 164 113
164 164 114
164 164 115
164 164 116
164 164 117
164 164 118
164 164 119
164 164 120
164 164 121
164 164 122
164 164 123
164 164 124
164 164 125
164 164 126
164 164 127
164 164 128
164 164 129
164 164 130
164 164 131
164 164 132
164 164 133
164 164 134
164 164 135
164 164 136
164 164 137
164 164 138
164 164 139
164 164 140
164 164 141
164 164 142
164 164 143
164 164 144
164 164 145
164 164 146
164 164 147
164 164 148
164 164 149
164 164 150
164 164 151
164 164 152
164 164 153
164 164 154
164 164 155
164 164 156
164 164 157
164 164 158
164 164 159
164 164 160
164 164 161
164 164 162
164 164 163
164 164 164
164 164 165
164 164 166
164 164 167
164 164 168
164 164 169
164 164 170
164 164 171
164 164 172
164 164 173
164 164 174
164 164 175
164 164 176
164 164 177
164 164 178
164 164 179
164 164 180
164 164 181
164 164 182
164 164 183
164 164 184
164 164 185
164 164 186
164 164 187
164 164 188
164 164 189
164 164 190
164 164 191
164 164 192
164 164 193
164 164 194
164 164 195
164 164 196
164 164 197
164 164 198
164 165 2
164 165 3
164 165 4
164 165 5
164 165 6
164 165 7
164 165 8
164 165 9
164 165 10
164 165 11
164 165 12
164 165 13
164 165 14
164 165 15
164 165 16
164 165 17
164 165 18
164 165 19
164 165 20
164 165 21
164 165 22
164 165 23
164 165 24
164 165 25
164 165 26
164 165 27
164 165 28
164 165 29
164 165 30
164 165 31
164 165 32
164 165 33
164 165 34
164 165 35
164 165 36
164 165 37
164 165 38
164 165 39
164 165 40
164 165 41
164 165 42
164 165 43
164 165 44
164 165 45
164 165 46
164 165 47
164 165 48
164 165 49
164 165 50
164 165 51
164 165 52
164 165 53
164 165 54
164 165 55
164 165 56
164 165 57
164 165 58
164 165 59
164 165 60
164 165 61
164 165 62
164 165 63
164 165 64
164 165 65
164 165 66
164 165 67
164 165 68
164 165 69
164 165 70
164 165 71
164 165 72
164 165 73
164 165 74
164 165 75
164 165 76
164 165 77
164 165 78
164 165 79
164 165 80
164 165 81
164 165 82
164 165 83
164 165 84
164 165 85
164 165 86
164 165 87
164 165 88
164 165 89
164 165 90
164 165 91
164 165 92
164 165 93
164 165 94
164 165 95
164 165 96
164 165 97
164 165 98
164 165 99
164 165 100
164 165 101
164 165 102
164 165 103
164 165 104
164 165 105
164 165 106
164 165 107
164 165 108
164 165 109
164 165 110
164 165 111
164 165 112
164 165 113
164 165 114
164 165 115
164 165 116
164 165 117
164 165 118
164 165 119
164 165 120
164 165 121
164 165 122
164 165 123
164 165 124
164 165 125
164 165 126
164 165 127
164 165 128
164 165 129
164 165 130
164 165 131
164 165 132
164 165 133
164 165 134
164 165 135
164 165 136
164 165 137
164 165 138
164 165 139
164 165 140
164 165 141
164 165 142
164 165 143
164 165 144
164 165 145
164 165 146
164 165 147
164 165 148
164 165 149
164 165 150
164 165 151
164 165 152
164 165 153
164 165 154
164 165 155
164 165 156
164 165 157
164 165 158
164 165 159
164 165 160
164 165 161
164 165 162
164 165 163
164 165 164
164 165 165
164 165 166
164 165 167
164 165 168
164 165 169
164 165 170
164 165 171
164 165 172
164 165 173
164 165 174
164 165 175
164 165 176
164 165 177
164 165 178
164 165 179
164 165 180
164 165 181
164 165 182
164 165 183
164 165 184
164 165 185
164 165 186
164 165 187
164 165 188
164 165 189
164 165 190
164 165 191
164 165 192
164 165 193
164 165 194
164 165 195
164 165 196
164 165 197
164 165 198
