8220
157 1544 1
157 1544 2
157 1544 3
157 1544 4
157 1544 5
157 1544 6
157 1544 7
157 1544 8
157 1544 9
157 1544 10
157 1545 1
157 1545 2
157 1545 3
157 1545 4
157 1545 5
157 1545 6
157 1545 7
157 1545 8
157 1545 9
157 1545 10
157 1546 1
157 1546 2
157 1546 3
157 1546 4
157 1546 5
157 1546 6
157 1546 7
157 1546 8
157 1546 9
157 1546 10
157 1547 1
157 1547 2
157 1547 3
157 1547 4
157 1547 5
157 1547 6
157 1547 7
157 1547 8
157 1547 9
157 1547 10
157 1548 1
157 1548 2
157 1548 3
157 1548 4
157 1548 5
157 1548 6
157 1548 7
157 1548 8
157 1548 9
157 1548 10
157 1549 1
157 1549 2
157 1549 3
157 1549 4
157 1549 5
157 1549 6
157 1549 7
157 1549 8
157 1549 9
157 1549 10
157 1550 1
157 1550 2
157 1550 3
157 1550 4
157 1550 5
157 1550 6
157 1550 7
157 1550 8
157 1550 9
157 1550 10
157 1551 1
157 1551 2
157 1551 3
157 1551 4
157 1551 5
157 1551 6
157 1551 7
157 1551 8
157 1551 9
157 1551 10
157 1552 1
157 1552 2
157 1552 3
157 1552 4
157 1552 5
157 1552 6
157 1552 7
157 1552 8
157 1552 9
157 1552 10
157 1553 1
157 1553 2
157 1553 3
157 1553 4
157 1553 5
157 1553 6
157 1553 7
157 1553 8
157 1553 9
157 1553 10
157 1554 1
157 1554 2
157 1554 3
157 1554 4
157 1554 5
157 1554 6
157 1554 7
157 1554 8
157 1554 9
157 1554 10
157 1555 1
157 1555 2
157 1555 3
157 1555 4
157 1555 5
157 1555 6
157 1555 7
157 1555 8
157 1555 9
157 1555 10
157 1556 1
157 1556 2
157 1556 3
157 1556 4
157 1556 5
157 1556 6
157 1556 7
157 1556 8
157 1556 9
157 1556 10
157 1557 1
157 1557 2
157 1557 3
157 1557 4
157 1557 5
157 1557 6
157 1557 7
157 1557 8
157 1557 9
157 1557 10
157 1558 1
157 1558 2
157 1558 3
157 1558 4
157 1558 5
157 1558 6
157 1558 7
157 1558 8
157 1558 9
157 1558 10
157 1559 1
157 1559 2
157 1559 3
157 1559 4
157 1559 5
157 1559 6
157 1559 7
157 1559 8
157 1559 9
157 1559 10
157 1560 1
157 1560 2
157 1560 3
157 1560 4
157 1560 5
157 1560 6
157 1560 7
157 1560 8
157 1560 9
157 1560 10
157 1561 1
157 1561 2
157 1561 3
157 1561 4
157 1561 5
157 1561 6
157 1561 7
157 1561 8
157 1561 9
157 1561 10
157 1562 1
157 1562 2
157 1562 3
157 1562 4
157 1562 5
157 1562 6
157 1562 7
157 1562 8
157 1562 9
157 1562 10
157 1563 1
157 1563 2
157 1563 3
157 1563 4
157 1563 5
157 1563 6
157 1563 7
157 1563 8
157 1563 9
157 1563 10
157 1564 1
157 1564 2
157 1564 3
157 1564 4
157 1564 5
157 1564 6
157 1564 7
157 1564 8
157 1564 9
157 1564 10
157 1565 1
157 1565 2
157 1565 3
157 1565 4
157 1565 5
157 1565 6
157 1565 7
157 1565 8
157 1565 9
157 1565 10
157 1566 1
157 1566 2
157 1566 3
157 1566 4
157 1566 5
157 1566 6
157 1566 7
157 1566 8
157 1566 9
157 1566 10
157 1567 1
157 1567 2
157 1567 3
157 1567 4
157 1567 5
157 1567 6
157 1567 7
157 1567 8
157 1567 9
157 1567 10
157 1568 1
157 1568 2
157 1568 3
157 1568 4
157 1568 5
157 1568 6
157 1568 7
157 1568 8
157 1568 9
157 1568 10
157 1569 1
157 1569 2
157 1569 3
157 1569 4
157 1569 5
157 1569 6
157 1569 7
157 1569 8
157 1569 9
157 1569 10
157 1570 1
157 1570 2
157 1570 3
157 1570 4
157 1570 5
157 1570 6
157 1570 7
157 1570 8
157 1570 9
157 1570 10
157 1571 1
157 1571 2
157 1571 3
157 1571 4
157 1571 5
157 1571 6
157 1571 7
157 1571 8
157 1571 9
157 1571 10
157 1572 1
157 1572 2
157 1572 3
157 1572 4
157 1572 5
157 1572 6
157 1572 7
157 1572 8
157 1572 9
157 1572 10
157 1573 1
157 1573 2
157 1573 3
157 1573 4
157 1573 5
157 1573 6
157 1573 7
157 1573 8
157 1573 9
157 1573 10
157 1574 1
157 1574 2
157 1574 3
157 1574 4
157 1574 5
157 1574 6
157 1574 7
157 1574 8
157 1574 9
157 1574 10
157 1575 1
157 1575 2
157 1575 3
157 1575 4
157 1575 5
157 1575 6
157 1575 7
157 1575 8
157 1575 9
157 1575 10
157 1576 1
157 1576 2
157 1576 3
157 1576 4
157 1576 5
157 1576 6
157 1576 7
157 1576 8
157 1576 9
157 1576 10
157 1577 1
157 1577 2
157 1577 3
157 1577 4
157 1577 5
157 1577 6
157 1577 7
157 1577 8
157 1577 9
157 1577 10
157 1578 1
157 1578 2
157 1578 3
157 1578 4
157 1578 5
157 1578 6
157 1578 7
157 1578 8
157 1578 9
157 1578 10
157 1579 1
157 1579 2
157 1579 3
157 1579 4
157 1579 5
157 1579 6
157 1579 7
157 1579 8
157 1579 9
157 1579 10
157 1580 1
157 1580 2
157 1580 3
157 1580 4
157 1580 5
157 1580 6
157 1580 7
157 1580 8
157 1580 9
157 1580 10
157 1581 1
157 1581 2
157 1581 3
157 1581 4
157 1581 5
157 1581 6
157 1581 7
157 1581 8
157 1581 9
157 1581 10
157 1582 1
157 1582 2
157 1582 3
157 1582 4
157 1582 5
157 1582 6
157 1582 7
157 1582 8
157 1582 9
157 1582 10
157 1583 1
157 1583 2
157 1583 3
157 1583 4
157 1583 5
157 1583 6
157 1583 7
157 1583 8
157 1583 9
157 1583 10
157 1584 1
157 1584 2
157 1584 3
157 1584 4
157 1584 5
157 1584 6
157 1584 7
157 1584 8
157 1584 9
157 1584 10
157 1585 1
157 1585 2
157 1585 3
157 1585 4
157 1585 5
157 1585 6
157 1585 7
157 1585 8
157 1585 9
157 1585 10
157 1586 1
157 1586 2
157 1586 3
157 1586 4
157 1586 5
157 1586 6
157 1586 7
157 1586 8
157 1586 9
157 1586 10
157 1587 1
157 1587 2
157 1587 3
157 1587 4
157 1587 5
157 1587 6
157 1587 7
157 1587 8
157 1587 9
157 1587 10
157 1588 1
157 1588 2
157 1588 3
157 1588 4
157 1588 5
157 1588 6
157 1588 7
157 1588 8
157 1588 9
157 1588 10
157 1589 1
157 1589 2
157 1589 3
157 1589 4
157 1589 5
157 1589 6
157 1589 7
157 1589 8
157 1589 9
157 1589 10
157 1590 1
157 1590 2
157 1590 3
157 1590 4
157 1590 5
157 1590 6
157 1590 7
157 1590 8
157 1590 9
157 1590 10
157 1591 1
157 1591 2
157 1591 3
157 1591 4
157 1591 5
157 1591 6
157 1591 7
157 1591 8
157 1591 9
157 1591 10
157 1592 1
157 1592 2
157 1592 3
157 1592 4
157 1592 5
157 1592 6
157 1592 7
157 1592 8
157 1592 9
157 1592 10
157 1593 1
157 1593 2
157 1593 3
157 1593 4
157 1593 5
157 1593 6
157 1593 7
157 1593 8
157 1593 9
157 1593 10
157 1594 1
157 1594 2
157 1594 3
157 1594 4
157 1594 5
157 1594 6
157 1594 7
157 1594 8
157 1594 9
157 1594 10
157 1595 1
157 1595 2
157 1595 3
157 1595 4
157 1595 5
157 1595 6
157 1595 7
157 1595 8
157 1595 9
157 1595 10
157 1596 1
157 1596 2
157 1596 3
157 1596 4
157 1596 5
157 1596 6
157 1596 7
157 1596 8
157 1596 9
157 1596 10
157 1597 1
157 1597 2
157 1597 3
157 1597 4
157 1597 5
157 1597 6
157 1597 7
157 1597 8
157 1597 9
157 1597 10
157 1598 1
157 1598 2
157 1598 3
157 1598 4
157 1598 5
157 1598 6
157 1598 7
157 1598 8
157 1598 9
157 1598 10
157 1599 1
157 1599 2
157 1599 3
157 1599 4
157 1599 5
157 1599 6
157 1599 7
157 1599 8
157 1599 9
157 1599 10
157 1600 1
157 1600 2
157 1600 3
157 1600 4
157 1600 5
157 1600 6
157 1600 7
157 1600 8
157 1600 9
157 1600 10
157 1601 1
157 1601 2
157 1601 3
157 1601 4
157 1601 5
157 1601 6
157 1601 7
157 1601 8
157 1601 9
157 1601 10
157 1602 1
157 1602 2
157 1602 3
157 1602 4
157 1602 5
157 1602 6
157 1602 7
157 1602 8
157 1602 9
157 1602 10
157 1603 1
157 1603 2
157 1603 3
157 1603 4
157 1603 5
157 1603 6
157 1603 7
157 1603 8
157 1603 9
157 1603 10
157 1604 1
157 1604 2
157 1604 3
157 1604 4
157 1604 5
157 1604 6
157 1604 7
157 1604 8
157 1604 9
157 1604 10
157 1605 1
157 1605 2
157 1605 3
157 1605 4
157 1605 5
157 1605 6
157 1605 7
157 1605 8
157 1605 9
157 1605 10
157 1606 1
157 1606 2
157 1606 3
157 1606 4
157 1606 5
157 1606 6
157 1606 7
157 1606 8
157 1606 9
157 1606 10
157 1607 1
157 1607 2
157 1607 3
157 1607 4
157 1607 5
157 1607 6
157 1607 7
157 1607 8
157 1607 9
157 1607 10
157 1608 1
157 1608 2
157 1608 3
157 1608 4
157 1608 5
157 1608 6
157 1608 7
157 1608 8
157 1608 9
157 1608 10
157 1609 1
157 1609 2
157 1609 3
157 1609 4
157 1609 5
157 1609 6
157 1609 7
157 1609 8
157 1609 9
157 1609 10
157 1610 1
157 1610 2
157 1610 3
157 1610 4
157 1610 5
157 1610 6
157 1610 7
157 1610 8
157 1610 9
157 1610 10
157 1611 1
157 1611 2
157 1611 3
157 1611 4
157 1611 5
157 1611 6
157 1611 7
157 1611 8
157 1611 9
157 1611 10
157 1612 1
157 1612 2
157 1612 3
157 1612 4
157 1612 5
157 1612 6
157 1612 7
157 1612 8
157 1612 9
157 1612 10
157 1613 1
157 1613 2
157 1613 3
157 1613 4
157 1613 5
157 1613 6
157 1613 7
157 1613 8
157 1613 9
157 1613 10
157 1614 1
157 1614 2
157 1614 3
157 1614 4
157 1614 5
157 1614 6
157 1614 7
157 1614 8
157 1614 9
157 1614 10
157 1615 1
157 1615 2
157 1615 3
157 1615 4
157 1615 5
157 1615 6
157 1615 7
157 1615 8
157 1615 9
157 1615 10
157 1616 1
157 1616 2
157 1616 3
157 1616 4
157 1616 5
157 1616 6
157 1616 7
157 1616 8
157 1616 9
157 1616 10
157 1617 1
157 1617 2
157 1617 3
157 1617 4
157 1617 5
157 1617 6
157 1617 7
157 1617 8
157 1617 9
157 1617 10
157 1618 1
157 1618 2
157 1618 3
157 1618 4
157 1618 5
157 1618 6
157 1618 7
157 1618 8
157 1618 9
157 1618 10
157 1619 1
157 1619 2
157 1619 3
157 1619 4
157 1619 5
157 1619 6
157 1619 7
157 1619 8
157 1619 9
157 1619 10
157 1620 1
157 1620 2
157 1620 3
157 1620 4
157 1620 5
157 1620 6
157 1620 7
157 1620 8
157 1620 9
157 1620 10
157 1621 1
157 1621 2
157 1621 3
157 1621 4
157 1621 5
157 1621 6
157 1621 7
157 1621 8
157 1621 9
157 1621 10
157 1622 1
157 1622 2
157 1622 3
157 1622 4
157 1622 5
157 1622 6
157 1622 7
157 1622 8
157 1622 9
157 1622 10
157 1623 1
157 1623 2
157 1623 3
157 1623 4
157 1623 5
157 1623 6
157 1623 7
157 1623 8
157 1623 9
157 1623 10
157 1624 1
157 1624 2
157 1624 3
157 1624 4
157 1624 5
157 1624 6
157 1624 7
157 1624 8
157 1624 9
157 1624 10
157 1625 1
157 1625 2
157 1625 3
157 1625 4
157 1625 5
157 1625 6
157 1625 7
157 1625 8
157 1625 9
157 1625 10
157 1626 1
157 1626 2
157 1626 3
157 1626 4
157 1626 5
157 1626 6
157 1626 7
157 1626 8
157 1626 9
157 1626 10
157 1627 1
157 1627 2
157 1627 3
157 1627 4
157 1627 5
157 1627 6
157 1627 7
157 1627 8
157 1627 9
157 1627 10
157 1628 1
157 1628 2
157 1628 3
157 1628 4
157 1628 5
157 1628 6
157 1628 7
157 1628 8
157 1628 9
157 1628 10
157 1629 1
157 1629 2
157 1629 3
157 1629 4
157 1629 5
157 1629 6
157 1629 7
157 1629 8
157 1629 9
157 1629 10
157 1630 1
157 1630 2
157 1630 3
157 1630 4
157 1630 5
157 1630 6
157 1630 7
157 1630 8
157 1630 9
157 1630 10
157 1631 1
157 1631 2
157 1631 3
157 1631 4
157 1631 5
157 1631 6
157 1631 7
157 1631 8
157 1631 9
157 1631 10
157 1632 1
157 1632 2
157 1632 3
157 1632 4
157 1632 5
157 1632 6
157 1632 7
157 1632 8
157 1632 9
157 1632 10
157 1633 1
157 1633 2
157 1633 3
157 1633 4
157 1633 5
157 1633 6
157 1633 7
157 1633 8
157 1633 9
157 1633 10
157 1634 1
157 1634 2
157 1634 3
157 1634 4
157 1634 5
157 1634 6
157 1634 7
157 1634 8
157 1634 9
157 1634 10
157 1635 1
157 1635 2
157 1635 3
157 1635 4
157 1635 5
157 1635 6
157 1635 7
157 1635 8
157 1635 9
157 1635 10
157 1636 1
157 1636 2
157 1636 3
157 1636 4
157 1636 5
157 1636 6
157 1636 7
157 1636 8
157 1636 9
157 1636 10
157 1637 1
157 1637 2
157 1637 3
157 1637 4
157 1637 5
157 1637 6
157 1637 7
157 1637 8
157 1637 9
157 1637 10
157 1638 1
157 1638 2
157 1638 3
157 1638 4
157 1638 5
157 1638 6
157 1638 7
157 1638 8
157 1638 9
157 1638 10
157 1639 1
157 1639 2
157 1639 3
157 1639 4
157 1639 5
157 1639 6
157 1639 7
157 1639 8
157 1639 9
157 1639 10
157 1640 1
157 1640 2
157 1640 3
157 1640 4
157 1640 5
157 1640 6
157 1640 7
157 1640 8
157 1640 9
157 1640 10
157 1641 1
157 1641 2
157 1641 3
157 1641 4
157 1641 5
157 1641 6
157 1641 7
157 1641 8
157 1641 9
157 1641 10
157 1642 1
157 1642 2
157 1642 3
157 1642 4
157 1642 5
157 1642 6
157 1642 7
157 1642 8
157 1642 9
157 1642 10
157 1643 1
157 1643 2
157 1643 3
157 1643 4
157 1643 5
157 1643 6
157 1643 7
157 1643 8
157 1643 9
157 1643 10
157 1644 1
157 1644 2
157 1644 3
157 1644 4
157 1644 5
157 1644 6
157 1644 7
157 1644 8
157 1644 9
157 1644 10
157 1645 1
157 1645 2
157 1645 3
157 1645 4
157 1645 5
157 1645 6
157 1645 7
157 1645 8
157 1645 9
157 1645 10
157 1646 1
157 1646 2
157 1646 3
157 1646 4
157 1646 5
157 1646 6
157 1646 7
157 1646 8
157 1646 9
157 1646 10
157 1647 1
157 1647 2
157 1647 3
157 1647 4
157 1647 5
157 1647 6
157 1647 7
157 1647 8
157 1647 9
157 1647 10
157 1648 1
157 1648 2
157 1648 3
157 1648 4
157 1648 5
157 1648 6
157 1648 7
157 1648 8
157 1648 9
157 1648 10
157 1649 1
157 1649 2
157 1649 3
157 1649 4
157 1649 5
157 1649 6
157 1649 7
157 1649 8
157 1649 9
157 1649 10
157 1650 1
157 1650 2
157 1650 3
157 1650 4
157 1650 5
157 1650 6
157 1650 7
157 1650 8
157 1650 9
157 1650 10
157 1651 1
157 1651 2
157 1651 3
157 1651 4
157 1651 5
157 1651 6
157 1651 7
157 1651 8
157 1651 9
157 1651 10
157 1652 1
157 1652 2
157 1652 3
157 1652 4
157 1652 5
157 1652 6
157 1652 7
157 1652 8
157 1652 9
157 1652 10
157 1653 1
157 1653 2
157 1653 3
157 1653 4
157 1653 5
157 1653 6
157 1653 7
157 1653 8
157 1653 9
157 1653 10
157 1654 1
157 1654 2
157 1654 3
157 1654 4
157 1654 5
157 1654 6
157 1654 7
157 1654 8
157 1654 9
157 1654 10
157 1655 1
157 1655 2
157 1655 3
157 1655 4
157 1655 5
157 1655 6
157 1655 7
157 1655 8
157 1655 9
157 1655 10
157 1656 1
157 1656 2
157 1656 3
157 1656 4
157 1656 5
157 1656 6
157 1656 7
157 1656 8
157 1656 9
157 1656 10
157 1657 1
157 1657 2
157 1657 3
157 1657 4
157 1657 5
157 1657 6
157 1657 7
157 1657 8
157 1657 9
157 1657 10
158 1546 1
158 1546 2
158 1546 3
158 1546 4
158 1546 5
158 1546 6
158 1546 7
158 1546 8
158 1546 9
158 1546 10
158 1547 1
158 1547 2
158 1547 3
158 1547 4
158 1547 5
158 1547 6
158 1547 7
158 1547 8
158 1547 9
158 1547 10
158 1548 1
158 1548 2
158 1548 3
158 1548 4
158 1548 5
158 1548 6
158 1548 7
158 1548 8
158 1548 9
158 1548 10
158 1549 1
158 1549 2
158 1549 3
158 1549 4
158 1549 5
158 1549 6
158 1549 7
158 1549 8
158 1549 9
158 1549 10
158 1550 1
158 1550 2
158 1550 3
158 1550 4
158 1550 5
158 1550 6
158 1550 7
158 1550 8
158 1550 9
158 1550 10
158 1551 1
158 1551 2
158 1551 3
158 1551 4
158 1551 5
158 1551 6
158 1551 7
158 1551 8
158 1551 9
158 1551 10
158 1552 1
158 1552 2
158 1552 3
158 1552 4
158 1552 5
158 1552 6
158 1552 7
158 1552 8
158 1552 9
158 1552 10
158 1553 1
158 1553 2
158 1553 3
158 1553 4
158 1553 5
158 1553 6
158 1553 7
158 1553 8
158 1553 9
158 1553 10
158 1554 1
158 1554 2
158 1554 3
158 1554 4
158 1554 5
158 1554 6
158 1554 7
158 1554 8
158 1554 9
158 1554 10
158 1555 1
158 1555 2
158 1555 3
158 1555 4
158 1555 5
158 1555 6
158 1555 7
158 1555 8
158 1555 9
158 1555 10
158 1556 1
158 1556 2
158 1556 3
158 1556 4
158 1556 5
158 1556 6
158 1556 7
158 1556 8
158 1556 9
158 1556 10
158 1557 1
158 1557 2
158 1557 3
158 1557 4
158 1557 5
158 1557 6
158 1557 7
158 1557 8
158 1557 9
158 1557 10
158 1558 1
158 1558 2
158 1558 3
158 1558 4
158 1558 5
158 1558 6
158 1558 7
158 1558 8
158 1558 9
158 1558 10
158 1559 1
158 1559 2
158 1559 3
158 1559 4
158 1559 5
158 1559 6
158 1559 7
158 1559 8
158 1559 9
158 1559 10
158 1560 1
158 1560 2
158 1560 3
158 1560 4
158 1560 5
158 1560 6
158 1560 7
158 1560 8
158 1560 9
158 1560 10
158 1561 1
158 1561 2
158 1561 3
158 1561 4
158 1561 5
158 1561 6
158 1561 7
158 1561 8
158 1561 9
158 1561 10
158 1562 1
158 1562 2
158 1562 3
158 1562 4
158 1562 5
158 1562 6
158 1562 7
158 1562 8
158 1562 9
158 1562 10
158 1563 1
158 1563 2
158 1563 3
158 1563 4
158 1563 5
158 1563 6
158 1563 7
158 1563 8
158 1563 9
158 1563 10
158 1564 1
158 1564 2
158 1564 3
158 1564 4
158 1564 5
158 1564 6
158 1564 7
158 1564 8
158 1564 9
158 1564 10
158 1565 1
158 1565 2
158 1565 3
158 1565 4
158 1565 5
158 1565 6
158 1565 7
158 1565 8
158 1565 9
158 1565 10
158 1566 1
158 1566 2
158 1566 3
158 1566 4
158 1566 5
158 1566 6
158 1566 7
158 1566 8
158 1566 9
158 1566 10
158 1567 1
158 1567 2
158 1567 3
158 1567 4
158 1567 5
158 1567 6
158 1567 7
158 1567 8
158 1567 9
158 1567 10
158 1568 1
158 1568 2
158 1568 3
158 1568 4
158 1568 5
158 1568 6
158 1568 7
158 1568 8
158 1568 9
158 1568 10
158 1569 1
158 1569 2
158 1569 3
158 1569 4
158 1569 5
158 1569 6
158 1569 7
158 1569 8
158 1569 9
158 1569 10
158 1570 1
158 1570 2
158 1570 3
158 1570 4
158 1570 5
158 1570 6
158 1570 7
158 1570 8
158 1570 9
158 1570 10
158 1571 1
158 1571 2
158 1571 3
158 1571 4
158 1571 5
158 1571 6
158 1571 7
158 1571 8
158 1571 9
158 1571 10
158 1572 1
158 1572 2
158 1572 3
158 1572 4
158 1572 5
158 1572 6
158 1572 7
158 1572 8
158 1572 9
158 1572 10
158 1573 1
158 1573 2
158 1573 3
158 1573 4
158 1573 5
158 1573 6
158 1573 7
158 1573 8
158 1573 9
158 1573 10
158 1574 1
158 1574 2
158 1574 3
158 1574 4
158 1574 5
158 1574 6
158 1574 7
158 1574 8
158 1574 9
158 1574 10
158 1575 1
158 1575 2
158 1575 3
158 1575 4
158 1575 5
158 1575 6
158 1575 7
158 1575 8
158 1575 9
158 1575 10
158 1576 1
158 1576 2
158 1576 3
158 1576 4
158 1576 5
158 1576 6
158 1576 7
158 1576 8
158 1576 9
158 1576 10
158 1577 1
158 1577 2
158 1577 3
158 1577 4
158 1577 5
158 1577 6
158 1577 7
158 1577 8
158 1577 9
158 1577 10
158 1578 1
158 1578 2
158 1578 3
158 1578 4
158 1578 5
158 1578 6
158 1578 7
158 1578 8
158 1578 9
158 1578 10
158 1579 1
158 1579 2
158 1579 3
158 1579 4
158 1579 5
158 1579 6
158 1579 7
158 1579 8
158 1579 9
158 1579 10
158 1580 1
158 1580 2
158 1580 3
158 1580 4
158 1580 5
158 1580 6
158 1580 7
158 1580 8
158 1580 9
158 1580 10
158 1581 1
158 1581 2
158 1581 3
158 1581 4
158 1581 5
158 1581 6
158 1581 7
158 1581 8
158 1581 9
158 1581 10
158 1582 1
158 1582 2
158 1582 3
158 1582 4
158 1582 5
158 1582 6
158 1582 7
158 1582 8
158 1582 9
158 1582 10
158 1583 1
158 1583 2
158 1583 3
158 1583 4
158 1583 5
158 1583 6
158 1583 7
158 1583 8
158 1583 9
158 1583 10
158 1584 1
158 1584 2
158 1584 3
158 1584 4
158 1584 5
158 1584 6
158 1584 7
158 1584 8
158 1584 9
158 1584 10
158 1585 1
158 1585 2
158 1585 3
158 1585 4
158 1585 5
158 1585 6
158 1585 7
158 1585 8
158 1585 9
158 1585 10
158 1586 1
158 1586 2
158 1586 3
158 1586 4
158 1586 5
158 1586 6
158 1586 7
158 1586 8
158 1586 9
158 1586 10
158 1587 1
158 1587 2
158 1587 3
158 1587 4
158 1587 5
158 1587 6
158 1587 7
158 1587 8
158 1587 9
158 1587 10
158 1588 1
158 1588 2
158 1588 3
158 1588 4
158 1588 5
158 1588 6
158 1588 7
158 1588 8
158 1588 9
158 1588 10
158 1589 1
158 1589 2
158 1589 3
158 1589 4
158 1589 5
158 1589 6
158 1589 7
158 1589 8
158 1589 9
158 1589 10
158 1590 1
158 1590 2
158 1590 3
158 1590 4
158 1590 5
158 1590 6
158 1590 7
158 1590 8
158 1590 9
158 1590 10
158 1591 1
158 1591 2
158 1591 3
158 1591 4
158 1591 5
158 1591 6
158 1591 7
158 1591 8
158 1591 9
158 1591 10
158 1592 1
158 1592 2
158 1592 3
158 1592 4
158 1592 5
158 1592 6
158 1592 7
158 1592 8
158 1592 9
158 1592 10
158 1593 1
158 1593 2
158 1593 3
158 1593 4
158 1593 5
158 1593 6
158 1593 7
158 1593 8
158 1593 9
158 1593 10
158 1594 1
158 1594 2
158 1594 3
158 1594 4
158 1594 5
158 1594 6
158 1594 7
158 1594 8
158 1594 9
158 1594 10
158 1595 1
158 1595 2
158 1595 3
158 1595 4
158 1595 5
158 1595 6
158 1595 7
158 1595 8
158 1595 9
158 1595 10
158 1596 1
158 1596 2
158 1596 3
158 1596 4
158 1596 5
158 1596 6
158 1596 7
158 1596 8
158 1596 9
158 1596 10
158 1597 1
158 1597 2
158 1597 3
158 1597 4
158 1597 5
158 1597 6
158 1597 7
158 1597 8
158 1597 9
158 1597 10
158 1598 1
158 1598 2
158 1598 3
158 1598 4
158 1598 5
158 1598 6
158 1598 7
158 1598 8
158 1598 9
158 1598 10
158 1599 1
158 1599 2
158 1599 3
158 1599 4
158 1599 5
158 1599 6
158 1599 7
158 1599 8
158 1599 9
158 1599 10
158 1600 1
158 1600 2
158 1600 3
158 1600 4
158 1600 5
158 1600 6
158 1600 7
158 1600 8
158 1600 9
158 1600 10
158 1601 1
158 1601 2
158 1601 3
158 1601 4
158 1601 5
158 1601 6
158 1601 7
158 1601 8
158 1601 9
158 1601 10
158 1602 1
158 1602 2
158 1602 3
158 1602 4
158 1602 5
158 1602 6
158 1602 7
158 1602 8
158 1602 9
158 1602 10
158 1603 1
158 1603 2
158 1603 3
158 1603 4
158 1603 5
158 1603 6
158 1603 7
158 1603 8
158 1603 9
158 1603 10
158 1604 1
158 1604 2
158 1604 3
158 1604 4
158 1604 5
158 1604 6
158 1604 7
158 1604 8
158 1604 9
158 1604 10
158 1605 1
158 1605 2
158 1605 3
158 1605 4
158 1605 5
158 1605 6
158 1605 7
158 1605 8
158 1605 9
158 1605 10
158 1606 1
158 1606 2
158 1606 3
158 1606 4
158 1606 5
158 1606 6
158 1606 7
158 1606 8
158 1606 9
158 1606 10
158 1607 1
158 1607 2
158 1607 3
158 1607 4
158 1607 5
158 1607 6
158 1607 7
158 1607 8
158 1607 9
158 1607 10
158 1608 1
158 1608 2
158 1608 3
158 1608 4
158 1608 5
158 1608 6
158 1608 7
158 1608 8
158 1608 9
158 1608 10
158 1609 1
158 1609 2
158 1609 3
158 1609 4
158 1609 5
158 1609 6
158 1609 7
158 1609 8
158 1609 9
158 1609 10
158 1610 1
158 1610 2
158 1610 3
158 1610 4
158 1610 5
158 1610 6
158 1610 7
158 1610 8
158 1610 9
158 1610 10
158 1611 1
158 1611 2
158 1611 3
158 1611 4
158 1611 5
158 1611 6
158 1611 7
158 1611 8
158 1611 9
158 1611 10
158 1612 1
158 1612 2
158 1612 3
158 1612 4
158 1612 5
158 1612 6
158 1612 7
158 1612 8
158 1612 9
158 1612 10
158 1613 1
158 1613 2
158 1613 3
158 1613 4
158 1613 5
158 1613 6
158 1613 7
158 1613 8
158 1613 9
158 1613 10
158 1614 1
158 1614 2
158 1614 3
158 1614 4
158 1614 5
158 1614 6
158 1614 7
158 1614 8
158 1614 9
158 1614 10
158 1615 1
158 1615 2
158 1615 3
158 1615 4
158 1615 5
158 1615 6
158 1615 7
158 1615 8
158 1615 9
158 1615 10
158 1616 1
158 1616 2
158 1616 3
158 1616 4
158 1616 5
158 1616 6
158 1616 7
158 1616 8
158 1616 9
158 1616 10
158 1617 1
158 1617 2
158 1617 3
158 1617 4
158 1617 5
158 1617 6
158 1617 7
158 1617 8
158 1617 9
158 1617 10
158 1618 1
158 1618 2
158 1618 3
158 1618 4
158 1618 5
158 1618 6
158 1618 7
158 1618 8
158 1618 9
158 1618 10
158 1619 1
158 1619 2
158 1619 3
158 1619 4
158 1619 5
158 1619 6
158 1619 7
158 1619 8
158 1619 9
158 1619 10
158 1620 1
158 1620 2
158 1620 3
158 1620 4
158 1620 5
158 1620 6
158 1620 7
158 1620 8
158 1620 9
158 1620 10
158 1621 1
158 1621 2
158 1621 3
158 1621 4
158 1621 5
158 1621 6
158 1621 7
158 1621 8
158 1621 9
158 1621 10
158 1622 1
158 1622 2
158 1622 3
158 1622 4
158 1622 5
158 1622 6
158 1622 7
158 1622 8
158 1622 9
158 1622 10
158 1623 1
158 1623 2
158 1623 3
158 1623 4
158 1623 5
158 1623 6
158 1623 7
158 1623 8
158 1623 9
158 1623 10
158 1624 1
158 1624 2
158 1624 3
158 1624 4
158 1624 5
158 1624 6
158 1624 7
158 1624 8
158 1624 9
158 1624 10
158 1625 1
158 1625 2
158 1625 3
158 1625 4
158 1625 5
158 1625 6
158 1625 7
158 1625 8
158 1625 9
158 1625 10
158 1626 1
158 1626 2
158 1626 3
158 1626 4
158 1626 5
158 1626 6
158 1626 7
158 1626 8
158 1626 9
158 1626 10
158 1627 1
158 1627 2
158 1627 3
158 1627 4
158 1627 5
158 1627 6
158 1627 7
158 1627 8
158 1627 9
158 1627 10
158 1628 1
158 1628 2
158 1628 3
158 1628 4
158 1628 5
158 1628 6
158 1628 7
158 1628 8
158 1628 9
158 1628 10
158 1629 1
158 1629 2
158 1629 3
158 1629 4
158 1629 5
158 1629 6
158 1629 7
158 1629 8
158 1629 9
158 1629 10
158 1630 1
158 1630 2
158 1630 3
158 1630 4
158 1630 5
158 1630 6
158 1630 7
158 1630 8
158 1630 9
158 1630 10
158 1631 1
158 1631 2
158 1631 3
158 1631 4
158 1631 5
158 1631 6
158 1631 7
158 1631 8
158 1631 9
158 1631 10
158 1632 1
158 1632 2
158 1632 3
158 1632 4
158 1632 5
158 1632 6
158 1632 7
158 1632 8
158 1632 9
158 1632 10
158 1633 1
158 1633 2
158 1633 3
158 1633 4
158 1633 5
158 1633 6
158 1633 7
158 1633 8
158 1633 9
158 1633 10
158 1634 1
158 1634 2
158 1634 3
158 1634 4
158 1634 5
158 1634 6
158 1634 7
158 1634 8
158 1634 9
158 1634 10
158 1635 1
158 1635 2
158 1635 3
158 1635 4
158 1635 5
158 1635 6
158 1635 7
158 1635 8
158 1635 9
158 1635 10
158 1636 1
158 1636 2
158 1636 3
158 1636 4
158 1636 5
158 1636 6
158 1636 7
158 1636 8
158 1636 9
158 1636 10
158 1637 1
158 1637 2
158 1637 3
158 1637 4
158 1637 5
158 1637 6
158 1637 7
158 1637 8
158 1637 9
158 1637 10
158 1638 1
158 1638 2
158 1638 3
158 1638 4
158 1638 5
158 1638 6
158 1638 7
158 1638 8
158 1638 9
158 1638 10
158 1639 1
158 1639 2
158 1639 3
158 1639 4
158 1639 5
158 1639 6
158 1639 7
158 1639 8
158 1639 9
158 1639 10
158 1640 1
158 1640 2
158 1640 3
158 1640 4
158 1640 5
158 1640 6
158 1640 7
158 1640 8
158 1640 9
158 1640 10
158 1641 1
158 1641 2
158 1641 3
158 1641 4
158 1641 5
158 1641 6
158 1641 7
158 1641 8
158 1641 9
158 1641 10
158 1642 1
158 1642 2
158 1642 3
158 1642 4
158 1642 5
158 1642 6
158 1642 7
158 1642 8
158 1642 9
158 1642 10
158 1643 1
158 1643 2
158 1643 3
158 1643 4
158 1643 5
158 1643 6
158 1643 7
158 1643 8
158 1643 9
158 1643 10
158 1644 1
158 1644 2
158 1644 3
158 1644 4
158 1644 5
158 1644 6
158 1644 7
158 1644 8
158 1644 9
158 1644 10
158 1645 1
158 1645 2
158 1645 3
158 1645 4
158 1645 5
158 1645 6
158 1645 7
158 1645 8
158 1645 9
158 1645 10
158 1646 1
158 1646 2
158 1646 3
158 1646 4
158 1646 5
158 1646 6
158 1646 7
158 1646 8
158 1646 9
158 1646 10
158 1647 1
158 1647 2
158 1647 3
158 1647 4
158 1647 5
158 1647 6
158 1647 7
158 1647 8
158 1647 9
158 1647 10
158 1648 1
158 1648 2
158 1648 3
158 1648 4
158 1648 5
158 1648 6
158 1648 7
158 1648 8
158 1648 9
158 1648 10
158 1649 1
158 1649 2
158 1649 3
158 1649 4
158 1649 5
158 1649 6
158 1649 7
158 1649 8
158 1649 9
158 1649 10
158 1650 1
158 1650 2
158 1650 3
158 1650 4
158 1650 5
158 1650 6
158 1650 7
158 1650 8
158 1650 9
158 1650 10
158 1651 1
158 1651 2
158 1651 3
158 1651 4
158 1651 5
158 1651 6
158 1651 7
158 1651 8
158 1651 9
158 1651 10
158 1652 1
158 1652 2
158 1652 3
158 1652 4
158 1652 5
158 1652 6
158 1652 7
158 1652 8
158 1652 9
158 1652 10
158 1653 1
158 1653 2
158 1653 3
158 1653 4
158 1653 5
158 1653 6
158 1653 7
158 1653 8
158 1653 9
158 1653 10
158 1654 1
158 1654 2
158 1654 3
158 1654 4
158 1654 5
158 1654 6
158 1654 7
158 1654 8
158 1654 9
158 1654 10
158 1655 1
158 1655 2
158 1655 3
158 1655 4
158 1655 5
158 1655 6
158 1655 7
158 1655 8
158 1655 9
158 1655 10
159 1547 1
159 1547 2
159 1547 3
159 1547 4
159 1547 5
159 1547 6
159 1547 7
159 1547 8
159 1547 9
159 1547 10
159 1548 1
159 1548 2
159 1548 3
159 1548 4
159 1548 5
159 1548 6
159 1548 7
159 1548 8
159 1548 9
159 1548 10
159 1549 1
159 1549 2
159 1549 3
159 1549 4
159 1549 5
159 1549 6
159 1549 7
159 1549 8
159 1549 9
159 1549 10
159 1550 1
159 1550 2
159 1550 3
159 1550 4
159 1550 5
159 1550 6
159 1550 7
159 1550 8
159 1550 9
159 1550 10
159 1551 1
159 1551 2
159 1551 3
159 1551 4
159 1551 5
159 1551 6
159 1551 7
159 1551 8
159 1551 9
159 1551 10
159 1552 1
159 1552 2
159 1552 3
159 1552 4
159 1552 5
159 1552 6
159 1552 7
159 1552 8
159 1552 9
159 1552 10
159 1553 1
159 1553 2
159 1553 3
159 1553 4
159 1553 5
159 1553 6
159 1553 7
159 1553 8
159 1553 9
159 1553 10
159 1554 1
159 1554 2
159 1554 3
159 1554 4
159 1554 5
159 1554 6
159 1554 7
159 1554 8
159 1554 9
159 1554 10
159 1555 1
159 1555 2
159 1555 3
159 1555 4
159 1555 5
159 1555 6
159 1555 7
159 1555 8
159 1555 9
159 1555 10
159 1556 1
159 1556 2
159 1556 3
159 1556 4
159 1556 5
159 1556 6
159 1556 7
159 1556 8
159 1556 9
159 1556 10
159 1557 1
159 1557 2
159 1557 3
159 1557 4
159 1557 5
159 1557 6
159 1557 7
159 1557 8
159 1557 9
159 1557 10
159 1558 1
159 1558 2
159 1558 3
159 1558 4
159 1558 5
159 1558 6
159 1558 7
159 1558 8
159 1558 9
159 1558 10
159 1559 1
159 1559 2
159 1559 3
159 1559 4
159 1559 5
159 1559 6
159 1559 7
159 1559 8
159 1559 9
159 1559 10
159 1560 1
159 1560 2
159 1560 3
159 1560 4
159 1560 5
159 1560 6
159 1560 7
159 1560 8
159 1560 9
159 1560 10
159 1561 1
159 1561 2
159 1561 3
159 1561 4
159 1561 5
159 1561 6
159 1561 7
159 1561 8
159 1561 9
159 1561 10
159 1562 1
159 1562 2
159 1562 3
159 1562 4
159 1562 5
159 1562 6
159 1562 7
159 1562 8
159 1562 9
159 1562 10
159 1563 1
159 1563 2
159 1563 3
159 1563 4
159 1563 5
159 1563 6
159 1563 7
159 1563 8
159 1563 9
159 1563 10
159 1564 1
159 1564 2
159 1564 3
159 1564 4
159 1564 5
159 1564 6
159 1564 7
159 1564 8
159 1564 9
159 1564 10
159 1565 1
159 1565 2
159 1565 3
159 1565 4
159 1565 5
159 1565 6
159 1565 7
159 1565 8
159 1565 9
159 1565 10
159 1566 1
159 1566 2
159 1566 3
159 1566 4
159 1566 5
159 1566 6
159 1566 7
159 1566 8
159 1566 9
159 1566 10
159 1567 1
159 1567 2
159 1567 3
159 1567 4
159 1567 5
159 1567 6
159 1567 7
159 1567 8
159 1567 9
159 1567 10
159 1568 1
159 1568 2
159 1568 3
159 1568 4
159 1568 5
159 1568 6
159 1568 7
159 1568 8
159 1568 9
159 1568 10
159 1569 1
159 1569 2
159 1569 3
159 1569 4
159 1569 5
159 1569 6
159 1569 7
159 1569 8
159 1569 9
159 1569 10
159 1570 1
159 1570 2
159 1570 3
159 1570 4
159 1570 5
159 1570 6
159 1570 7
159 1570 8
159 1570 9
159 1570 10
159 1571 1
159 1571 2
159 1571 3
159 1571 4
159 1571 5
159 1571 6
159 1571 7
159 1571 8
159 1571 9
159 1571 10
159 1572 1
159 1572 2
159 1572 3
159 1572 4
159 1572 5
159 1572 6
159 1572 7
159 1572 8
159 1572 9
159 1572 10
159 1573 1
159 1573 2
159 1573 3
159 1573 4
159 1573 5
159 1573 6
159 1573 7
159 1573 8
159 1573 9
159 1573 10
159 1574 1
159 1574 2
159 1574 3
159 1574 4
159 1574 5
159 1574 6
159 1574 7
159 1574 8
159 1574 9
159 1574 10
159 1575 1
159 1575 2
159 1575 3
159 1575 4
159 1575 5
159 1575 6
159 1575 7
159 1575 8
159 1575 9
159 1575 10
159 1576 1
159 1576 2
159 1576 3
159 1576 4
159 1576 5
159 1576 6
159 1576 7
159 1576 8
159 1576 9
159 1576 10
159 1577 1
159 1577 2
159 1577 3
159 1577 4
159 1577 5
159 1577 6
159 1577 7
159 1577 8
159 1577 9
159 1577 10
159 1578 1
159 1578 2
159 1578 3
159 1578 4
159 1578 5
159 1578 6
159 1578 7
159 1578 8
159 1578 9
159 1578 10
159 1579 1
159 1579 2
159 1579 3
159 1579 4
159 1579 5
159 1579 6
159 1579 7
159 1579 8
159 1579 9
159 1579 10
159 1580 1
159 1580 2
159 1580 3
159 1580 4
159 1580 5
159 1580 6
159 1580 7
159 1580 8
159 1580 9
159 1580 10
159 1581 1
159 1581 2
159 1581 3
159 1581 4
159 1581 5
159 1581 6
159 1581 7
159 1581 8
159 1581 9
159 1581 10
159 1582 1
159 1582 2
159 1582 3
159 1582 4
159 1582 5
159 1582 6
159 1582 7
159 1582 8
159 1582 9
159 1582 10
159 1583 1
159 1583 2
159 1583 3
159 1583 4
159 1583 5
159 1583 6
159 1583 7
159 1583 8
159 1583 9
159 1583 10
159 1584 1
159 1584 2
159 1584 3
159 1584 4
159 1584 5
159 1584 6
159 1584 7
159 1584 8
159 1584 9
159 1584 10
159 1585 1
159 1585 2
159 1585 3
159 1585 4
159 1585 5
159 1585 6
159 1585 7
159 1585 8
159 1585 9
159 1585 10
159 1586 1
159 1586 2
159 1586 3
159 1586 4
159 1586 5
159 1586 6
159 1586 7
159 1586 8
159 1586 9
159 1586 10
159 1587 1
159 1587 2
159 1587 3
159 1587 4
159 1587 5
159 1587 6
159 1587 7
159 1587 8
159 1587 9
159 1587 10
159 1588 1
159 1588 2
159 1588 3
159 1588 4
159 1588 5
159 1588 6
159 1588 7
159 1588 8
159 1588 9
159 1588 10
159 1589 1
159 1589 2
159 1589 3
159 1589 4
159 1589 5
159 1589 6
159 1589 7
159 1589 8
159 1589 9
159 1589 10
159 1590 1
159 1590 2
159 1590 3
159 1590 4
159 1590 5
159 1590 6
159 1590 7
159 1590 8
159 1590 9
159 1590 10
159 1591 1
159 1591 2
159 1591 3
159 1591 4
159 1591 5
159 1591 6
159 1591 7
159 1591 8
159 1591 9
159 1591 10
159 1592 1
159 1592 2
159 1592 3
159 1592 4
159 1592 5
159 1592 6
159 1592 7
159 1592 8
159 1592 9
159 1592 10
159 1593 1
159 1593 2
159 1593 3
159 1593 4
159 1593 5
159 1593 6
159 1593 7
159 1593 8
159 1593 9
159 1593 10
159 1594 1
159 1594 2
159 1594 3
159 1594 4
159 1594 5
159 1594 6
159 1594 7
159 1594 8
159 1594 9
159 1594 10
159 1595 1
159 1595 2
159 1595 3
159 1595 4
159 1595 5
159 1595 6
159 1595 7
159 1595 8
159 1595 9
159 1595 10
159 1596 1
159 1596 2
159 1596 3
159 1596 4
159 1596 5
159 1596 6
159 1596 7
159 1596 8
159 1596 9
159 1596 10
159 1597 1
159 1597 2
159 1597 3
159 1597 4
159 1597 5
159 1597 6
159 1597 7
159 1597 8
159 1597 9
159 1597 10
159 1598 1
159 1598 2
159 1598 3
159 1598 4
159 1598 5
159 1598 6
159 1598 7
159 1598 8
159 1598 9
159 1598 10
159 1599 1
159 1599 2
159 1599 3
159 1599 4
159 1599 5
159 1599 6
159 1599 7
159 1599 8
159 1599 9
159 1599 10
159 1600 1
159 1600 2
159 1600 3
159 1600 4
159 1600 5
159 1600 6
159 1600 7
159 1600 8
159 1600 9
159 1600 10
159 1601 1
159 1601 2
159 1601 3
159 1601 4
159 1601 5
159 1601 6
159 1601 7
159 1601 8
159 1601 9
159 1601 10
159 1602 1
159 1602 2
159 1602 3
159 1602 4
159 1602 5
159 1602 6
159 1602 7
159 1602 8
159 1602 9
159 1602 10
159 1603 1
159 1603 2
159 1603 3
159 1603 4
159 1603 5
159 1603 6
159 1603 7
159 1603 8
159 1603 9
159 1603 10
159 1604 1
159 1604 2
159 1604 3
159 1604 4
159 1604 5
159 1604 6
159 1604 7
159 1604 8
159 1604 9
159 1604 10
159 1605 1
159 1605 2
159 1605 3
159 1605 4
159 1605 5
159 1605 6
159 1605 7
159 1605 8
159 1605 9
159 1605 10
159 1606 1
159 1606 2
159 1606 3
159 1606 4
159 1606 5
159 1606 6
159 1606 7
159 1606 8
159 1606 9
159 1606 10
159 1607 1
159 1607 2
159 1607 3
159 1607 4
159 1607 5
159 1607 6
159 1607 7
159 1607 8
159 1607 9
159 1607 10
159 1608 1
159 1608 2
159 1608 3
159 1608 4
159 1608 5
159 1608 6
159 1608 7
159 1608 8
159 1608 9
159 1608 10
159 1609 1
159 1609 2
159 1609 3
159 1609 4
159 1609 5
159 1609 6
159 1609 7
159 1609 8
159 1609 9
159 1609 10
159 1610 1
159 1610 2
159 1610 3
159 1610 4
159 1610 5
159 1610 6
159 1610 7
159 1610 8
159 1610 9
159 1610 10
159 1611 1
159 1611 2
159 1611 3
159 1611 4
159 1611 5
159 1611 6
159 1611 7
159 1611 8
159 1611 9
159 1611 10
159 1612 1
159 1612 2
159 1612 3
159 1612 4
159 1612 5
159 1612 6
159 1612 7
159 1612 8
159 1612 9
159 1612 10
159 1613 1
159 1613 2
159 1613 3
159 1613 4
159 1613 5
159 1613 6
159 1613 7
159 1613 8
159 1613 9
159 1613 10
159 1614 1
159 1614 2
159 1614 3
159 1614 4
159 1614 5
159 1614 6
159 1614 7
159 1614 8
159 1614 9
159 1614 10
159 1615 1
159 1615 2
159 1615 3
159 1615 4
159 1615 5
159 1615 6
159 1615 7
159 1615 8
159 1615 9
159 1615 10
159 1616 1
159 1616 2
159 1616 3
159 1616 4
159 1616 5
159 1616 6
159 1616 7
159 1616 8
159 1616 9
159 1616 10
159 1617 1
159 1617 2
159 1617 3
159 1617 4
159 1617 5
159 1617 6
159 1617 7
159 1617 8
159 1617 9
159 1617 10
159 1618 1
159 1618 2
159 1618 3
159 1618 4
159 1618 5
159 1618 6
159 1618 7
159 1618 8
159 1618 9
159 1618 10
159 1619 1
159 1619 2
159 1619 3
159 1619 4
159 1619 5
159 1619 6
159 1619 7
159 1619 8
159 1619 9
159 1619 10
159 1620 1
159 1620 2
159 1620 3
159 1620 4
159 1620 5
159 1620 6
159 1620 7
159 1620 8
159 1620 9
159 1620 10
159 1621 1
159 1621 2
159 1621 3
159 1621 4
159 1621 5
159 1621 6
159 1621 7
159 1621 8
159 1621 9
159 1621 10
159 1622 1
159 1622 2
159 1622 3
159 1622 4
159 1622 5
159 1622 6
159 1622 7
159 1622 8
159 1622 9
159 1622 10
159 1623 1
159 1623 2
159 1623 3
159 1623 4
159 1623 5
159 1623 6
159 1623 7
159 1623 8
159 1623 9
159 1623 10
159 1624 1
159 1624 2
159 1624 3
159 1624 4
159 1624 5
159 1624 6
159 1624 7
159 1624 8
159 1624 9
159 1624 10
159 1625 1
159 1625 2
159 1625 3
159 1625 4
159 1625 5
159 1625 6
159 1625 7
159 1625 8
159 1625 9
159 1625 10
159 1626 1
159 1626 2
159 1626 3
159 1626 4
159 1626 5
159 1626 6
159 1626 7
159 1626 8
159 1626 9
159 1626 10
159 1627 1
159 1627 2
159 1627 3
159 1627 4
159 1627 5
159 1627 6
159 1627 7
159 1627 8
159 1627 9
159 1627 10
159 1628 1
159 1628 2
159 1628 3
159 1628 4
159 1628 5
159 1628 6
159 1628 7
159 1628 8
159 1628 9
159 1628 10
159 1629 1
159 1629 2
159 1629 3
159 1629 4
159 1629 5
159 1629 6
159 1629 7
159 1629 8
159 1629 9
159 1629 10
159 1630 1
159 1630 2
159 1630 3
159 1630 4
159 1630 5
159 1630 6
159 1630 7
159 1630 8
159 1630 9
159 1630 10
159 1631 1
159 1631 2
159 1631 3
159 1631 4
159 1631 5
159 1631 6
159 1631 7
159 1631 8
159 1631 9
159 1631 10
159 1632 1
159 1632 2
159 1632 3
159 1632 4
159 1632 5
159 1632 6
159 1632 7
159 1632 8
159 1632 9
159 1632 10
159 1633 1
159 1633 2
159 1633 3
159 1633 4
159 1633 5
159 1633 6
159 1633 7
159 1633 8
159 1633 9
159 1633 10
159 1634 1
159 1634 2
159 1634 3
159 1634 4
159 1634 5
159 1634 6
159 1634 7
159 1634 8
159 1634 9
159 1634 10
159 1635 1
159 1635 2
159 1635 3
159 1635 4
159 1635 5
159 1635 6
159 1635 7
159 1635 8
159 1635 9
159 1635 10
159 1636 1
159 1636 2
159 1636 3
159 1636 4
159 1636 5
159 1636 6
159 1636 7
159 1636 8
159 1636 9
159 1636 10
159 1637 1
159 1637 2
159 1637 3
159 1637 4
159 1637 5
159 1637 6
159 1637 7
159 1637 8
159 1637 9
159 1637 10
159 1638 1
159 1638 2
159 1638 3
159 1638 4
159 1638 5
159 1638 6
159 1638 7
159 1638 8
159 1638 9
159 1638 10
159 1639 1
159 1639 2
159 1639 3
159 1639 4
159 1639 5
159 1639 6
159 1639 7
159 1639 8
159 1639 9
159 1639 10
159 1640 1
159 1640 2
159 1640 3
159 1640 4
159 1640 5
159 1640 6
159 1640 7
159 1640 8
159 1640 9
159 1640 10
159 1641 1
159 1641 2
159 1641 3
159 1641 4
159 1641 5
159 1641 6
159 1641 7
159 1641 8
159 1641 9
159 1641 10
159 1642 1
159 1642 2
159 1642 3
159 1642 4
159 1642 5
159 1642 6
159 1642 7
159 1642 8
159 1642 9
159 1642 10
159 1643 1
159 1643 2
159 1643 3
159 1643 4
159 1643 5
159 1643 6
159 1643 7
159 1643 8
159 1643 9
159 1643 10
159 1644 1
159 1644 2
159 1644 3
159 1644 4
159 1644 5
159 1644 6
159 1644 7
159 1644 8
159 1644 9
159 1644 10
159 1645 1
159 1645 2
159 1645 3
159 1645 4
159 1645 5
159 1645 6
159 1645 7
159 1645 8
159 1645 9
159 1645 10
159 1646 1
159 1646 2
159 1646 3
159 1646 4
159 1646 5
159 1646 6
159 1646 7
159 1646 8
159 1646 9
159 1646 10
159 1647 1
159 1647 2
159 1647 3
159 1647 4
159 1647 5
159 1647 6
159 1647 7
159 1647 8
159 1647 9
159 1647 10
159 1648 1
159 1648 2
159 1648 3
159 1648 4
159 1648 5
159 1648 6
159 1648 7
159 1648 8
159 1648 9
159 1648 10
159 1649 1
159 1649 2
159 1649 3
159 1649 4
159 1649 5
159 1649 6
159 1649 7
159 1649 8
159 1649 9
159 1649 10
159 1650 1
159 1650 2
159 1650 3
159 1650 4
159 1650 5
159 1650 6
159 1650 7
159 1650 8
159 1650 9
159 1650 10
159 1651 1
159 1651 2
159 1651 3
159 1651 4
159 1651 5
159 1651 6
159 1651 7
159 1651 8
159 1651 9
159 1651 10
159 1652 1
159 1652 2
159 1652 3
159 1652 4
159 1652 5
159 1652 6
159 1652 7
159 1652 8
159 1652 9
159 1652 10
159 1653 1
159 1653 2
159 1653 3
159 1653 4
159 1653 5
159 1653 6
159 1653 7
159 1653 8
159 1653 9
159 1653 10
159 1654 1
159 1654 2
159 1654 3
159 1654 4
159 1654 5
159 1654 6
159 1654 7
159 1654 8
159 1654 9
159 1654 10
160 1549 1
160 1549 2
160 1549 3
160 1549 4
160 1549 5
160 1549 6
160 1549 7
160 1549 8
160 1549 9
160 1549 10
160 1550 1
160 1550 2
160 1550 3
160 1550 4
160 1550 5
160 1550 6
160 1550 7
160 1550 8
160 1550 9
160 1550 10
160 1551 1
160 1551 2
160 1551 3
160 1551 4
160 1551 5
160 1551 6
160 1551 7
160 1551 8
160 1551 9
160 1551 10
160 1552 1
160 1552 2
160 1552 3
160 1552 4
160 1552 5
160 1552 6
160 1552 7
160 1552 8
160 1552 9
160 1552 10
160 1553 1
160 1553 2
160 1553 3
160 1553 4
160 1553 5
160 1553 6
160 1553 7
160 1553 8
160 1553 9
160 1553 10
160 1554 1
160 1554 2
160 1554 3
160 1554 4
160 1554 5
160 1554 6
160 1554 7
160 1554 8
160 1554 9
160 1554 10
160 1555 1
160 1555 2
160 1555 3
160 1555 4
160 1555 5
160 1555 6
160 1555 7
160 1555 8
160 1555 9
160 1555 10
160 1556 1
160 1556 2
160 1556 3
160 1556 4
160 1556 5
160 1556 6
160 1556 7
160 1556 8
160 1556 9
160 1556 10
160 1557 1
160 1557 2
160 1557 3
160 1557 4
160 1557 5
160 1557 6
160 1557 7
160 1557 8
160 1557 9
160 1557 10
160 1558 1
160 1558 2
160 1558 3
160 1558 4
160 1558 5
160 1558 6
160 1558 7
160 1558 8
160 1558 9
160 1558 10
160 1559 1
160 1559 2
160 1559 3
160 1559 4
160 1559 5
160 1559 6
160 1559 7
160 1559 8
160 1559 9
160 1559 10
160 1560 1
160 1560 2
160 1560 3
160 1560 4
160 1560 5
160 1560 6
160 1560 7
160 1560 8
160 1560 9
160 1560 10
160 1561 1
160 1561 2
160 1561 3
160 1561 4
160 1561 5
160 1561 6
160 1561 7
160 1561 8
160 1561 9
160 1561 10
160 1562 1
160 1562 2
160 1562 3
160 1562 4
160 1562 5
160 1562 6
160 1562 7
160 1562 8
160 1562 9
160 1562 10
160 1563 1
160 1563 2
160 1563 3
160 1563 4
160 1563 5
160 1563 6
160 1563 7
160 1563 8
160 1563 9
160 1563 10
160 1564 1
160 1564 2
160 1564 3
160 1564 4
160 1564 5
160 1564 6
160 1564 7
160 1564 8
160 1564 9
160 1564 10
160 1565 1
160 1565 2
160 1565 3
160 1565 4
160 1565 5
160 1565 6
160 1565 7
160 1565 8
160 1565 9
160 1565 10
160 1566 1
160 1566 2
160 1566 3
160 1566 4
160 1566 5
160 1566 6
160 1566 7
160 1566 8
160 1566 9
160 1566 10
160 1567 1
160 1567 2
160 1567 3
160 1567 4
160 1567 5
160 1567 6
160 1567 7
160 1567 8
160 1567 9
160 1567 10
160 1568 1
160 1568 2
160 1568 3
160 1568 4
160 1568 5
160 1568 6
160 1568 7
160 1568 8
160 1568 9
160 1568 10
160 1569 1
160 1569 2
160 1569 3
160 1569 4
160 1569 5
160 1569 6
160 1569 7
160 1569 8
160 1569 9
160 1569 10
160 1570 1
160 1570 2
160 1570 3
160 1570 4
160 1570 5
160 1570 6
160 1570 7
160 1570 8
160 1570 9
160 1570 10
160 1571 1
160 1571 2
160 1571 3
160 1571 4
160 1571 5
160 1571 6
160 1571 7
160 1571 8
160 1571 9
160 1571 10
160 1572 1
160 1572 2
160 1572 3
160 1572 4
160 1572 5
160 1572 6
160 1572 7
160 1572 8
160 1572 9
160 1572 10
160 1573 1
160 1573 2
160 1573 3
160 1573 4
160 1573 5
160 1573 6
160 1573 7
160 1573 8
160 1573 9
160 1573 10
160 1574 1
160 1574 2
160 1574 3
160 1574 4
160 1574 5
160 1574 6
160 1574 7
160 1574 8
160 1574 9
160 1574 10
160 1575 1
160 1575 2
160 1575 3
160 1575 4
160 1575 5
160 1575 6
160 1575 7
160 1575 8
160 1575 9
160 1575 10
160 1576 1
160 1576 2
160 1576 3
160 1576 4
160 1576 5
160 1576 6
160 1576 7
160 1576 8
160 1576 9
160 1576 10
160 1577 1
160 1577 2
160 1577 3
160 1577 4
160 1577 5
160 1577 6
160 1577 7
160 1577 8
160 1577 9
160 1577 10
160 1578 1
160 1578 2
160 1578 3
160 1578 4
160 1578 5
160 1578 6
160 1578 7
160 1578 8
160 1578 9
160 1578 10
160 1579 1
160 1579 2
160 1579 3
160 1579 4
160 1579 5
160 1579 6
160 1579 7
160 1579 8
160 1579 9
160 1579 10
160 1580 1
160 1580 2
160 1580 3
160 1580 4
160 1580 5
160 1580 6
160 1580 7
160 1580 8
160 1580 9
160 1580 10
160 1581 1
160 1581 2
160 1581 3
160 1581 4
160 1581 5
160 1581 6
160 1581 7
160 1581 8
160 1581 9
160 1581 10
160 1582 1
160 1582 2
160 1582 3
160 1582 4
160 1582 5
160 1582 6
160 1582 7
160 1582 8
160 1582 9
160 1582 10
160 1583 1
160 1583 2
160 1583 3
160 1583 4
160 1583 5
160 1583 6
160 1583 7
160 1583 8
160 1583 9
160 1583 10
160 1584 1
160 1584 2
160 1584 3
160 1584 4
160 1584 5
160 1584 6
160 1584 7
160 1584 8
160 1584 9
160 1584 10
160 1585 1
160 1585 2
160 1585 3
160 1585 4
160 1585 5
160 1585 6
160 1585 7
160 1585 8
160 1585 9
160 1585 10
160 1586 1
160 1586 2
160 1586 3
160 1586 4
160 1586 5
160 1586 6
160 1586 7
160 1586 8
160 1586 9
160 1586 10
160 1587 1
160 1587 2
160 1587 3
160 1587 4
160 1587 5
160 1587 6
160 1587 7
160 1587 8
160 1587 9
160 1587 10
160 1588 1
160 1588 2
160 1588 3
160 1588 4
160 1588 5
160 1588 6
160 1588 7
160 1588 8
160 1588 9
160 1588 10
160 1589 1
160 1589 2
160 1589 3
160 1589 4
160 1589 5
160 1589 6
160 1589 7
160 1589 8
160 1589 9
160 1589 10
160 1590 1
160 1590 2
160 1590 3
160 1590 4
160 1590 5
160 1590 6
160 1590 7
160 1590 8
160 1590 9
160 1590 10
160 1591 1
160 1591 2
160 1591 3
160 1591 4
160 1591 5
160 1591 6
160 1591 7
160 1591 8
160 1591 9
160 1591 10
160 1592 1
160 1592 2
160 1592 3
160 1592 4
160 1592 5
160 1592 6
160 1592 7
160 1592 8
160 1592 9
160 1592 10
160 1593 1
160 1593 2
160 1593 3
160 1593 4
160 1593 5
160 1593 6
160 1593 7
160 1593 8
160 1593 9
160 1593 10
160 1594 1
160 1594 2
160 1594 3
160 1594 4
160 1594 5
160 1594 6
160 1594 7
160 1594 8
160 1594 9
160 1594 10
160 1595 1
160 1595 2
160 1595 3
160 1595 4
160 1595 5
160 1595 6
160 1595 7
160 1595 8
160 1595 9
160 1595 10
160 1596 1
160 1596 2
160 1596 3
160 1596 4
160 1596 5
160 1596 6
160 1596 7
160 1596 8
160 1596 9
160 1596 10
160 1597 1
160 1597 2
160 1597 3
160 1597 4
160 1597 5
160 1597 6
160 1597 7
160 1597 8
160 1597 9
160 1597 10
160 1598 1
160 1598 2
160 1598 3
160 1598 4
160 1598 5
160 1598 6
160 1598 7
160 1598 8
160 1598 9
160 1598 10
160 1599 1
160 1599 2
160 1599 3
160 1599 4
160 1599 5
160 1599 6
160 1599 7
160 1599 8
160 1599 9
160 1599 10
160 1600 1
160 1600 2
160 1600 3
160 1600 4
160 1600 5
160 1600 6
160 1600 7
160 1600 8
160 1600 9
160 1600 10
160 1601 1
160 1601 2
160 1601 3
160 1601 4
160 1601 5
160 1601 6
160 1601 7
160 1601 8
160 1601 9
160 1601 10
160 1602 1
160 1602 2
160 1602 3
160 1602 4
160 1602 5
160 1602 6
160 1602 7
160 1602 8
160 1602 9
160 1602 10
160 1603 1
160 1603 2
160 1603 3
160 1603 4
160 1603 5
160 1603 6
160 1603 7
160 1603 8
160 1603 9
160 1603 10
160 1604 1
160 1604 2
160 1604 3
160 1604 4
160 1604 5
160 1604 6
160 1604 7
160 1604 8
160 1604 9
160 1604 10
160 1605 1
160 1605 2
160 1605 3
160 1605 4
160 1605 5
160 1605 6
160 1605 7
160 1605 8
160 1605 9
160 1605 10
160 1606 1
160 1606 2
160 1606 3
160 1606 4
160 1606 5
160 1606 6
160 1606 7
160 1606 8
160 1606 9
160 1606 10
160 1607 1
160 1607 2
160 1607 3
160 1607 4
160 1607 5
160 1607 6
160 1607 7
160 1607 8
160 1607 9
160 1607 10
160 1608 1
160 1608 2
160 1608 3
160 1608 4
160 1608 5
160 1608 6
160 1608 7
160 1608 8
160 1608 9
160 1608 10
160 1609 1
160 1609 2
160 1609 3
160 1609 4
160 1609 5
160 1609 6
160 1609 7
160 1609 8
160 1609 9
160 1609 10
160 1610 1
160 1610 2
160 1610 3
160 1610 4
160 1610 5
160 1610 6
160 1610 7
160 1610 8
160 1610 9
160 1610 10
160 1611 1
160 1611 2
160 1611 3
160 1611 4
160 1611 5
160 1611 6
160 1611 7
160 1611 8
160 1611 9
160 1611 10
160 1612 1
160 1612 2
160 1612 3
160 1612 4
160 1612 5
160 1612 6
160 1612 7
160 1612 8
160 1612 9
160 1612 10
160 1613 1
160 1613 2
160 1613 3
160 1613 4
160 1613 5
160 1613 6
160 1613 7
160 1613 8
160 1613 9
160 1613 10
160 1614 1
160 1614 2
160 1614 3
160 1614 4
160 1614 5
160 1614 6
160 1614 7
160 1614 8
160 1614 9
160 1614 10
160 1615 1
160 1615 2
160 1615 3
160 1615 4
160 1615 5
160 1615 6
160 1615 7
160 1615 8
160 1615 9
160 1615 10
160 1616 1
160 1616 2
160 1616 3
160 1616 4
160 1616 5
160 1616 6
160 1616 7
160 1616 8
160 1616 9
160 1616 10
160 1617 1
160 1617 2
160 1617 3
160 1617 4
160 1617 5
160 1617 6
160 1617 7
160 1617 8
160 1617 9
160 1617 10
160 1618 1
160 1618 2
160 1618 3
160 1618 4
160 1618 5
160 1618 6
160 1618 7
160 1618 8
160 1618 9
160 1618 10
160 1619 1
160 1619 2
160 1619 3
160 1619 4
160 1619 5
160 1619 6
160 1619 7
160 1619 8
160 1619 9
160 1619 10
160 1620 1
160 1620 2
160 1620 3
160 1620 4
160 1620 5
160 1620 6
160 1620 7
160 1620 8
160 1620 9
160 1620 10
160 1621 1
160 1621 2
160 1621 3
160 1621 4
160 1621 5
160 1621 6
160 1621 7
160 1621 8
160 1621 9
160 1621 10
160 1622 1
160 1622 2
160 1622 3
160 1622 4
160 1622 5
160 1622 6
160 1622 7
160 1622 8
160 1622 9
160 1622 10
160 1623 1
160 1623 2
160 1623 3
160 1623 4
160 1623 5
160 1623 6
160 1623 7
160 1623 8
160 1623 9
160 1623 10
160 1624 1
160 1624 2
160 1624 3
160 1624 4
160 1624 5
160 1624 6
160 1624 7
160 1624 8
160 1624 9
160 1624 10
160 1625 1
160 1625 2
160 1625 3
160 1625 4
160 1625 5
160 1625 6
160 1625 7
160 1625 8
160 1625 9
160 1625 10
160 1626 1
160 1626 2
160 1626 3
160 1626 4
160 1626 5
160 1626 6
160 1626 7
160 1626 8
160 1626 9
160 1626 10
160 1627 1
160 1627 2
160 1627 3
160 1627 4
160 1627 5
160 1627 6
160 1627 7
160 1627 8
160 1627 9
160 1627 10
160 1628 1
160 1628 2
160 1628 3
160 1628 4
160 1628 5
160 1628 6
160 1628 7
160 1628 8
160 1628 9
160 1628 10
160 1629 1
160 1629 2
160 1629 3
160 1629 4
160 1629 5
160 1629 6
160 1629 7
160 1629 8
160 1629 9
160 1629 10
160 1630 1
160 1630 2
160 1630 3
160 1630 4
160 1630 5
160 1630 6
160 1630 7
160 1630 8
160 1630 9
160 1630 10
160 1631 1
160 1631 2
160 1631 3
160 1631 4
160 1631 5
160 1631 6
160 1631 7
160 1631 8
160 1631 9
160 1631 10
160 1632 1
160 1632 2
160 1632 3
160 1632 4
160 1632 5
160 1632 6
160 1632 7
160 1632 8
160 1632 9
160 1632 10
160 1633 1
160 1633 2
160 1633 3
160 1633 4
160 1633 5
160 1633 6
160 1633 7
160 1633 8
160 1633 9
160 1633 10
160 1634 1
160 1634 2
160 1634 3
160 1634 4
160 1634 5
160 1634 6
160 1634 7
160 1634 8
160 1634 9
160 1634 10
160 1635 1
160 1635 2
160 1635 3
160 1635 4
160 1635 5
160 1635 6
160 1635 7
160 1635 8
160 1635 9
160 1635 10
160 1636 1
160 1636 2
160 1636 3
160 1636 4
160 1636 5
160 1636 6
160 1636 7
160 1636 8
160 1636 9
160 1636 10
160 1637 1
160 1637 2
160 1637 3
160 1637 4
160 1637 5
160 1637 6
160 1637 7
160 1637 8
160 1637 9
160 1637 10
160 1638 1
160 1638 2
160 1638 3
160 1638 4
160 1638 5
160 1638 6
160 1638 7
160 1638 8
160 1638 9
160 1638 10
160 1639 1
160 1639 2
160 1639 3
160 1639 4
160 1639 5
160 1639 6
160 1639 7
160 1639 8
160 1639 9
160 1639 10
160 1640 1
160 1640 2
160 1640 3
160 1640 4
160 1640 5
160 1640 6
160 1640 7
160 1640 8
160 1640 9
160 1640 10
160 1641 1
160 1641 2
160 1641 3
160 1641 4
160 1641 5
160 1641 6
160 1641 7
160 1641 8
160 1641 9
160 1641 10
160 1642 1
160 1642 2
160 1642 3
160 1642 4
160 1642 5
160 1642 6
160 1642 7
160 1642 8
160 1642 9
160 1642 10
160 1643 1
160 1643 2
160 1643 3
160 1643 4
160 1643 5
160 1643 6
160 1643 7
160 1643 8
160 1643 9
160 1643 10
160 1644 1
160 1644 2
160 1644 3
160 1644 4
160 1644 5
160 1644 6
160 1644 7
160 1644 8
160 1644 9
160 1644 10
160 1645 1
160 1645 2
160 1645 3
160 1645 4
160 1645 5
160 1645 6
160 1645 7
160 1645 8
160 1645 9
160 1645 10
160 1646 1
160 1646 2
160 1646 3
160 1646 4
160 1646 5
160 1646 6
160 1646 7
160 1646 8
160 1646 9
160 1646 10
160 1647 1
160 1647 2
160 1647 3
160 1647 4
160 1647 5
160 1647 6
160 1647 7
160 1647 8
160 1647 9
160 1647 10
160 1648 1
160 1648 2
160 1648 3
160 1648 4
160 1648 5
160 1648 6
160 1648 7
160 1648 8
160 1648 9
160 1648 10
160 1649 1
160 1649 2
160 1649 3
160 1649 4
160 1649 5
160 1649 6
160 1649 7
160 1649 8
160 1649 9
160 1649 10
160 1650 1
160 1650 2
160 1650 3
160 1650 4
160 1650 5
160 1650 6
160 1650 7
160 1650 8
160 1650 9
160 1650 10
160 1651 1
160 1651 2
160 1651 3
160 1651 4
160 1651 5
160 1651 6
160 1651 7
160 1651 8
160 1651 9
160 1651 10
160 1652 1
160 1652 2
160 1652 3
160 1652 4
160 1652 5
160 1652 6
160 1652 7
160 1652 8
160 1652 9
160 1652 10
161 1550 1
161 1550 2
161 1550 3
161 1550 4
161 1550 5
161 1550 6
161 1550 7
161 1550 8
161 1550 9
161 1550 10
161 1551 1
161 1551 2
161 1551 3
161 1551 4
161 1551 5
161 1551 6
161 1551 7
161 1551 8
161 1551 9
161 1551 10
161 1552 1
161 1552 2
161 1552 3
161 1552 4
161 1552 5
161 1552 6
161 1552 7
161 1552 8
161 1552 9
161 1552 10
161 1553 1
161 1553 2
161 1553 3
161 1553 4
161 1553 5
161 1553 6
161 1553 7
161 1553 8
161 1553 9
161 1553 10
161 1554 1
161 1554 2
161 1554 3
161 1554 4
161 1554 5
161 1554 6
161 1554 7
161 1554 8
161 1554 9
161 1554 10
161 1555 1
161 1555 2
161 1555 3
161 1555 4
161 1555 5
161 1555 6
161 1555 7
161 1555 8
161 1555 9
161 1555 10
161 1556 1
161 1556 2
161 1556 3
161 1556 4
161 1556 5
161 1556 6
161 1556 7
161 1556 8
161 1556 9
161 1556 10
161 1557 1
161 1557 2
161 1557 3
161 1557 4
161 1557 5
161 1557 6
161 1557 7
161 1557 8
161 1557 9
161 1557 10
161 1558 1
161 1558 2
161 1558 3
161 1558 4
161 1558 5
161 1558 6
161 1558 7
161 1558 8
161 1558 9
161 1558 10
161 1559 1
161 1559 2
161 1559 3
161 1559 4
161 1559 5
161 1559 6
161 1559 7
161 1559 8
161 1559 9
161 1559 10
161 1560 1
161 1560 2
161 1560 3
161 1560 4
161 1560 5
161 1560 6
161 1560 7
161 1560 8
161 1560 9
161 1560 10
161 1561 1
161 1561 2
161 1561 3
161 1561 4
161 1561 5
161 1561 6
161 1561 7
161 1561 8
161 1561 9
161 1561 10
161 1562 1
161 1562 2
161 1562 3
161 1562 4
161 1562 5
161 1562 6
161 1562 7
161 1562 8
161 1562 9
161 1562 10
161 1563 1
161 1563 2
161 1563 3
161 1563 4
161 1563 5
161 1563 6
161 1563 7
161 1563 8
161 1563 9
161 1563 10
161 1564 1
161 1564 2
161 1564 3
161 1564 4
161 1564 5
161 1564 6
161 1564 7
161 1564 8
161 1564 9
161 1564 10
161 1565 1
161 1565 2
161 1565 3
161 1565 4
161 1565 5
161 1565 6
161 1565 7
161 1565 8
161 1565 9
161 1565 10
161 1566 1
161 1566 2
161 1566 3
161 1566 4
161 1566 5
161 1566 6
161 1566 7
161 1566 8
161 1566 9
161 1566 10
161 1567 1
161 1567 2
161 1567 3
161 1567 4
161 1567 5
161 1567 6
161 1567 7
161 1567 8
161 1567 9
161 1567 10
161 1568 1
161 1568 2
161 1568 3
161 1568 4
161 1568 5
161 1568 6
161 1568 7
161 1568 8
161 1568 9
161 1568 10
161 1569 1
161 1569 2
161 1569 3
161 1569 4
161 1569 5
161 1569 6
161 1569 7
161 1569 8
161 1569 9
161 1569 10
161 1570 1
161 1570 2
161 1570 3
161 1570 4
161 1570 5
161 1570 6
161 1570 7
161 1570 8
161 1570 9
161 1570 10
161 1571 1
161 1571 2
161 1571 3
161 1571 4
161 1571 5
161 1571 6
161 1571 7
161 1571 8
161 1571 9
161 1571 10
161 1572 1
161 1572 2
161 1572 3
161 1572 4
161 1572 5
161 1572 6
161 1572 7
161 1572 8
161 1572 9
161 1572 10
161 1573 1
161 1573 2
161 1573 3
161 1573 4
161 1573 5
161 1573 6
161 1573 7
161 1573 8
161 1573 9
161 1573 10
161 1574 1
161 1574 2
161 1574 3
161 1574 4
161 1574 5
161 1574 6
161 1574 7
161 1574 8
161 1574 9
161 1574 10
161 1575 1
161 1575 2
161 1575 3
161 1575 4
161 1575 5
161 1575 6
161 1575 7
161 1575 8
161 1575 9
161 1575 10
161 1576 1
161 1576 2
161 1576 3
161 1576 4
161 1576 5
161 1576 6
161 1576 7
161 1576 8
161 1576 9
161 1576 10
161 1577 1
161 1577 2
161 1577 3
161 1577 4
161 1577 5
161 1577 6
161 1577 7
161 1577 8
161 1577 9
161 1577 10
161 1578 1
161 1578 2
161 1578 3
161 1578 4
161 1578 5
161 1578 6
161 1578 7
161 1578 8
161 1578 9
161 1578 10
161 1579 1
161 1579 2
161 1579 3
161 1579 4
161 1579 5
161 1579 6
161 1579 7
161 1579 8
161 1579 9
161 1579 10
161 1580 1
161 1580 2
161 1580 3
161 1580 4
161 1580 5
161 1580 6
161 1580 7
161 1580 8
161 1580 9
161 1580 10
161 1581 1
161 1581 2
161 1581 3
161 1581 4
161 1581 5
161 1581 6
161 1581 7
161 1581 8
161 1581 9
161 1581 10
161 1582 1
161 1582 2
161 1582 3
161 1582 4
161 1582 5
161 1582 6
161 1582 7
161 1582 8
161 1582 9
161 1582 10
161 1583 1
161 1583 2
161 1583 3
161 1583 4
161 1583 5
161 1583 6
161 1583 7
161 1583 8
161 1583 9
161 1583 10
161 1584 1
161 1584 2
161 1584 3
161 1584 4
161 1584 5
161 1584 6
161 1584 7
161 1584 8
161 1584 9
161 1584 10
161 1585 1
161 1585 2
161 1585 3
161 1585 4
161 1585 5
161 1585 6
161 1585 7
161 1585 8
161 1585 9
161 1585 10
161 1586 1
161 1586 2
161 1586 3
161 1586 4
161 1586 5
161 1586 6
161 1586 7
161 1586 8
161 1586 9
161 1586 10
161 1587 1
161 1587 2
161 1587 3
161 1587 4
161 1587 5
161 1587 6
161 1587 7
161 1587 8
161 1587 9
161 1587 10
161 1588 1
161 1588 2
161 1588 3
161 1588 4
161 1588 5
161 1588 6
161 1588 7
161 1588 8
161 1588 9
161 1588 10
161 1589 1
161 1589 2
161 1589 3
161 1589 4
161 1589 5
161 1589 6
161 1589 7
161 1589 8
161 1589 9
161 1589 10
161 1590 1
161 1590 2
161 1590 3
161 1590 4
161 1590 5
161 1590 6
161 1590 7
161 1590 8
161 1590 9
161 1590 10
161 1591 1
161 1591 2
161 1591 3
161 1591 4
161 1591 5
161 1591 6
161 1591 7
161 1591 8
161 1591 9
161 1591 10
161 1592 1
161 1592 2
161 1592 3
161 1592 4
161 1592 5
161 1592 6
161 1592 7
161 1592 8
161 1592 9
161 1592 10
161 1593 1
161 1593 2
161 1593 3
161 1593 4
161 1593 5
161 1593 6
161 1593 7
161 1593 8
161 1593 9
161 1593 10
161 1594 1
161 1594 2
161 1594 3
161 1594 4
161 1594 5
161 1594 6
161 1594 7
161 1594 8
161 1594 9
161 1594 10
161 1595 1
161 1595 2
161 1595 3
161 1595 4
161 1595 5
161 1595 6
161 1595 7
161 1595 8
161 1595 9
161 1595 10
161 1596 1
161 1596 2
161 1596 3
161 1596 4
161 1596 5
161 1596 6
161 1596 7
161 1596 8
161 1596 9
161 1596 10
161 1597 1
161 1597 2
161 1597 3
161 1597 4
161 1597 5
161 1597 6
161 1597 7
161 1597 8
161 1597 9
161 1597 10
161 1598 1
161 1598 2
161 1598 3
161 1598 4
161 1598 5
161 1598 6
161 1598 7
161 1598 8
161 1598 9
161 1598 10
161 1599 1
161 1599 2
161 1599 3
161 1599 4
161 1599 5
161 1599 6
161 1599 7
161 1599 8
161 1599 9
161 1599 10
161 1600 1
161 1600 2
161 1600 3
161 1600 4
161 1600 5
161 1600 6
161 1600 7
161 1600 8
161 1600 9
161 1600 10
161 1601 1
161 1601 2
161 1601 3
161 1601 4
161 1601 5
161 1601 6
161 1601 7
161 1601 8
161 1601 9
161 1601 10
161 1602 1
161 1602 2
161 1602 3
161 1602 4
161 1602 5
161 1602 6
161 1602 7
161 1602 8
161 1602 9
161 1602 10
161 1603 1
161 1603 2
161 1603 3
161 1603 4
161 1603 5
161 1603 6
161 1603 7
161 1603 8
161 1603 9
161 1603 10
161 1604 1
161 1604 2
161 1604 3
161 1604 4
161 1604 5
161 1604 6
161 1604 7
161 1604 8
161 1604 9
161 1604 10
161 1605 1
161 1605 2
161 1605 3
161 1605 4
161 1605 5
161 1605 6
161 1605 7
161 1605 8
161 1605 9
161 1605 10
161 1606 1
161 1606 2
161 1606 3
161 1606 4
161 1606 5
161 1606 6
161 1606 7
161 1606 8
161 1606 9
161 1606 10
161 1607 1
161 1607 2
161 1607 3
161 1607 4
161 1607 5
161 1607 6
161 1607 7
161 1607 8
161 1607 9
161 1607 10
161 1608 1
161 1608 2
161 1608 3
161 1608 4
161 1608 5
161 1608 6
161 1608 7
161 1608 8
161 1608 9
161 1608 10
161 1609 1
161 1609 2
161 1609 3
161 1609 4
161 1609 5
161 1609 6
161 1609 7
161 1609 8
161 1609 9
161 1609 10
161 1610 1
161 1610 2
161 1610 3
161 1610 4
161 1610 5
161 1610 6
161 1610 7
161 1610 8
161 1610 9
161 1610 10
161 1611 1
161 1611 2
161 1611 3
161 1611 4
161 1611 5
161 1611 6
161 1611 7
161 1611 8
161 1611 9
161 1611 10
161 1612 1
161 1612 2
161 1612 3
161 1612 4
161 1612 5
161 1612 6
161 1612 7
161 1612 8
161 1612 9
161 1612 10
161 1613 1
161 1613 2
161 1613 3
161 1613 4
161 1613 5
161 1613 6
161 1613 7
161 1613 8
161 1613 9
161 1613 10
161 1614 1
161 1614 2
161 1614 3
161 1614 4
161 1614 5
161 1614 6
161 1614 7
161 1614 8
161 1614 9
161 1614 10
161 1615 1
161 1615 2
161 1615 3
161 1615 4
161 1615 5
161 1615 6
161 1615 7
161 1615 8
161 1615 9
161 1615 10
161 1616 1
161 1616 2
161 1616 3
161 1616 4
161 1616 5
161 1616 6
161 1616 7
161 1616 8
161 1616 9
161 1616 10
161 1617 1
161 1617 2
161 1617 3
161 1617 4
161 1617 5
161 1617 6
161 1617 7
161 1617 8
161 1617 9
161 1617 10
161 1618 1
161 1618 2
161 1618 3
161 1618 4
161 1618 5
161 1618 6
161 1618 7
161 1618 8
161 1618 9
161 1618 10
161 1619 1
161 1619 2
161 1619 3
161 1619 4
161 1619 5
161 1619 6
161 1619 7
161 1619 8
161 1619 9
161 1619 10
161 1620 1
161 1620 2
161 1620 3
161 1620 4
161 1620 5
161 1620 6
161 1620 7
161 1620 8
161 1620 9
161 1620 10
161 1621 1
161 1621 2
161 1621 3
161 1621 4
161 1621 5
161 1621 6
161 1621 7
161 1621 8
161 1621 9
161 1621 10
161 1622 1
161 1622 2
161 1622 3
161 1622 4
161 1622 5
161 1622 6
161 1622 7
161 1622 8
161 1622 9
161 1622 10
161 1623 1
161 1623 2
161 1623 3
161 1623 4
161 1623 5
161 1623 6
161 1623 7
161 1623 8
161 1623 9
161 1623 10
161 1624 1
161 1624 2
161 1624 3
161 1624 4
161 1624 5
161 1624 6
161 1624 7
161 1624 8
161 1624 9
161 1624 10
161 1625 1
161 1625 2
161 1625 3
161 1625 4
161 1625 5
161 1625 6
161 1625 7
161 1625 8
161 1625 9
161 1625 10
161 1626 1
161 1626 2
161 1626 3
161 1626 4
161 1626 5
161 1626 6
161 1626 7
161 1626 8
161 1626 9
161 1626 10
161 1627 1
161 1627 2
161 1627 3
161 1627 4
161 1627 5
161 1627 6
161 1627 7
161 1627 8
161 1627 9
161 1627 10
161 1628 1
161 1628 2
161 1628 3
161 1628 4
161 1628 5
161 1628 6
161 1628 7
161 1628 8
161 1628 9
161 1628 10
161 1629 1
161 1629 2
161 1629 3
161 1629 4
161 1629 5
161 1629 6
161 1629 7
161 1629 8
161 1629 9
161 1629 10
161 1630 1
161 1630 2
161 1630 3
161 1630 4
161 1630 5
161 1630 6
161 1630 7
161 1630 8
161 1630 9
161 1630 10
161 1631 1
161 1631 2
161 1631 3
161 1631 4
161 1631 5
161 1631 6
161 1631 7
161 1631 8
161 1631 9
161 1631 10
161 1632 1
161 1632 2
161 1632 3
161 1632 4
161 1632 5
161 1632 6
161 1632 7
161 1632 8
161 1632 9
161 1632 10
161 1633 1
161 1633 2
161 1633 3
161 1633 4
161 1633 5
161 1633 6
161 1633 7
161 1633 8
161 1633 9
161 1633 10
161 1634 1
161 1634 2
161 1634 3
161 1634 4
161 1634 5
161 1634 6
161 1634 7
161 1634 8
161 1634 9
161 1634 10
161 1635 1
161 1635 2
161 1635 3
161 1635 4
161 1635 5
161 1635 6
161 1635 7
161 1635 8
161 1635 9
161 1635 10
161 1636 1
161 1636 2
161 1636 3
161 1636 4
161 1636 5
161 1636 6
161 1636 7
161 1636 8
161 1636 9
161 1636 10
161 1637 1
161 1637 2
161 1637 3
161 1637 4
161 1637 5
161 1637 6
161 1637 7
161 1637 8
161 1637 9
161 1637 10
161 1638 1
161 1638 2
161 1638 3
161 1638 4
161 1638 5
161 1638 6
161 1638 7
161 1638 8
161 1638 9
161 1638 10
161 1639 1
161 1639 2
161 1639 3
161 1639 4
161 1639 5
161 1639 6
161 1639 7
161 1639 8
161 1639 9
161 1639 10
161 1640 1
161 1640 2
161 1640 3
161 1640 4
161 1640 5
161 1640 6
161 1640 7
161 1640 8
161 1640 9
161 1640 10
161 1641 1
161 1641 2
161 1641 3
161 1641 4
161 1641 5
161 1641 6
161 1641 7
161 1641 8
161 1641 9
161 1641 10
161 1642 1
161 1642 2
161 1642 3
161 1642 4
161 1642 5
161 1642 6
161 1642 7
161 1642 8
161 1642 9
161 1642 10
161 1643 1
161 1643 2
161 1643 3
161 1643 4
161 1643 5
161 1643 6
161 1643 7
161 1643 8
161 1643 9
161 1643 10
161 1644 1
161 1644 2
161 1644 3
161 1644 4
161 1644 5
161 1644 6
161 1644 7
161 1644 8
161 1644 9
161 1644 10
161 1645 1
161 1645 2
161 1645 3
161 1645 4
161 1645 5
161 1645 6
161 1645 7
161 1645 8
161 1645 9
161 1645 10
161 1646 1
161 1646 2
161 1646 3
161 1646 4
161 1646 5
161 1646 6
161 1646 7
161 1646 8
161 1646 9
161 1646 10
161 1647 1
161 1647 2
161 1647 3
161 1647 4
161 1647 5
161 1647 6
161 1647 7
161 1647 8
161 1647 9
161 1647 10
161 1648 1
161 1648 2
161 1648 3
161 1648 4
161 1648 5
161 1648 6
161 1648 7
161 1648 8
161 1648 9
161 1648 10
161 1649 1
161 1649 2
161 1649 3
161 1649 4
161 1649 5
161 1649 6
161 1649 7
161 1649 8
161 1649 9
161 1649 10
161 1650 1
161 1650 2
161 1650 3
161 1650 4
161 1650 5
161 1650 6
161 1650 7
161 1650 8
161 1650 9
161 1650 10
161 1651 1
161 1651 2
161 1651 3
161 1651 4
161 1651 5
161 1651 6
161 1651 7
161 1651 8
161 1651 9
161 1651 10
162 1552 1
162 1552 2
162 1552 3
162 1552 4
162 1552 5
162 1552 6
162 1552 7
162 1552 8
162 1552 9
162 1552 10
162 1553 1
162 1553 2
162 1553 3
162 1553 4
162 1553 5
162 1553 6
162 1553 7
162 1553 8
162 1553 9
162 1553 10
162 1554 1
162 1554 2
162 1554 3
162 1554 4
162 1554 5
162 1554 6
162 1554 7
162 1554 8
162 1554 9
162 1554 10
162 1555 1
162 1555 2
162 1555 3
162 1555 4
162 1555 5
162 1555 6
162 1555 7
162 1555 8
162 1555 9
162 1555 10
162 1556 1
162 1556 2
162 1556 3
162 1556 4
162 1556 5
162 1556 6
162 1556 7
162 1556 8
162 1556 9
162 1556 10
162 1557 1
162 1557 2
162 1557 3
162 1557 4
162 1557 5
162 1557 6
162 1557 7
162 1557 8
162 1557 9
162 1557 10
162 1558 1
162 1558 2
162 1558 3
162 1558 4
162 1558 5
162 1558 6
162 1558 7
162 1558 8
162 1558 9
162 1558 10
162 1559 1
162 1559 2
162 1559 3
162 1559 4
162 1559 5
162 1559 6
162 1559 7
162 1559 8
162 1559 9
162 1559 10
162 1560 1
162 1560 2
162 1560 3
162 1560 4
162 1560 5
162 1560 6
162 1560 7
162 1560 8
162 1560 9
162 1560 10
162 1561 1
162 1561 2
162 1561 3
162 1561 4
162 1561 5
162 1561 6
162 1561 7
162 1561 8
162 1561 9
162 1561 10
162 1562 1
162 1562 2
162 1562 3
162 1562 4
162 1562 5
162 1562 6
162 1562 7
162 1562 8
162 1562 9
162 1562 10
162 1563 1
162 1563 2
162 1563 3
162 1563 4
162 1563 5
162 1563 6
162 1563 7
162 1563 8
162 1563 9
162 1563 10
162 1564 1
162 1564 2
162 1564 3
162 1564 4
162 1564 5
162 1564 6
162 1564 7
162 1564 8
162 1564 9
162 1564 10
162 1565 1
162 1565 2
162 1565 3
162 1565 4
162 1565 5
162 1565 6
162 1565 7
162 1565 8
162 1565 9
162 1565 10
162 1566 1
162 1566 2
162 1566 3
162 1566 4
162 1566 5
162 1566 6
162 1566 7
162 1566 8
162 1566 9
162 1566 10
162 1567 1
162 1567 2
162 1567 3
162 1567 4
162 1567 5
162 1567 6
162 1567 7
162 1567 8
162 1567 9
162 1567 10
162 1568 1
162 1568 2
162 1568 3
162 1568 4
162 1568 5
162 1568 6
162 1568 7
162 1568 8
162 1568 9
162 1568 10
162 1569 1
162 1569 2
162 1569 3
162 1569 4
162 1569 5
162 1569 6
162 1569 7
162 1569 8
162 1569 9
162 1569 10
162 1570 1
162 1570 2
162 1570 3
162 1570 4
162 1570 5
162 1570 6
162 1570 7
162 1570 8
162 1570 9
162 1570 10
162 1571 1
162 1571 2
162 1571 3
162 1571 4
162 1571 5
162 1571 6
162 1571 7
162 1571 8
162 1571 9
162 1571 10
162 1572 1
162 1572 2
162 1572 3
162 1572 4
162 1572 5
162 1572 6
162 1572 7
162 1572 8
162 1572 9
162 1572 10
162 1573 1
162 1573 2
162 1573 3
162 1573 4
162 1573 5
162 1573 6
162 1573 7
162 1573 8
162 1573 9
162 1573 10
162 1574 1
162 1574 2
162 1574 3
162 1574 4
162 1574 5
162 1574 6
162 1574 7
162 1574 8
162 1574 9
162 1574 10
162 1575 1
162 1575 2
162 1575 3
162 1575 4
162 1575 5
162 1575 6
162 1575 7
162 1575 8
162 1575 9
162 1575 10
162 1576 1
162 1576 2
162 1576 3
162 1576 4
162 1576 5
162 1576 6
162 1576 7
162 1576 8
162 1576 9
162 1576 10
162 1577 1
162 1577 2
162 1577 3
162 1577 4
162 1577 5
162 1577 6
162 1577 7
162 1577 8
162 1577 9
162 1577 10
162 1578 1
162 1578 2
162 1578 3
162 1578 4
162 1578 5
162 1578 6
162 1578 7
162 1578 8
162 1578 9
162 1578 10
162 1579 1
162 1579 2
162 1579 3
162 1579 4
162 1579 5
162 1579 6
162 1579 7
162 1579 8
162 1579 9
162 1579 10
162 1580 1
162 1580 2
162 1580 3
162 1580 4
162 1580 5
162 1580 6
162 1580 7
162 1580 8
162 1580 9
162 1580 10
162 1581 1
162 1581 2
162 1581 3
162 1581 4
162 1581 5
162 1581 6
162 1581 7
162 1581 8
162 1581 9
162 1581 10
162 1582 1
162 1582 2
162 1582 3
162 1582 4
162 1582 5
162 1582 6
162 1582 7
162 1582 8
162 1582 9
162 1582 10
162 1583 1
162 1583 2
162 1583 3
162 1583 4
162 1583 5
162 1583 6
162 1583 7
162 1583 8
162 1583 9
162 1583 10
162 1584 1
162 1584 2
162 1584 3
162 1584 4
162 1584 5
162 1584 6
162 1584 7
162 1584 8
162 1584 9
162 1584 10
162 1585 1
162 1585 2
162 1585 3
162 1585 4
162 1585 5
162 1585 6
162 1585 7
162 1585 8
162 1585 9
162 1585 10
162 1586 1
162 1586 2
162 1586 3
162 1586 4
162 1586 5
162 1586 6
162 1586 7
162 1586 8
162 1586 9
162 1586 10
162 1587 1
162 1587 2
162 1587 3
162 1587 4
162 1587 5
162 1587 6
162 1587 7
162 1587 8
162 1587 9
162 1587 10
162 1588 1
162 1588 2
162 1588 3
162 1588 4
162 1588 5
162 1588 6
162 1588 7
162 1588 8
162 1588 9
162 1588 10
162 1589 1
162 1589 2
162 1589 3
162 1589 4
162 1589 5
162 1589 6
162 1589 7
162 1589 8
162 1589 9
162 1589 10
162 1590 1
162 1590 2
162 1590 3
162 1590 4
162 1590 5
162 1590 6
162 1590 7
162 1590 8
162 1590 9
162 1590 10
162 1591 1
162 1591 2
162 1591 3
162 1591 4
162 1591 5
162 1591 6
162 1591 7
162 1591 8
162 1591 9
162 1591 10
162 1592 1
162 1592 2
162 1592 3
162 1592 4
162 1592 5
162 1592 6
162 1592 7
162 1592 8
162 1592 9
162 1592 10
162 1593 1
162 1593 2
162 1593 3
162 1593 4
162 1593 5
162 1593 6
162 1593 7
162 1593 8
162 1593 9
162 1593 10
162 1594 1
162 1594 2
162 1594 3
162 1594 4
162 1594 5
162 1594 6
162 1594 7
162 1594 8
162 1594 9
162 1594 10
162 1595 1
162 1595 2
162 1595 3
162 1595 4
162 1595 5
162 1595 6
162 1595 7
162 1595 8
162 1595 9
162 1595 10
162 1596 1
162 1596 2
162 1596 3
162 1596 4
162 1596 5
162 1596 6
162 1596 7
162 1596 8
162 1596 9
162 1596 10
162 1597 1
162 1597 2
162 1597 3
162 1597 4
162 1597 5
162 1597 6
162 1597 7
162 1597 8
162 1597 9
162 1597 10
162 1598 1
162 1598 2
162 1598 3
162 1598 4
162 1598 5
162 1598 6
162 1598 7
162 1598 8
162 1598 9
162 1598 10
162 1599 1
162 1599 2
162 1599 3
162 1599 4
162 1599 5
162 1599 6
162 1599 7
162 1599 8
162 1599 9
162 1599 10
162 1600 1
162 1600 2
162 1600 3
162 1600 4
162 1600 5
162 1600 6
162 1600 7
162 1600 8
162 1600 9
162 1600 10
162 1601 1
162 1601 2
162 1601 3
162 1601 4
162 1601 5
162 1601 6
162 1601 7
162 1601 8
162 1601 9
162 1601 10
162 1602 1
162 1602 2
162 1602 3
162 1602 4
162 1602 5
162 1602 6
162 1602 7
162 1602 8
162 1602 9
162 1602 10
162 1603 1
162 1603 2
162 1603 3
162 1603 4
162 1603 5
162 1603 6
162 1603 7
162 1603 8
162 1603 9
162 1603 10
162 1604 1
162 1604 2
162 1604 3
162 1604 4
162 1604 5
162 1604 6
162 1604 7
162 1604 8
162 1604 9
162 1604 10
162 1605 1
162 1605 2
162 1605 3
162 1605 4
162 1605 5
162 1605 6
162 1605 7
162 1605 8
162 1605 9
162 1605 10
162 1606 1
162 1606 2
162 1606 3
162 1606 4
162 1606 5
162 1606 6
162 1606 7
162 1606 8
162 1606 9
162 1606 10
162 1607 1
162 1607 2
162 1607 3
162 1607 4
162 1607 5
162 1607 6
162 1607 7
162 1607 8
162 1607 9
162 1607 10
162 1608 1
162 1608 2
162 1608 3
162 1608 4
162 1608 5
162 1608 6
162 1608 7
162 1608 8
162 1608 9
162 1608 10
162 1609 1
162 1609 2
162 1609 3
162 1609 4
162 1609 5
162 1609 6
162 1609 7
162 1609 8
162 1609 9
162 1609 10
162 1610 1
162 1610 2
162 1610 3
162 1610 4
162 1610 5
162 1610 6
162 1610 7
162 1610 8
162 1610 9
162 1610 10
162 1611 1
162 1611 2
162 1611 3
162 1611 4
162 1611 5
162 1611 6
162 1611 7
162 1611 8
162 1611 9
162 1611 10
162 1612 1
162 1612 2
162 1612 3
162 1612 4
162 1612 5
162 1612 6
162 1612 7
162 1612 8
162 1612 9
162 1612 10
162 1613 1
162 1613 2
162 1613 3
162 1613 4
162 1613 5
162 1613 6
162 1613 7
162 1613 8
162 1613 9
162 1613 10
162 1614 1
162 1614 2
162 1614 3
162 1614 4
162 1614 5
162 1614 6
162 1614 7
162 1614 8
162 1614 9
162 1614 10
162 1615 1
162 1615 2
162 1615 3
162 1615 4
162 1615 5
162 1615 6
162 1615 7
162 1615 8
162 1615 9
162 1615 10
162 1616 1
162 1616 2
162 1616 3
162 1616 4
162 1616 5
162 1616 6
162 1616 7
162 1616 8
162 1616 9
162 1616 10
162 1617 1
162 1617 2
162 1617 3
162 1617 4
162 1617 5
162 1617 6
162 1617 7
162 1617 8
162 1617 9
162 1617 10
162 1618 1
162 1618 2
162 1618 3
162 1618 4
162 1618 5
162 1618 6
162 1618 7
162 1618 8
162 1618 9
162 1618 10
162 1619 1
162 1619 2
162 1619 3
162 1619 4
162 1619 5
162 1619 6
162 1619 7
162 1619 8
162 1619 9
162 1619 10
162 1620 1
162 1620 2
162 1620 3
162 1620 4
162 1620 5
162 1620 6
162 1620 7
162 1620 8
162 1620 9
162 1620 10
162 1621 1
162 1621 2
162 1621 3
162 1621 4
162 1621 5
162 1621 6
162 1621 7
162 1621 8
162 1621 9
162 1621 10
162 1622 1
162 1622 2
162 1622 3
162 1622 4
162 1622 5
162 1622 6
162 1622 7
162 1622 8
162 1622 9
162 1622 10
162 1623 1
162 1623 2
162 1623 3
162 1623 4
162 1623 5
162 1623 6
162 1623 7
162 1623 8
162 1623 9
162 1623 10
162 1624 1
162 1624 2
162 1624 3
162 1624 4
162 1624 5
162 1624 6
162 1624 7
162 1624 8
162 1624 9
162 1624 10
162 1625 1
162 1625 2
162 1625 3
162 1625 4
162 1625 5
162 1625 6
162 1625 7
162 1625 8
162 1625 9
162 1625 10
162 1626 1
162 1626 2
162 1626 3
162 1626 4
162 1626 5
162 1626 6
162 1626 7
162 1626 8
162 1626 9
162 1626 10
162 1627 1
162 1627 2
162 1627 3
162 1627 4
162 1627 5
162 1627 6
162 1627 7
162 1627 8
162 1627 9
162 1627 10
162 1628 1
162 1628 2
162 1628 3
162 1628 4
162 1628 5
162 1628 6
162 1628 7
162 1628 8
162 1628 9
162 1628 10
162 1629 1
162 1629 2
162 1629 3
162 1629 4
162 1629 5
162 1629 6
162 1629 7
162 1629 8
162 1629 9
162 1629 10
162 1630 1
162 1630 2
162 1630 3
162 1630 4
162 1630 5
162 1630 6
162 1630 7
162 1630 8
162 1630 9
162 1630 10
162 1631 1
162 1631 2
162 1631 3
162 1631 4
162 1631 5
162 1631 6
162 1631 7
162 1631 8
162 1631 9
162 1631 10
162 1632 1
162 1632 2
162 1632 3
162 1632 4
162 1632 5
162 1632 6
162 1632 7
162 1632 8
162 1632 9
162 1632 10
162 1633 1
162 1633 2
162 1633 3
162 1633 4
162 1633 5
162 1633 6
162 1633 7
162 1633 8
162 1633 9
162 1633 10
162 1634 1
162 1634 2
162 1634 3
162 1634 4
162 1634 5
162 1634 6
162 1634 7
162 1634 8
162 1634 9
162 1634 10
162 1635 1
162 1635 2
162 1635 3
162 1635 4
162 1635 5
162 1635 6
162 1635 7
162 1635 8
162 1635 9
162 1635 10
162 1636 1
162 1636 2
162 1636 3
162 1636 4
162 1636 5
162 1636 6
162 1636 7
162 1636 8
162 1636 9
162 1636 10
162 1637 1
162 1637 2
162 1637 3
162 1637 4
162 1637 5
162 1637 6
162 1637 7
162 1637 8
162 1637 9
162 1637 10
162 1638 1
162 1638 2
162 1638 3
162 1638 4
162 1638 5
162 1638 6
162 1638 7
162 1638 8
162 1638 9
162 1638 10
162 1639 1
162 1639 2
162 1639 3
162 1639 4
162 1639 5
162 1639 6
162 1639 7
162 1639 8
162 1639 9
162 1639 10
162 1640 1
162 1640 2
162 1640 3
162 1640 4
162 1640 5
162 1640 6
162 1640 7
162 1640 8
162 1640 9
162 1640 10
162 1641 1
162 1641 2
162 1641 3
162 1641 4
162 1641 5
162 1641 6
162 1641 7
162 1641 8
162 1641 9
162 1641 10
162 1642 1
162 1642 2
162 1642 3
162 1642 4
162 1642 5
162 1642 6
162 1642 7
162 1642 8
162 1642 9
162 1642 10
162 1643 1
162 1643 2
162 1643 3
162 1643 4
162 1643 5
162 1643 6
162 1643 7
162 1643 8
162 1643 9
162 1643 10
162 1644 1
162 1644 2
162 1644 3
162 1644 4
162 1644 5
162 1644 6
162 1644 7
162 1644 8
162 1644 9
162 1644 10
162 1645 1
162 1645 2
162 1645 3
162 1645 4
162 1645 5
162 1645 6
162 1645 7
162 1645 8
162 1645 9
162 1645 10
162 1646 1
162 1646 2
162 1646 3
162 1646 4
162 1646 5
162 1646 6
162 1646 7
162 1646 8
162 1646 9
162 1646 10
162 1647 1
162 1647 2
162 1647 3
162 1647 4
162 1647 5
162 1647 6
162 1647 7
162 1647 8
162 1647 9
162 1647 10
162 1648 1
162 1648 2
162 1648 3
162 1648 4
162 1648 5
162 1648 6
162 1648 7
162 1648 8
162 1648 9
162 1648 10
162 1649 1
162 1649 2
162 1649 3
162 1649 4
162 1649 5
162 1649 6
162 1649 7
162 1649 8
162 1649 9
162 1649 10
163 1554 1
163 1554 2
163 1554 3
163 1554 4
163 1554 5
163 1554 6
163 1554 7
163 1554 8
163 1554 9
163 1554 10
163 1555 1
163 1555 2
163 1555 3
163 1555 4
163 1555 5
163 1555 6
163 1555 7
163 1555 8
163 1555 9
163 1555 10
163 1556 1
163 1556 2
163 1556 3
163 1556 4
163 1556 5
163 1556 6
163 1556 7
163 1556 8
163 1556 9
163 1556 10
163 1557 1
163 1557 2
163 1557 3
163 1557 4
163 1557 5
163 1557 6
163 1557 7
163 1557 8
163 1557 9
163 1557 10
163 1558 1
163 1558 2
163 1558 3
163 1558 4
163 1558 5
163 1558 6
163 1558 7
163 1558 8
163 1558 9
163 1558 10
163 1559 1
163 1559 2
163 1559 3
163 1559 4
163 1559 5
163 1559 6
163 1559 7
163 1559 8
163 1559 9
163 1559 10
163 1560 1
163 1560 2
163 1560 3
163 1560 4
163 1560 5
163 1560 6
163 1560 7
163 1560 8
163 1560 9
163 1560 10
163 1561 1
163 1561 2
163 1561 3
163 1561 4
163 1561 5
163 1561 6
163 1561 7
163 1561 8
163 1561 9
163 1561 10
163 1562 1
163 1562 2
163 1562 3
163 1562 4
163 1562 5
163 1562 6
163 1562 7
163 1562 8
163 1562 9
163 1562 10
163 1563 1
163 1563 2
163 1563 3
163 1563 4
163 1563 5
163 1563 6
163 1563 7
163 1563 8
163 1563 9
163 1563 10
163 1564 1
163 1564 2
163 1564 3
163 1564 4
163 1564 5
163 1564 6
163 1564 7
163 1564 8
163 1564 9
163 1564 10
163 1565 1
163 1565 2
163 1565 3
163 1565 4
163 1565 5
163 1565 6
163 1565 7
163 1565 8
163 1565 9
163 1565 10
163 1566 1
163 1566 2
163 1566 3
163 1566 4
163 1566 5
163 1566 6
163 1566 7
163 1566 8
163 1566 9
163 1566 10
163 1567 1
163 1567 2
163 1567 3
163 1567 4
163 1567 5
163 1567 6
163 1567 7
163 1567 8
163 1567 9
163 1567 10
163 1568 1
163 1568 2
163 1568 3
163 1568 4
163 1568 5
163 1568 6
163 1568 7
163 1568 8
163 1568 9
163 1568 10
163 1569 1
163 1569 2
163 1569 3
163 1569 4
163 1569 5
163 1569 6
163 1569 7
163 1569 8
163 1569 9
163 1569 10
163 1570 1
163 1570 2
163 1570 3
163 1570 4
163 1570 5
163 1570 6
163 1570 7
163 1570 8
163 1570 9
163 1570 10
163 1571 1
163 1571 2
163 1571 3
163 1571 4
163 1571 5
163 1571 6
163 1571 7
163 1571 8
163 1571 9
163 1571 10
163 1572 1
163 1572 2
163 1572 3
163 1572 4
163 1572 5
163 1572 6
163 1572 7
163 1572 8
163 1572 9
163 1572 10
163 1573 1
163 1573 2
163 1573 3
163 1573 4
163 1573 5
163 1573 6
163 1573 7
163 1573 8
163 1573 9
163 1573 10
163 1574 1
163 1574 2
163 1574 3
163 1574 4
163 1574 5
163 1574 6
163 1574 7
163 1574 8
163 1574 9
163 1574 10
163 1575 1
163 1575 2
163 1575 3
163 1575 4
163 1575 5
163 1575 6
163 1575 7
163 1575 8
163 1575 9
163 1575 10
163 1576 1
163 1576 2
163 1576 3
163 1576 4
163 1576 5
163 1576 6
163 1576 7
163 1576 8
163 1576 9
163 1576 10
163 1577 1
163 1577 2
163 1577 3
163 1577 4
163 1577 5
163 1577 6
163 1577 7
163 1577 8
163 1577 9
163 1577 10
163 1578 1
163 1578 2
163 1578 3
163 1578 4
163 1578 5
163 1578 6
163 1578 7
163 1578 8
163 1578 9
163 1578 10
163 1579 1
163 1579 2
163 1579 3
163 1579 4
163 1579 5
163 1579 6
163 1579 7
163 1579 8
163 1579 9
163 1579 10
163 1580 1
163 1580 2
163 1580 3
163 1580 4
163 1580 5
163 1580 6
163 1580 7
163 1580 8
163 1580 9
163 1580 10
163 1581 1
163 1581 2
163 1581 3
163 1581 4
163 1581 5
163 1581 6
163 1581 7
163 1581 8
163 1581 9
163 1581 10
163 1582 1
163 1582 2
163 1582 3
163 1582 4
163 1582 5
163 1582 6
163 1582 7
163 1582 8
163 1582 9
163 1582 10
163 1583 1
163 1583 2
163 1583 3
163 1583 4
163 1583 5
163 1583 6
163 1583 7
163 1583 8
163 1583 9
163 1583 10
163 1584 1
163 1584 2
163 1584 3
163 1584 4
163 1584 5
163 1584 6
163 1584 7
163 1584 8
163 1584 9
163 1584 10
163 1585 1
163 1585 2
163 1585 3
163 1585 4
163 1585 5
163 1585 6
163 1585 7
163 1585 8
163 1585 9
163 1585 10
163 1586 1
163 1586 2
163 1586 3
163 1586 4
163 1586 5
163 1586 6
163 1586 7
163 1586 8
163 1586 9
163 1586 10
163 1587 1
163 1587 2
163 1587 3
163 1587 4
163 1587 5
163 1587 6
163 1587 7
163 1587 8
163 1587 9
163 1587 10
163 1588 1
163 1588 2
163 1588 3
163 1588 4
163 1588 5
163 1588 6
163 1588 7
163 1588 8
163 1588 9
163 1588 10
163 1589 1
163 1589 2
163 1589 3
163 1589 4
163 1589 5
163 1589 6
163 1589 7
163 1589 8
163 1589 9
163 1589 10
163 1590 1
163 1590 2
163 1590 3
163 1590 4
163 1590 5
163 1590 6
163 1590 7
163 1590 8
163 1590 9
163 1590 10
163 1591 1
163 1591 2
163 1591 3
163 1591 4
163 1591 5
163 1591 6
163 1591 7
163 1591 8
163 1591 9
163 1591 10
163 1592 1
163 1592 2
163 1592 3
163 1592 4
163 1592 5
163 1592 6
163 1592 7
163 1592 8
163 1592 9
163 1592 10
163 1593 1
163 1593 2
163 1593 3
163 1593 4
163 1593 5
163 1593 6
163 1593 7
163 1593 8
163 1593 9
163 1593 10
163 1594 1
163 1594 2
163 1594 3
163 1594 4
163 1594 5
163 1594 6
163 1594 7
163 1594 8
163 1594 9
163 1594 10
163 1595 1
163 1595 2
163 1595 3
163 1595 4
163 1595 5
163 1595 6
163 1595 7
163 1595 8
163 1595 9
163 1595 10
163 1596 1
163 1596 2
163 1596 3
163 1596 4
163 1596 5
163 1596 6
163 1596 7
163 1596 8
163 1596 9
163 1596 10
163 1597 1
163 1597 2
163 1597 3
163 1597 4
163 1597 5
163 1597 6
163 1597 7
163 1597 8
163 1597 9
163 1597 10
163 1598 1
163 1598 2
163 1598 3
163 1598 4
163 1598 5
163 1598 6
163 1598 7
163 1598 8
163 1598 9
163 1598 10
163 1599 1
163 1599 2
163 1599 3
163 1599 4
163 1599 5
163 1599 6
163 1599 7
163 1599 8
163 1599 9
163 1599 10
163 1600 1
163 1600 2
163 1600 3
163 1600 4
163 1600 5
163 1600 6
163 1600 7
163 1600 8
163 1600 9
163 1600 10
163 1601 1
163 1601 2
163 1601 3
163 1601 4
163 1601 5
163 1601 6
163 1601 7
163 1601 8
163 1601 9
163 1601 10
163 1602 1
163 1602 2
163 1602 3
163 1602 4
163 1602 5
163 1602 6
163 1602 7
163 1602 8
163 1602 9
163 1602 10
163 1603 1
163 1603 2
163 1603 3
163 1603 4
163 1603 5
163 1603 6
163 1603 7
163 1603 8
163 1603 9
163 1603 10
163 1604 1
163 1604 2
163 1604 3
163 1604 4
163 1604 5
163 1604 6
163 1604 7
163 1604 8
163 1604 9
163 1604 10
163 1605 1
163 1605 2
163 1605 3
163 1605 4
163 1605 5
163 1605 6
163 1605 7
163 1605 8
163 1605 9
163 1605 10
163 1606 1
163 1606 2
163 1606 3
163 1606 4
163 1606 5
163 1606 6
163 1606 7
163 1606 8
163 1606 9
163 1606 10
163 1607 1
163 1607 2
163 1607 3
163 1607 4
163 1607 5
163 1607 6
163 1607 7
163 1607 8
163 1607 9
163 1607 10
163 1608 1
163 1608 2
163 1608 3
163 1608 4
163 1608 5
163 1608 6
163 1608 7
163 1608 8
163 1608 9
163 1608 10
163 1609 1
163 1609 2
163 1609 3
163 1609 4
163 1609 5
163 1609 6
163 1609 7
163 1609 8
163 1609 9
163 1609 10
163 1610 1
163 1610 2
163 1610 3
163 1610 4
163 1610 5
163 1610 6
163 1610 7
163 1610 8
163 1610 9
163 1610 10
163 1611 1
163 1611 2
163 1611 3
163 1611 4
163 1611 5
163 1611 6
163 1611 7
163 1611 8
163 1611 9
163 1611 10
163 1612 1
163 1612 2
163 1612 3
163 1612 4
163 1612 5
163 1612 6
163 1612 7
163 1612 8
163 1612 9
163 1612 10
163 1613 1
163 1613 2
163 1613 3
163 1613 4
163 1613 5
163 1613 6
163 1613 7
163 1613 8
163 1613 9
163 1613 10
163 1614 1
163 1614 2
163 1614 3
163 1614 4
163 1614 5
163 1614 6
163 1614 7
163 1614 8
163 1614 9
163 1614 10
163 1615 1
163 1615 2
163 1615 3
163 1615 4
163 1615 5
163 1615 6
163 1615 7
163 1615 8
163 1615 9
163 1615 10
163 1616 1
163 1616 2
163 1616 3
163 1616 4
163 1616 5
163 1616 6
163 1616 7
163 1616 8
163 1616 9
163 1616 10
163 1617 1
163 1617 2
163 1617 3
163 1617 4
163 1617 5
163 1617 6
163 1617 7
163 1617 8
163 1617 9
163 1617 10
163 1618 1
163 1618 2
163 1618 3
163 1618 4
163 1618 5
163 1618 6
163 1618 7
163 1618 8
163 1618 9
163 1618 10
163 1619 1
163 1619 2
163 1619 3
163 1619 4
163 1619 5
163 1619 6
163 1619 7
163 1619 8
163 1619 9
163 1619 10
163 1620 1
163 1620 2
163 1620 3
163 1620 4
163 1620 5
163 1620 6
163 1620 7
163 1620 8
163 1620 9
163 1620 10
163 1621 1
163 1621 2
163 1621 3
163 1621 4
163 1621 5
163 1621 6
163 1621 7
163 1621 8
163 1621 9
163 1621 10
163 1622 1
163 1622 2
163 1622 3
163 1622 4
163 1622 5
163 1622 6
163 1622 7
163 1622 8
163 1622 9
163 1622 10
163 1623 1
163 1623 2
163 1623 3
163 1623 4
163 1623 5
163 1623 6
163 1623 7
163 1623 8
163 1623 9
163 1623 10
163 1624 1
163 1624 2
163 1624 3
163 1624 4
163 1624 5
163 1624 6
163 1624 7
163 1624 8
163 1624 9
163 1624 10
163 1625 1
163 1625 2
163 1625 3
163 1625 4
163 1625 5
163 1625 6
163 1625 7
163 1625 8
163 1625 9
163 1625 10
163 1626 1
163 1626 2
163 1626 3
163 1626 4
163 1626 5
163 1626 6
163 1626 7
163 1626 8
163 1626 9
163 1626 10
163 1627 1
163 1627 2
163 1627 3
163 1627 4
163 1627 5
163 1627 6
163 1627 7
163 1627 8
163 1627 9
163 1627 10
163 1628 1
163 1628 2
163 1628 3
163 1628 4
163 1628 5
163 1628 6
163 1628 7
163 1628 8
163 1628 9
163 1628 10
163 1629 1
163 1629 2
163 1629 3
163 1629 4
163 1629 5
163 1629 6
163 1629 7
163 1629 8
163 1629 9
163 1629 10
163 1630 1
163 1630 2
163 1630 3
163 1630 4
163 1630 5
163 1630 6
163 1630 7
163 1630 8
163 1630 9
163 1630 10
163 1631 1
163 1631 2
163 1631 3
163 1631 4
163 1631 5
163 1631 6
163 1631 7
163 1631 8
163 1631 9
163 1631 10
163 1632 1
163 1632 2
163 1632 3
163 1632 4
163 1632 5
163 1632 6
163 1632 7
163 1632 8
163 1632 9
163 1632 10
163 1633 1
163 1633 2
163 1633 3
163 1633 4
163 1633 5
163 1633 6
163 1633 7
163 1633 8
163 1633 9
163 1633 10
163 1634 1
163 1634 2
163 1634 3
163 1634 4
163 1634 5
163 1634 6
163 1634 7
163 1634 8
163 1634 9
163 1634 10
163 1635 1
163 1635 2
163 1635 3
163 1635 4
163 1635 5
163 1635 6
163 1635 7
163 1635 8
163 1635 9
163 1635 10
163 1636 1
163 1636 2
163 1636 3
163 1636 4
163 1636 5
163 1636 6
163 1636 7
163 1636 8
163 1636 9
163 1636 10
163 1637 1
163 1637 2
163 1637 3
163 1637 4
163 1637 5
163 1637 6
163 1637 7
163 1637 8
163 1637 9
163 1637 10
163 1638 1
163 1638 2
163 1638 3
163 1638 4
163 1638 5
163 1638 6
163 1638 7
163 1638 8
163 1638 9
163 1638 10
163 1639 1
163 1639 2
163 1639 3
163 1639 4
163 1639 5
163 1639 6
163 1639 7
163 1639 8
163 1639 9
163 1639 10
163 1640 1
163 1640 2
163 1640 3
163 1640 4
163 1640 5
163 1640 6
163 1640 7
163 1640 8
163 1640 9
163 1640 10
163 1641 1
163 1641 2
163 1641 3
163 1641 4
163 1641 5
163 1641 6
163 1641 7
163 1641 8
163 1641 9
163 1641 10
163 1642 1
163 1642 2
163 1642 3
163 1642 4
163 1642 5
163 1642 6
163 1642 7
163 1642 8
163 1642 9
163 1642 10
163 1643 1
163 1643 2
163 1643 3
163 1643 4
163 1643 5
163 1643 6
163 1643 7
163 1643 8
163 1643 9
163 1643 10
163 1644 1
163 1644 2
163 1644 3
163 1644 4
163 1644 5
163 1644 6
163 1644 7
163 1644 8
163 1644 9
163 1644 10
163 1645 1
163 1645 2
163 1645 3
163 1645 4
163 1645 5
163 1645 6
163 1645 7
163 1645 8
163 1645 9
163 1645 10
163 1646 1
163 1646 2
163 1646 3
163 1646 4
163 1646 5
163 1646 6
163 1646 7
163 1646 8
163 1646 9
163 1646 10
163 1647 1
163 1647 2
163 1647 3
163 1647 4
163 1647 5
163 1647 6
163 1647 7
163 1647 8
163 1647 9
163 1647 10
164 1555 1
164 1555 2
164 1555 3
164 1555 4
164 1555 5
164 1555 6
164 1555 7
164 1555 8
164 1555 9
164 1555 10
164 1556 1
164 1556 2
164 1556 3
164 1556 4
164 1556 5
164 1556 6
164 1556 7
164 1556 8
164 1556 9
164 1556 10
164 1557 1
164 1557 2
164 1557 3
164 1557 4
164 1557 5
164 1557 6
164 1557 7
164 1557 8
164 1557 9
164 1557 10
164 1558 1
164 1558 2
164 1558 3
164 1558 4
164 1558 5
164 1558 6
164 1558 7
164 1558 8
164 1558 9
164 1558 10
164 1559 1
164 1559 2
164 1559 3
164 1559 4
164 1559 5
164 1559 6
164 1559 7
164 1559 8
164 1559 9
164 1559 10
164 1560 1
164 1560 2
164 1560 3
164 1560 4
164 1560 5
164 1560 6
164 1560 7
164 1560 8
164 1560 9
164 1560 10
164 1561 1
164 1561 2
164 1561 3
164 1561 4
164 1561 5
164 1561 6
164 1561 7
164 1561 8
164 1561 9
164 1561 10
164 1562 1
164 1562 2
164 1562 3
164 1562 4
164 1562 5
164 1562 6
164 1562 7
164 1562 8
164 1562 9
164 1562 10
164 1563 1
164 1563 2
164 1563 3
164 1563 4
164 1563 5
164 1563 6
164 1563 7
164 1563 8
164 1563 9
164 1563 10
164 1564 1
164 1564 2
164 1564 3
164 1564 4
164 1564 5
164 1564 6
164 1564 7
164 1564 8
164 1564 9
164 1564 10
164 1565 1
164 1565 2
164 1565 3
164 1565 4
164 1565 5
164 1565 6
164 1565 7
164 1565 8
164 1565 9
164 1565 10
164 1566 1
164 1566 2
164 1566 3
164 1566 4
164 1566 5
164 1566 6
164 1566 7
164 1566 8
164 1566 9
164 1566 10
164 1567 1
164 1567 2
164 1567 3
164 1567 4
164 1567 5
164 1567 6
164 1567 7
164 1567 8
164 1567 9
164 1567 10
164 1568 1
164 1568 2
164 1568 3
164 1568 4
164 1568 5
164 1568 6
164 1568 7
164 1568 8
164 1568 9
164 1568 10
164 1569 1
164 1569 2
164 1569 3
164 1569 4
164 1569 5
164 1569 6
164 1569 7
164 1569 8
164 1569 9
164 1569 10
164 1570 1
164 1570 2
164 1570 3
164 1570 4
164 1570 5
164 1570 6
164 1570 7
164 1570 8
164 1570 9
164 1570 10
164 1571 1
164 1571 2
164 1571 3
164 1571 4
164 1571 5
164 1571 6
164 1571 7
164 1571 8
164 1571 9
164 1571 10
164 1572 1
164 1572 2
164 1572 3
164 1572 4
164 1572 5
164 1572 6
164 1572 7
164 1572 8
164 1572 9
164 1572 10
164 1573 1
164 1573 2
164 1573 3
164 1573 4
164 1573 5
164 1573 6
164 1573 7
164 1573 8
164 1573 9
164 1573 10
164 1574 1
164 1574 2
164 1574 3
164 1574 4
164 1574 5
164 1574 6
164 1574 7
164 1574 8
164 1574 9
164 1574 10
164 1575 1
164 1575 2
164 1575 3
164 1575 4
164 1575 5
164 1575 6
164 1575 7
164 1575 8
164 1575 9
164 1575 10
164 1576 1
164 1576 2
164 1576 3
164 1576 4
164 1576 5
164 1576 6
164 1576 7
164 1576 8
164 1576 9
164 1576 10
164 1577 1
164 1577 2
164 1577 3
164 1577 4
164 1577 5
164 1577 6
164 1577 7
164 1577 8
164 1577 9
164 1577 10
164 1578 1
164 1578 2
164 1578 3
164 1578 4
164 1578 5
164 1578 6
164 1578 7
164 1578 8
164 1578 9
164 1578 10
164 1579 1
164 1579 2
164 1579 3
164 1579 4
164 1579 5
164 1579 6
164 1579 7
164 1579 8
164 1579 9
164 1579 10
164 1580 1
164 1580 2
164 1580 3
164 1580 4
164 1580 5
164 1580 6
164 1580 7
164 1580 8
164 1580 9
164 1580 10
164 1581 1
164 1581 2
164 1581 3
164 1581 4
164 1581 5
164 1581 6
164 1581 7
164 1581 8
164 1581 9
164 1581 10
164 1582 1
164 1582 2
164 1582 3
164 1582 4
164 1582 5
164 1582 6
164 1582 7
164 1582 8
164 1582 9
164 1582 10
164 1583 1
164 1583 2
164 1583 3
164 1583 4
164 1583 5
164 1583 6
164 1583 7
164 1583 8
164 1583 9
164 1583 10
164 1584 1
164 1584 2
164 1584 3
164 1584 4
164 1584 5
164 1584 6
164 1584 7
164 1584 8
164 1584 9
164 1584 10
164 1585 1
164 1585 2
164 1585 3
164 1585 4
164 1585 5
164 1585 6
164 1585 7
164 1585 8
164 1585 9
164 1585 10
164 1586 1
164 1586 2
164 1586 3
164 1586 4
164 1586 5
164 1586 6
164 1586 7
164 1586 8
164 1586 9
164 1586 10
164 1587 1
164 1587 2
164 1587 3
164 1587 4
164 1587 5
164 1587 6
164 1587 7
164 1587 8
164 1587 9
164 1587 10
164 1588 1
164 1588 2
164 1588 3
164 1588 4
164 1588 5
164 1588 6
164 1588 7
164 1588 8
164 1588 9
164 1588 10
164 1589 1
164 1589 2
164 1589 3
164 1589 4
164 1589 5
164 1589 6
164 1589 7
164 1589 8
164 1589 9
164 1589 10
164 1590 1
164 1590 2
164 1590 3
164 1590 4
164 1590 5
164 1590 6
164 1590 7
164 1590 8
164 1590 9
164 1590 10
164 1591 1
164 1591 2
164 1591 3
164 1591 4
164 1591 5
164 1591 6
164 1591 7
164 1591 8
164 1591 9
164 1591 10
164 1592 1
164 1592 2
164 1592 3
164 1592 4
164 1592 5
164 1592 6
164 1592 7
164 1592 8
164 1592 9
164 1592 10
164 1593 1
164 1593 2
164 1593 3
164 1593 4
164 1593 5
164 1593 6
164 1593 7
164 1593 8
164 1593 9
164 1593 10
164 1594 1
164 1594 2
164 1594 3
164 1594 4
164 1594 5
164 1594 6
164 1594 7
164 1594 8
164 1594 9
164 1594 10
164 1595 1
164 1595 2
164 1595 3
164 1595 4
164 1595 5
164 1595 6
164 1595 7
164 1595 8
164 1595 9
164 1595 10
164 1596 1
164 1596 2
164 1596 3
164 1596 4
164 1596 5
164 1596 6
164 1596 7
164 1596 8
164 1596 9
164 1596 10
164 1597 1
164 1597 2
164 1597 3
164 1597 4
164 1597 5
164 1597 6
164 1597 7
164 1597 8
164 1597 9
164 1597 10
164 1598 1
164 1598 2
164 1598 3
164 1598 4
164 1598 5
164 1598 6
164 1598 7
164 1598 8
164 1598 9
164 1598 10
164 1599 1
164 1599 2
164 1599 3
164 1599 4
164 1599 5
164 1599 6
164 1599 7
164 1599 8
164 1599 9
164 1599 10
164 1600 1
164 1600 2
164 1600 3
164 1600 4
164 1600 5
164 1600 6
164 1600 7
164 1600 8
164 1600 9
164 1600 10
164 1601 1
164 1601 2
164 1601 3
164 1601 4
164 1601 5
164 1601 6
164 1601 7
164 1601 8
164 1601 9
164 1601 10
164 1602 1
164 1602 2
164 1602 3
164 1602 4
164 1602 5
164 1602 6
164 1602 7
164 1602 8
164 1602 9
164 1602 10
164 1603 1
164 1603 2
164 1603 3
164 1603 4
164 1603 5
164 1603 6
164 1603 7
164 1603 8
164 1603 9
164 1603 10
164 1604 1
164 1604 2
164 1604 3
164 1604 4
164 1604 5
164 1604 6
164 1604 7
164 1604 8
164 1604 9
164 1604 10
164 1605 1
164 1605 2
164 1605 3
164 1605 4
164 1605 5
164 1605 6
164 1605 7
164 1605 8
164 1605 9
164 1605 10
164 1606 1
164 1606 2
164 1606 3
164 1606 4
164 1606 5
164 1606 6
164 1606 7
164 1606 8
164 1606 9
164 1606 10
164 1607 1
164 1607 2
164 1607 3
164 1607 4
164 1607 5
164 1607 6
164 1607 7
164 1607 8
164 1607 9
164 1607 10
164 1608 1
164 1608 2
164 1608 3
164 1608 4
164 1608 5
164 1608 6
164 1608 7
164 1608 8
164 1608 9
164 1608 10
164 1609 1
164 1609 2
164 1609 3
164 1609 4
164 1609 5
164 1609 6
164 1609 7
164 1609 8
164 1609 9
164 1609 10
164 1610 1
164 1610 2
164 1610 3
164 1610 4
164 1610 5
164 1610 6
164 1610 7
164 1610 8
164 1610 9
164 1610 10
164 1611 1
164 1611 2
164 1611 3
164 1611 4
164 1611 5
164 1611 6
164 1611 7
164 1611 8
164 1611 9
164 1611 10
164 1612 1
164 1612 2
164 1612 3
164 1612 4
164 1612 5
164 1612 6
164 1612 7
164 1612 8
164 1612 9
164 1612 10
164 1613 1
164 1613 2
164 1613 3
164 1613 4
164 1613 5
164 1613 6
164 1613 7
164 1613 8
164 1613 9
164 1613 10
164 1614 1
164 1614 2
164 1614 3
164 1614 4
164 1614 5
164 1614 6
164 1614 7
164 1614 8
164 1614 9
164 1614 10
164 1615 1
164 1615 2
164 1615 3
164 1615 4
164 1615 5
164 1615 6
164 1615 7
164 1615 8
164 1615 9
164 1615 10
164 1616 1
164 1616 2
164 1616 3
164 1616 4
164 1616 5
164 1616 6
164 1616 7
164 1616 8
164 1616 9
164 1616 10
164 1617 1
164 1617 2
164 1617 3
164 1617 4
164 1617 5
164 1617 6
164 1617 7
164 1617 8
164 1617 9
164 1617 10
164 1618 1
164 1618 2
164 1618 3
164 1618 4
164 1618 5
164 1618 6
164 1618 7
164 1618 8
164 1618 9
164 1618 10
164 1619 1
164 1619 2
164 1619 3
164 1619 4
164 1619 5
164 1619 6
164 1619 7
164 1619 8
164 1619 9
164 1619 10
164 1620 1
164 1620 2
164 1620 3
164 1620 4
164 1620 5
164 1620 6
164 1620 7
164 1620 8
164 1620 9
164 1620 10
164 1621 1
164 1621 2
164 1621 3
164 1621 4
164 1621 5
164 1621 6
164 1621 7
164 1621 8
164 1621 9
164 1621 10
164 1622 1
164 1622 2
164 1622 3
164 1622 4
164 1622 5
164 1622 6
164 1622 7
164 1622 8
164 1622 9
164 1622 10
164 1623 1
164 1623 2
164 1623 3
164 1623 4
164 1623 5
164 1623 6
164 1623 7
164 1623 8
164 1623 9
164 1623 10
164 1624 1
164 1624 2
164 1624 3
164 1624 4
164 1624 5
164 1624 6
164 1624 7
164 1624 8
164 1624 9
164 1624 10
164 1625 1
164 1625 2
164 1625 3
164 1625 4
164 1625 5
164 1625 6
164 1625 7
164 1625 8
164 1625 9
164 1625 10
164 1626 1
164 1626 2
164 1626 3
164 1626 4
164 1626 5
164 1626 6
164 1626 7
164 1626 8
164 1626 9
164 1626 10
164 1627 1
164 1627 2
164 1627 3
164 1627 4
164 1627 5
164 1627 6
164 1627 7
164 1627 8
164 1627 9
164 1627 10
164 1628 1
164 1628 2
164 1628 3
164 1628 4
164 1628 5
164 1628 6
164 1628 7
164 1628 8
164 1628 9
164 1628 10
164 1629 1
164 1629 2
164 1629 3
164 1629 4
164 1629 5
164 1629 6
164 1629 7
164 1629 8
164 1629 9
164 1629 10
164 1630 1
164 1630 2
164 1630 3
164 1630 4
164 1630 5
164 1630 6
164 1630 7
164 1630 8
164 1630 9
164 1630 10
164 1631 1
164 1631 2
164 1631 3
164 1631 4
164 1631 5
164 1631 6
164 1631 7
164 1631 8
164 1631 9
164 1631 10
164 1632 1
164 1632 2
164 1632 3
164 1632 4
164 1632 5
164 1632 6
164 1632 7
164 1632 8
164 1632 9
164 1632 10
164 1633 1
164 1633 2
164 1633 3
164 1633 4
164 1633 5
164 1633 6
164 1633 7
164 1633 8
164 1633 9
164 1633 10
164 1634 1
164 1634 2
164 1634 3
164 1634 4
164 1634 5
164 1634 6
164 1634 7
164 1634 8
164 1634 9
164 1634 10
164 1635 1
164 1635 2
164 1635 3
164 1635 4
164 1635 5
164 1635 6
164 1635 7
164 1635 8
164 1635 9
164 1635 10
164 1636 1
164 1636 2
164 1636 3
164 1636 4
164 1636 5
164 1636 6
164 1636 7
164 1636 8
164 1636 9
164 1636 10
164 1637 1
164 1637 2
164 1637 3
164 1637 4
164 1637 5
164 1637 6
164 1637 7
164 1637 8
164 1637 9
164 1637 10
164 1638 1
164 1638 2
164 1638 3
164 1638 4
164 1638 5
164 1638 6
164 1638 7
164 1638 8
164 1638 9
164 1638 10
164 1639 1
164 1639 2
164 1639 3
164 1639 4
164 1639 5
164 1639 6
164 1639 7
164 1639 8
164 1639 9
164 1639 10
164 1640 1
164 1640 2
164 1640 3
164 1640 4
164 1640 5
164 1640 6
164 1640 7
164 1640 8
164 1640 9
164 1640 10
164 1641 1
164 1641 2
164 1641 3
164 1641 4
164 1641 5
164 1641 6
164 1641 7
164 1641 8
164 1641 9
164 1641 10
164 1642 1
164 1642 2
164 1642 3
164 1642 4
164 1642 5
164 1642 6
164 1642 7
164 1642 8
164 1642 9
164 1642 10
164 1643 1
164 1643 2
164 1643 3
164 1643 4
164 1643 5
164 1643 6
164 1643 7
164 1643 8
164 1643 9
164 1643 10
164 1644 1
164 1644 2
164 1644 3
164 1644 4
164 1644 5
164 1644 6
164 1644 7
164 1644 8
164 1644 9
164 1644 10
164 1645 1
164 1645 2
164 1645 3
164 1645 4
164 1645 5
164 1645 6
164 1645 7
164 1645 8
164 1645 9
164 1645 10
164 1646 1
164 1646 2
164 1646 3
164 1646 4
164 1646 5
164 1646 6
164 1646 7
164 1646 8
164 1646 9
164 1646 10
