7920
1563 155 11
1563 155 12
1563 155 13
1563 155 14
1563 155 15
1563 155 16
1563 155 17
1563 155 18
1563 155 19
1563 156 11
1563 156 12
1563 156 13
1563 156 14
1563 156 15
1563 156 16
1563 156 17
1563 156 18
1563 156 19
1563 157 11
1563 157 12
1563 157 13
1563 157 14
1563 157 15
1563 157 16
1563 157 17
1563 157 18
1563 157 19
1563 158 11
1563 158 12
1563 158 13
1563 158 14
1563 158 15
1563 158 16
1563 158 17
1563 158 18
1563 158 19
1563 159 11
1563 159 12
1563 159 13
1563 159 14
1563 159 15
1563 159 16
1563 159 17
1563 159 18
1563 159 19
1563 160 11
1563 160 12
1563 160 13
1563 160 14
1563 160 15
1563 160 16
1563 160 17
1563 160 18
1563 160 19
1563 161 11
1563 161 12
1563 161 13
1563 161 14
1563 161 15
1563 161 16
1563 161 17
1563 161 18
1563 161 19
1563 162 11
1563 162 12
1563 162 13
1563 162 14
1563 162 15
1563 162 16
1563 162 17
1563 162 18
1563 162 19
1563 163 11
1563 163 12
1563 163 13
1563 163 14
1563 163 15
1563 163 16
1563 163 17
1563 163 18
1563 163 19
1563 164 11
1563 164 12
1563 164 13
1563 164 14
1563 164 15
1563 164 16
1563 164 17
1563 164 18
1563 164 19
1563 165 11
1563 165 12
1563 165 13
1563 165 14
1563 165 15
1563 165 16
1563 165 17
1563 165 18
1563 165 19
1563 166 11
1563 166 12
1563 166 13
1563 166 14
1563 166 15
1563 166 16
1563 166 17
1563 166 18
1563 166 19
1564 155 11
1564 155 12
1564 155 13
1564 155 14
1564 155 15
1564 155 16
1564 155 17
1564 155 18
1564 155 19
1564 156 11
1564 156 12
1564 156 13
1564 156 14
1564 156 15
1564 156 16
1564 156 17
1564 156 18
1564 156 19
1564 157 11
1564 157 12
1564 157 13
1564 157 14
1564 157 15
1564 157 16
1564 157 17
1564 157 18
1564 157 19
1564 158 11
1564 158 12
1564 158 13
1564 158 14
1564 158 15
1564 158 16
1564 158 17
1564 158 18
1564 158 19
1564 159 11
1564 159 12
1564 159 13
1564 159 14
1564 159 15
1564 159 16
1564 159 17
1564 159 18
1564 159 19
1564 160 11
1564 160 12
1564 160 13
1564 160 14
1564 160 15
1564 160 16
1564 160 17
1564 160 18
1564 160 19
1564 161 11
1564 161 12
1564 161 13
1564 161 14
1564 161 15
1564 161 16
1564 161 17
1564 161 18
1564 161 19
1564 162 11
1564 162 12
1564 162 13
1564 162 14
1564 162 15
1564 162 16
1564 162 17
1564 162 18
1564 162 19
1564 163 11
1564 163 12
1564 163 13
1564 163 14
1564 163 15
1564 163 16
1564 163 17
1564 163 18
1564 163 19
1564 164 11
1564 164 12
1564 164 13
1564 164 14
1564 164 15
1564 164 16
1564 164 17
1564 164 18
1564 164 19
1564 165 11
1564 165 12
1564 165 13
1564 165 14
1564 165 15
1564 165 16
1564 165 17
1564 165 18
1564 165 19
1564 166 11
1564 166 12
1564 166 13
1564 166 14
1564 166 15
1564 166 16
1564 166 17
1564 166 18
1564 166 19
1565 155 11
1565 155 12
1565 155 13
1565 155 14
1565 155 15
1565 155 16
1565 155 17
1565 155 18
1565 155 19
1565 156 11
1565 156 12
1565 156 13
1565 156 14
1565 156 15
1565 156 16
1565 156 17
1565 156 18
1565 156 19
1565 157 11
1565 157 12
1565 157 13
1565 157 14
1565 157 15
1565 157 16
1565 157 17
1565 157 18
1565 157 19
1565 158 11
1565 158 12
1565 158 13
1565 158 14
1565 158 15
1565 158 16
1565 158 17
1565 158 18
1565 158 19
1565 159 11
1565 159 12
1565 159 13
1565 159 14
1565 159 15
1565 159 16
1565 159 17
1565 159 18
1565 159 19
1565 160 11
1565 160 12
1565 160 13
1565 160 14
1565 160 15
1565 160 16
1565 160 17
1565 160 18
1565 160 19
1565 161 11
1565 161 12
1565 161 13
1565 161 14
1565 161 15
1565 161 16
1565 161 17
1565 161 18
1565 161 19
1565 162 11
1565 162 12
1565 162 13
1565 162 14
1565 162 15
1565 162 16
1565 162 17
1565 162 18
1565 162 19
1565 163 11
1565 163 12
1565 163 13
1565 163 14
1565 163 15
1565 163 16
1565 163 17
1565 163 18
1565 163 19
1565 164 11
1565 164 12
1565 164 13
1565 164 14
1565 164 15
1565 164 16
1565 164 17
1565 164 18
1565 164 19
1565 165 11
1565 165 12
1565 165 13
1565 165 14
1565 165 15
1565 165 16
1565 165 17
1565 165 18
1565 165 19
1565 166 11
1565 166 12
1565 166 13
1565 166 14
1565 166 15
1565 166 16
1565 166 17
1565 166 18
1565 166 19
1566 155 11
1566 155 12
1566 155 13
1566 155 14
1566 155 15
1566 155 16
1566 155 17
1566 155 18
1566 155 19
1566 156 11
1566 156 12
1566 156 13
1566 156 14
1566 156 15
1566 156 16
1566 156 17
1566 156 18
1566 156 19
1566 157 11
1566 157 12
1566 157 13
1566 157 14
1566 157 15
1566 157 16
1566 157 17
1566 157 18
1566 157 19
1566 158 11
1566 158 12
1566 158 13
1566 158 14
1566 158 15
1566 158 16
1566 158 17
1566 158 18
1566 158 19
1566 159 11
1566 159 12
1566 159 13
1566 159 14
1566 159 15
1566 159 16
1566 159 17
1566 159 18
1566 159 19
1566 160 11
1566 160 12
1566 160 13
1566 160 14
1566 160 15
1566 160 16
1566 160 17
1566 160 18
1566 160 19
1566 161 11
1566 161 12
1566 161 13
1566 161 14
1566 161 15
1566 161 16
1566 161 17
1566 161 18
1566 161 19
1566 162 11
1566 162 12
1566 162 13
1566 162 14
1566 162 15
1566 162 16
1566 162 17
1566 162 18
1566 162 19
1566 163 11
1566 163 12
1566 163 13
1566 163 14
1566 163 15
1566 163 16
1566 163 17
1566 163 18
1566 163 19
1566 164 11
1566 164 12
1566 164 13
1566 164 14
1566 164 15
1566 164 16
1566 164 17
1566 164 18
1566 164 19
1566 165 11
1566 165 12
1566 165 13
1566 165 14
1566 165 15
1566 165 16
1566 165 17
1566 165 18
1566 165 19
1566 166 11
1566 166 12
1566 166 13
1566 166 14
1566 166 15
1566 166 16
1566 166 17
1566 166 18
1566 166 19
1567 155 11
1567 155 12
1567 155 13
1567 155 14
1567 155 15
1567 155 16
1567 155 17
1567 155 18
1567 155 19
1567 156 11
1567 156 12
1567 156 13
1567 156 14
1567 156 15
1567 156 16
1567 156 17
1567 156 18
1567 156 19
1567 157 11
1567 157 12
1567 157 13
1567 157 14
1567 157 15
1567 157 16
1567 157 17
1567 157 18
1567 157 19
1567 158 11
1567 158 12
1567 158 13
1567 158 14
1567 158 15
1567 158 16
1567 158 17
1567 158 18
1567 158 19
1567 159 11
1567 159 12
1567 159 13
1567 159 14
1567 159 15
1567 159 16
1567 159 17
1567 159 18
1567 159 19
1567 160 11
1567 160 12
1567 160 13
1567 160 14
1567 160 15
1567 160 16
1567 160 17
1567 160 18
1567 160 19
1567 161 11
1567 161 12
1567 161 13
1567 161 14
1567 161 15
1567 161 16
1567 161 17
1567 161 18
1567 161 19
1567 162 11
1567 162 12
1567 162 13
1567 162 14
1567 162 15
1567 162 16
1567 162 17
1567 162 18
1567 162 19
1567 163 11
1567 163 12
1567 163 13
1567 163 14
1567 163 15
1567 163 16
1567 163 17
1567 163 18
1567 163 19
1567 164 11
1567 164 12
1567 164 13
1567 164 14
1567 164 15
1567 164 16
1567 164 17
1567 164 18
1567 164 19
1567 165 11
1567 165 12
1567 165 13
1567 165 14
1567 165 15
1567 165 16
1567 165 17
1567 165 18
1567 165 19
1567 166 11
1567 166 12
1567 166 13
1567 166 14
1567 166 15
1567 166 16
1567 166 17
1567 166 18
1567 166 19
1568 155 11
1568 155 12
1568 155 13
1568 155 14
1568 155 15
1568 155 16
1568 155 17
1568 155 18
1568 155 19
1568 156 11
1568 156 12
1568 156 13
1568 156 14
1568 156 15
1568 156 16
1568 156 17
1568 156 18
1568 156 19
1568 157 11
1568 157 12
1568 157 13
1568 157 14
1568 157 15
1568 157 16
1568 157 17
1568 157 18
1568 157 19
1568 158 11
1568 158 12
1568 158 13
1568 158 14
1568 158 15
1568 158 16
1568 158 17
1568 158 18
1568 158 19
1568 159 11
1568 159 12
1568 159 13
1568 159 14
1568 159 15
1568 159 16
1568 159 17
1568 159 18
1568 159 19
1568 160 11
1568 160 12
1568 160 13
1568 160 14
1568 160 15
1568 160 16
1568 160 17
1568 160 18
1568 160 19
1568 161 11
1568 161 12
1568 161 13
1568 161 14
1568 161 15
1568 161 16
1568 161 17
1568 161 18
1568 161 19
1568 162 11
1568 162 12
1568 162 13
1568 162 14
1568 162 15
1568 162 16
1568 162 17
1568 162 18
1568 162 19
1568 163 11
1568 163 12
1568 163 13
1568 163 14
1568 163 15
1568 163 16
1568 163 17
1568 163 18
1568 163 19
1568 164 11
1568 164 12
1568 164 13
1568 164 14
1568 164 15
1568 164 16
1568 164 17
1568 164 18
1568 164 19
1568 165 11
1568 165 12
1568 165 13
1568 165 14
1568 165 15
1568 165 16
1568 165 17
1568 165 18
1568 165 19
1568 166 11
1568 166 12
1568 166 13
1568 166 14
1568 166 15
1568 166 16
1568 166 17
1568 166 18
1568 166 19
1569 155 11
1569 155 12
1569 155 13
1569 155 14
1569 155 15
1569 155 16
1569 155 17
1569 155 18
1569 155 19
1569 156 11
1569 156 12
1569 156 13
1569 156 14
1569 156 15
1569 156 16
1569 156 17
1569 156 18
1569 156 19
1569 157 11
1569 157 12
1569 157 13
1569 157 14
1569 157 15
1569 157 16
1569 157 17
1569 157 18
1569 157 19
1569 158 11
1569 158 12
1569 158 13
1569 158 14
1569 158 15
1569 158 16
1569 158 17
1569 158 18
1569 158 19
1569 159 11
1569 159 12
1569 159 13
1569 159 14
1569 159 15
1569 159 16
1569 159 17
1569 159 18
1569 159 19
1569 160 11
1569 160 12
1569 160 13
1569 160 14
1569 160 15
1569 160 16
1569 160 17
1569 160 18
1569 160 19
1569 161 11
1569 161 12
1569 161 13
1569 161 14
1569 161 15
1569 161 16
1569 161 17
1569 161 18
1569 161 19
1569 162 11
1569 162 12
1569 162 13
1569 162 14
1569 162 15
1569 162 16
1569 162 17
1569 162 18
1569 162 19
1569 163 11
1569 163 12
1569 163 13
1569 163 14
1569 163 15
1569 163 16
1569 163 17
1569 163 18
1569 163 19
1569 164 11
1569 164 12
1569 164 13
1569 164 14
1569 164 15
1569 164 16
1569 164 17
1569 164 18
1569 164 19
1569 165 11
1569 165 12
1569 165 13
1569 165 14
1569 165 15
1569 165 16
1569 165 17
1569 165 18
1569 165 19
1569 166 11
1569 166 12
1569 166 13
1569 166 14
1569 166 15
1569 166 16
1569 166 17
1569 166 18
1569 166 19
1570 155 11
1570 155 12
1570 155 13
1570 155 14
1570 155 15
1570 155 16
1570 155 17
1570 155 18
1570 155 19
1570 156 11
1570 156 12
1570 156 13
1570 156 14
1570 156 15
1570 156 16
1570 156 17
1570 156 18
1570 156 19
1570 157 11
1570 157 12
1570 157 13
1570 157 14
1570 157 15
1570 157 16
1570 157 17
1570 157 18
1570 157 19
1570 158 11
1570 158 12
1570 158 13
1570 158 14
1570 158 15
1570 158 16
1570 158 17
1570 158 18
1570 158 19
1570 159 11
1570 159 12
1570 159 13
1570 159 14
1570 159 15
1570 159 16
1570 159 17
1570 159 18
1570 159 19
1570 160 11
1570 160 12
1570 160 13
1570 160 14
1570 160 15
1570 160 16
1570 160 17
1570 160 18
1570 160 19
1570 161 11
1570 161 12
1570 161 13
1570 161 14
1570 161 15
1570 161 16
1570 161 17
1570 161 18
1570 161 19
1570 162 11
1570 162 12
1570 162 13
1570 162 14
1570 162 15
1570 162 16
1570 162 17
1570 162 18
1570 162 19
1570 163 11
1570 163 12
1570 163 13
1570 163 14
1570 163 15
1570 163 16
1570 163 17
1570 163 18
1570 163 19
1570 164 11
1570 164 12
1570 164 13
1570 164 14
1570 164 15
1570 164 16
1570 164 17
1570 164 18
1570 164 19
1570 165 11
1570 165 12
1570 165 13
1570 165 14
1570 165 15
1570 165 16
1570 165 17
1570 165 18
1570 165 19
1570 166 11
1570 166 12
1570 166 13
1570 166 14
1570 166 15
1570 166 16
1570 166 17
1570 166 18
1570 166 19
1571 155 11
1571 155 12
1571 155 13
1571 155 14
1571 155 15
1571 155 16
1571 155 17
1571 155 18
1571 155 19
1571 156 11
1571 156 12
1571 156 13
1571 156 14
1571 156 15
1571 156 16
1571 156 17
1571 156 18
1571 156 19
1571 157 11
1571 157 12
1571 157 13
1571 157 14
1571 157 15
1571 157 16
1571 157 17
1571 157 18
1571 157 19
1571 158 11
1571 158 12
1571 158 13
1571 158 14
1571 158 15
1571 158 16
1571 158 17
1571 158 18
1571 158 19
1571 159 11
1571 159 12
1571 159 13
1571 159 14
1571 159 15
1571 159 16
1571 159 17
1571 159 18
1571 159 19
1571 160 11
1571 160 12
1571 160 13
1571 160 14
1571 160 15
1571 160 16
1571 160 17
1571 160 18
1571 160 19
1571 161 11
1571 161 12
1571 161 13
1571 161 14
1571 161 15
1571 161 16
1571 161 17
1571 161 18
1571 161 19
1571 162 11
1571 162 12
1571 162 13
1571 162 14
1571 162 15
1571 162 16
1571 162 17
1571 162 18
1571 162 19
1571 163 11
1571 163 12
1571 163 13
1571 163 14
1571 163 15
1571 163 16
1571 163 17
1571 163 18
1571 163 19
1571 164 11
1571 164 12
1571 164 13
1571 164 14
1571 164 15
1571 164 16
1571 164 17
1571 164 18
1571 164 19
1571 165 11
1571 165 12
1571 165 13
1571 165 14
1571 165 15
1571 165 16
1571 165 17
1571 165 18
1571 165 19
1571 166 11
1571 166 12
1571 166 13
1571 166 14
1571 166 15
1571 166 16
1571 166 17
1571 166 18
1571 166 19
1572 155 11
1572 155 12
1572 155 13
1572 155 14
1572 155 15
1572 155 16
1572 155 17
1572 155 18
1572 155 19
1572 156 11
1572 156 12
1572 156 13
1572 156 14
1572 156 15
1572 156 16
1572 156 17
1572 156 18
1572 156 19
1572 157 11
1572 157 12
1572 157 13
1572 157 14
1572 157 15
1572 157 16
1572 157 17
1572 157 18
1572 157 19
1572 158 11
1572 158 12
1572 158 13
1572 158 14
1572 158 15
1572 158 16
1572 158 17
1572 158 18
1572 158 19
1572 159 11
1572 159 12
1572 159 13
1572 159 14
1572 159 15
1572 159 16
1572 159 17
1572 159 18
1572 159 19
1572 160 11
1572 160 12
1572 160 13
1572 160 14
1572 160 15
1572 160 16
1572 160 17
1572 160 18
1572 160 19
1572 161 11
1572 161 12
1572 161 13
1572 161 14
1572 161 15
1572 161 16
1572 161 17
1572 161 18
1572 161 19
1572 162 11
1572 162 12
1572 162 13
1572 162 14
1572 162 15
1572 162 16
1572 162 17
1572 162 18
1572 162 19
1572 163 11
1572 163 12
1572 163 13
1572 163 14
1572 163 15
1572 163 16
1572 163 17
1572 163 18
1572 163 19
1572 164 11
1572 164 12
1572 164 13
1572 164 14
1572 164 15
1572 164 16
1572 164 17
1572 164 18
1572 164 19
1572 165 11
1572 165 12
1572 165 13
1572 165 14
1572 165 15
1572 165 16
1572 165 17
1572 165 18
1572 165 19
1572 166 11
1572 166 12
1572 166 13
1572 166 14
1572 166 15
1572 166 16
1572 166 17
1572 166 18
1572 166 19
1573 155 11
1573 155 12
1573 155 13
1573 155 14
1573 155 15
1573 155 16
1573 155 17
1573 155 18
1573 155 19
1573 156 11
1573 156 12
1573 156 13
1573 156 14
1573 156 15
1573 156 16
1573 156 17
1573 156 18
1573 156 19
1573 157 11
1573 157 12
1573 157 13
1573 157 14
1573 157 15
1573 157 16
1573 157 17
1573 157 18
1573 157 19
1573 158 11
1573 158 12
1573 158 13
1573 158 14
1573 158 15
1573 158 16
1573 158 17
1573 158 18
1573 158 19
1573 159 11
1573 159 12
1573 159 13
1573 159 14
1573 159 15
1573 159 16
1573 159 17
1573 159 18
1573 159 19
1573 160 11
1573 160 12
1573 160 13
1573 160 14
1573 160 15
1573 160 16
1573 160 17
1573 160 18
1573 160 19
1573 161 11
1573 161 12
1573 161 13
1573 161 14
1573 161 15
1573 161 16
1573 161 17
1573 161 18
1573 161 19
1573 162 11
1573 162 12
1573 162 13
1573 162 14
1573 162 15
1573 162 16
1573 162 17
1573 162 18
1573 162 19
1573 163 11
1573 163 12
1573 163 13
1573 163 14
1573 163 15
1573 163 16
1573 163 17
1573 163 18
1573 163 19
1573 164 11
1573 164 12
1573 164 13
1573 164 14
1573 164 15
1573 164 16
1573 164 17
1573 164 18
1573 164 19
1573 165 11
1573 165 12
1573 165 13
1573 165 14
1573 165 15
1573 165 16
1573 165 17
1573 165 18
1573 165 19
1573 166 11
1573 166 12
1573 166 13
1573 166 14
1573 166 15
1573 166 16
1573 166 17
1573 166 18
1573 166 19
1574 155 11
1574 155 12
1574 155 13
1574 155 14
1574 155 15
1574 155 16
1574 155 17
1574 155 18
1574 155 19
1574 156 11
1574 156 12
1574 156 13
1574 156 14
1574 156 15
1574 156 16
1574 156 17
1574 156 18
1574 156 19
1574 157 11
1574 157 12
1574 157 13
1574 157 14
1574 157 15
1574 157 16
1574 157 17
1574 157 18
1574 157 19
1574 158 11
1574 158 12
1574 158 13
1574 158 14
1574 158 15
1574 158 16
1574 158 17
1574 158 18
1574 158 19
1574 159 11
1574 159 12
1574 159 13
1574 159 14
1574 159 15
1574 159 16
1574 159 17
1574 159 18
1574 159 19
1574 160 11
1574 160 12
1574 160 13
1574 160 14
1574 160 15
1574 160 16
1574 160 17
1574 160 18
1574 160 19
1574 161 11
1574 161 12
1574 161 13
1574 161 14
1574 161 15
1574 161 16
1574 161 17
1574 161 18
1574 161 19
1574 162 11
1574 162 12
1574 162 13
1574 162 14
1574 162 15
1574 162 16
1574 162 17
1574 162 18
1574 162 19
1574 163 11
1574 163 12
1574 163 13
1574 163 14
1574 163 15
1574 163 16
1574 163 17
1574 163 18
1574 163 19
1574 164 11
1574 164 12
1574 164 13
1574 164 14
1574 164 15
1574 164 16
1574 164 17
1574 164 18
1574 164 19
1574 165 11
1574 165 12
1574 165 13
1574 165 14
1574 165 15
1574 165 16
1574 165 17
1574 165 18
1574 165 19
1574 166 11
1574 166 12
1574 166 13
1574 166 14
1574 166 15
1574 166 16
1574 166 17
1574 166 18
1574 166 19
1575 155 11
1575 155 12
1575 155 13
1575 155 14
1575 155 15
1575 155 16
1575 155 17
1575 155 18
1575 155 19
1575 156 11
1575 156 12
1575 156 13
1575 156 14
1575 156 15
1575 156 16
1575 156 17
1575 156 18
1575 156 19
1575 157 11
1575 157 12
1575 157 13
1575 157 14
1575 157 15
1575 157 16
1575 157 17
1575 157 18
1575 157 19
1575 158 11
1575 158 12
1575 158 13
1575 158 14
1575 158 15
1575 158 16
1575 158 17
1575 158 18
1575 158 19
1575 159 11
1575 159 12
1575 159 13
1575 159 14
1575 159 15
1575 159 16
1575 159 17
1575 159 18
1575 159 19
1575 160 11
1575 160 12
1575 160 13
1575 160 14
1575 160 15
1575 160 16
1575 160 17
1575 160 18
1575 160 19
1575 161 11
1575 161 12
1575 161 13
1575 161 14
1575 161 15
1575 161 16
1575 161 17
1575 161 18
1575 161 19
1575 162 11
1575 162 12
1575 162 13
1575 162 14
1575 162 15
1575 162 16
1575 162 17
1575 162 18
1575 162 19
1575 163 11
1575 163 12
1575 163 13
1575 163 14
1575 163 15
1575 163 16
1575 163 17
1575 163 18
1575 163 19
1575 164 11
1575 164 12
1575 164 13
1575 164 14
1575 164 15
1575 164 16
1575 164 17
1575 164 18
1575 164 19
1575 165 11
1575 165 12
1575 165 13
1575 165 14
1575 165 15
1575 165 16
1575 165 17
1575 165 18
1575 165 19
1575 166 11
1575 166 12
1575 166 13
1575 166 14
1575 166 15
1575 166 16
1575 166 17
1575 166 18
1575 166 19
1576 155 11
1576 155 12
1576 155 13
1576 155 14
1576 155 15
1576 155 16
1576 155 17
1576 155 18
1576 155 19
1576 156 11
1576 156 12
1576 156 13
1576 156 14
1576 156 15
1576 156 16
1576 156 17
1576 156 18
1576 156 19
1576 157 11
1576 157 12
1576 157 13
1576 157 14
1576 157 15
1576 157 16
1576 157 17
1576 157 18
1576 157 19
1576 158 11
1576 158 12
1576 158 13
1576 158 14
1576 158 15
1576 158 16
1576 158 17
1576 158 18
1576 158 19
1576 159 11
1576 159 12
1576 159 13
1576 159 14
1576 159 15
1576 159 16
1576 159 17
1576 159 18
1576 159 19
1576 160 11
1576 160 12
1576 160 13
1576 160 14
1576 160 15
1576 160 16
1576 160 17
1576 160 18
1576 160 19
1576 161 11
1576 161 12
1576 161 13
1576 161 14
1576 161 15
1576 161 16
1576 161 17
1576 161 18
1576 161 19
1576 162 11
1576 162 12
1576 162 13
1576 162 14
1576 162 15
1576 162 16
1576 162 17
1576 162 18
1576 162 19
1576 163 11
1576 163 12
1576 163 13
1576 163 14
1576 163 15
1576 163 16
1576 163 17
1576 163 18
1576 163 19
1576 164 11
1576 164 12
1576 164 13
1576 164 14
1576 164 15
1576 164 16
1576 164 17
1576 164 18
1576 164 19
1576 165 11
1576 165 12
1576 165 13
1576 165 14
1576 165 15
1576 165 16
1576 165 17
1576 165 18
1576 165 19
1576 166 11
1576 166 12
1576 166 13
1576 166 14
1576 166 15
1576 166 16
1576 166 17
1576 166 18
1576 166 19
1577 155 11
1577 155 12
1577 155 13
1577 155 14
1577 155 15
1577 155 16
1577 155 17
1577 155 18
1577 155 19
1577 156 11
1577 156 12
1577 156 13
1577 156 14
1577 156 15
1577 156 16
1577 156 17
1577 156 18
1577 156 19
1577 157 11
1577 157 12
1577 157 13
1577 157 14
1577 157 15
1577 157 16
1577 157 17
1577 157 18
1577 157 19
1577 158 11
1577 158 12
1577 158 13
1577 158 14
1577 158 15
1577 158 16
1577 158 17
1577 158 18
1577 158 19
1577 159 11
1577 159 12
1577 159 13
1577 159 14
1577 159 15
1577 159 16
1577 159 17
1577 159 18
1577 159 19
1577 160 11
1577 160 12
1577 160 13
1577 160 14
1577 160 15
1577 160 16
1577 160 17
1577 160 18
1577 160 19
1577 161 11
1577 161 12
1577 161 13
1577 161 14
1577 161 15
1577 161 16
1577 161 17
1577 161 18
1577 161 19
1577 162 11
1577 162 12
1577 162 13
1577 162 14
1577 162 15
1577 162 16
1577 162 17
1577 162 18
1577 162 19
1577 163 11
1577 163 12
1577 163 13
1577 163 14
1577 163 15
1577 163 16
1577 163 17
1577 163 18
1577 163 19
1577 164 11
1577 164 12
1577 164 13
1577 164 14
1577 164 15
1577 164 16
1577 164 17
1577 164 18
1577 164 19
1577 165 11
1577 165 12
1577 165 13
1577 165 14
1577 165 15
1577 165 16
1577 165 17
1577 165 18
1577 165 19
1577 166 11
1577 166 12
1577 166 13
1577 166 14
1577 166 15
1577 166 16
1577 166 17
1577 166 18
1577 166 19
1578 155 11
1578 155 12
1578 155 13
1578 155 14
1578 155 15
1578 155 16
1578 155 17
1578 155 18
1578 155 19
1578 156 11
1578 156 12
1578 156 13
1578 156 14
1578 156 15
1578 156 16
1578 156 17
1578 156 18
1578 156 19
1578 157 11
1578 157 12
1578 157 13
1578 157 14
1578 157 15
1578 157 16
1578 157 17
1578 157 18
1578 157 19
1578 158 11
1578 158 12
1578 158 13
1578 158 14
1578 158 15
1578 158 16
1578 158 17
1578 158 18
1578 158 19
1578 159 11
1578 159 12
1578 159 13
1578 159 14
1578 159 15
1578 159 16
1578 159 17
1578 159 18
1578 159 19
1578 160 11
1578 160 12
1578 160 13
1578 160 14
1578 160 15
1578 160 16
1578 160 17
1578 160 18
1578 160 19
1578 161 11
1578 161 12
1578 161 13
1578 161 14
1578 161 15
1578 161 16
1578 161 17
1578 161 18
1578 161 19
1578 162 11
1578 162 12
1578 162 13
1578 162 14
1578 162 15
1578 162 16
1578 162 17
1578 162 18
1578 162 19
1578 163 11
1578 163 12
1578 163 13
1578 163 14
1578 163 15
1578 163 16
1578 163 17
1578 163 18
1578 163 19
1578 164 11
1578 164 12
1578 164 13
1578 164 14
1578 164 15
1578 164 16
1578 164 17
1578 164 18
1578 164 19
1578 165 11
1578 165 12
1578 165 13
1578 165 14
1578 165 15
1578 165 16
1578 165 17
1578 165 18
1578 165 19
1578 166 11
1578 166 12
1578 166 13
1578 166 14
1578 166 15
1578 166 16
1578 166 17
1578 166 18
1578 166 19
1579 155 11
1579 155 12
1579 155 13
1579 155 14
1579 155 15
1579 155 16
1579 155 17
1579 155 18
1579 155 19
1579 156 11
1579 156 12
1579 156 13
1579 156 14
1579 156 15
1579 156 16
1579 156 17
1579 156 18
1579 156 19
1579 157 11
1579 157 12
1579 157 13
1579 157 14
1579 157 15
1579 157 16
1579 157 17
1579 157 18
1579 157 19
1579 158 11
1579 158 12
1579 158 13
1579 158 14
1579 158 15
1579 158 16
1579 158 17
1579 158 18
1579 158 19
1579 159 11
1579 159 12
1579 159 13
1579 159 14
1579 159 15
1579 159 16
1579 159 17
1579 159 18
1579 159 19
1579 160 11
1579 160 12
1579 160 13
1579 160 14
1579 160 15
1579 160 16
1579 160 17
1579 160 18
1579 160 19
1579 161 11
1579 161 12
1579 161 13
1579 161 14
1579 161 15
1579 161 16
1579 161 17
1579 161 18
1579 161 19
1579 162 11
1579 162 12
1579 162 13
1579 162 14
1579 162 15
1579 162 16
1579 162 17
1579 162 18
1579 162 19
1579 163 11
1579 163 12
1579 163 13
1579 163 14
1579 163 15
1579 163 16
1579 163 17
1579 163 18
1579 163 19
1579 164 11
1579 164 12
1579 164 13
1579 164 14
1579 164 15
1579 164 16
1579 164 17
1579 164 18
1579 164 19
1579 165 11
1579 165 12
1579 165 13
1579 165 14
1579 165 15
1579 165 16
1579 165 17
1579 165 18
1579 165 19
1579 166 11
1579 166 12
1579 166 13
1579 166 14
1579 166 15
1579 166 16
1579 166 17
1579 166 18
1579 166 19
1580 155 11
1580 155 12
1580 155 13
1580 155 14
1580 155 15
1580 155 16
1580 155 17
1580 155 18
1580 155 19
1580 156 11
1580 156 12
1580 156 13
1580 156 14
1580 156 15
1580 156 16
1580 156 17
1580 156 18
1580 156 19
1580 157 11
1580 157 12
1580 157 13
1580 157 14
1580 157 15
1580 157 16
1580 157 17
1580 157 18
1580 157 19
1580 158 11
1580 158 12
1580 158 13
1580 158 14
1580 158 15
1580 158 16
1580 158 17
1580 158 18
1580 158 19
1580 159 11
1580 159 12
1580 159 13
1580 159 14
1580 159 15
1580 159 16
1580 159 17
1580 159 18
1580 159 19
1580 160 11
1580 160 12
1580 160 13
1580 160 14
1580 160 15
1580 160 16
1580 160 17
1580 160 18
1580 160 19
1580 161 11
1580 161 12
1580 161 13
1580 161 14
1580 161 15
1580 161 16
1580 161 17
1580 161 18
1580 161 19
1580 162 11
1580 162 12
1580 162 13
1580 162 14
1580 162 15
1580 162 16
1580 162 17
1580 162 18
1580 162 19
1580 163 11
1580 163 12
1580 163 13
1580 163 14
1580 163 15
1580 163 16
1580 163 17
1580 163 18
1580 163 19
1580 164 11
1580 164 12
1580 164 13
1580 164 14
1580 164 15
1580 164 16
1580 164 17
1580 164 18
1580 164 19
1580 165 11
1580 165 12
1580 165 13
1580 165 14
1580 165 15
1580 165 16
1580 165 17
1580 165 18
1580 165 19
1580 166 11
1580 166 12
1580 166 13
1580 166 14
1580 166 15
1580 166 16
1580 166 17
1580 166 18
1580 166 19
1581 155 11
1581 155 12
1581 155 13
1581 155 14
1581 155 15
1581 155 16
1581 155 17
1581 155 18
1581 155 19
1581 156 11
1581 156 12
1581 156 13
1581 156 14
1581 156 15
1581 156 16
1581 156 17
1581 156 18
1581 156 19
1581 157 11
1581 157 12
1581 157 13
1581 157 14
1581 157 15
1581 157 16
1581 157 17
1581 157 18
1581 157 19
1581 158 11
1581 158 12
1581 158 13
1581 158 14
1581 158 15
1581 158 16
1581 158 17
1581 158 18
1581 158 19
1581 159 11
1581 159 12
1581 159 13
1581 159 14
1581 159 15
1581 159 16
1581 159 17
1581 159 18
1581 159 19
1581 160 11
1581 160 12
1581 160 13
1581 160 14
1581 160 15
1581 160 16
1581 160 17
1581 160 18
1581 160 19
1581 161 11
1581 161 12
1581 161 13
1581 161 14
1581 161 15
1581 161 16
1581 161 17
1581 161 18
1581 161 19
1581 162 11
1581 162 12
1581 162 13
1581 162 14
1581 162 15
1581 162 16
1581 162 17
1581 162 18
1581 162 19
1581 163 11
1581 163 12
1581 163 13
1581 163 14
1581 163 15
1581 163 16
1581 163 17
1581 163 18
1581 163 19
1581 164 11
1581 164 12
1581 164 13
1581 164 14
1581 164 15
1581 164 16
1581 164 17
1581 164 18
1581 164 19
1581 165 11
1581 165 12
1581 165 13
1581 165 14
1581 165 15
1581 165 16
1581 165 17
1581 165 18
1581 165 19
1581 166 11
1581 166 12
1581 166 13
1581 166 14
1581 166 15
1581 166 16
1581 166 17
1581 166 18
1581 166 19
1582 155 11
1582 155 12
1582 155 13
1582 155 14
1582 155 15
1582 155 16
1582 155 17
1582 155 18
1582 155 19
1582 156 11
1582 156 12
1582 156 13
1582 156 14
1582 156 15
1582 156 16
1582 156 17
1582 156 18
1582 156 19
1582 157 11
1582 157 12
1582 157 13
1582 157 14
1582 157 15
1582 157 16
1582 157 17
1582 157 18
1582 157 19
1582 158 11
1582 158 12
1582 158 13
1582 158 14
1582 158 15
1582 158 16
1582 158 17
1582 158 18
1582 158 19
1582 159 11
1582 159 12
1582 159 13
1582 159 14
1582 159 15
1582 159 16
1582 159 17
1582 159 18
1582 159 19
1582 160 11
1582 160 12
1582 160 13
1582 160 14
1582 160 15
1582 160 16
1582 160 17
1582 160 18
1582 160 19
1582 161 11
1582 161 12
1582 161 13
1582 161 14
1582 161 15
1582 161 16
1582 161 17
1582 161 18
1582 161 19
1582 162 11
1582 162 12
1582 162 13
1582 162 14
1582 162 15
1582 162 16
1582 162 17
1582 162 18
1582 162 19
1582 163 11
1582 163 12
1582 163 13
1582 163 14
1582 163 15
1582 163 16
1582 163 17
1582 163 18
1582 163 19
1582 164 11
1582 164 12
1582 164 13
1582 164 14
1582 164 15
1582 164 16
1582 164 17
1582 164 18
1582 164 19
1582 165 11
1582 165 12
1582 165 13
1582 165 14
1582 165 15
1582 165 16
1582 165 17
1582 165 18
1582 165 19
1582 166 11
1582 166 12
1582 166 13
1582 166 14
1582 166 15
1582 166 16
1582 166 17
1582 166 18
1582 166 19
1583 155 11
1583 155 12
1583 155 13
1583 155 14
1583 155 15
1583 155 16
1583 155 17
1583 155 18
1583 155 19
1583 156 11
1583 156 12
1583 156 13
1583 156 14
1583 156 15
1583 156 16
1583 156 17
1583 156 18
1583 156 19
1583 157 11
1583 157 12
1583 157 13
1583 157 14
1583 157 15
1583 157 16
1583 157 17
1583 157 18
1583 157 19
1583 158 11
1583 158 12
1583 158 13
1583 158 14
1583 158 15
1583 158 16
1583 158 17
1583 158 18
1583 158 19
1583 159 11
1583 159 12
1583 159 13
1583 159 14
1583 159 15
1583 159 16
1583 159 17
1583 159 18
1583 159 19
1583 160 11
1583 160 12
1583 160 13
1583 160 14
1583 160 15
1583 160 16
1583 160 17
1583 160 18
1583 160 19
1583 161 11
1583 161 12
1583 161 13
1583 161 14
1583 161 15
1583 161 16
1583 161 17
1583 161 18
1583 161 19
1583 162 11
1583 162 12
1583 162 13
1583 162 14
1583 162 15
1583 162 16
1583 162 17
1583 162 18
1583 162 19
1583 163 11
1583 163 12
1583 163 13
1583 163 14
1583 163 15
1583 163 16
1583 163 17
1583 163 18
1583 163 19
1583 164 11
1583 164 12
1583 164 13
1583 164 14
1583 164 15
1583 164 16
1583 164 17
1583 164 18
1583 164 19
1583 165 11
1583 165 12
1583 165 13
1583 165 14
1583 165 15
1583 165 16
1583 165 17
1583 165 18
1583 165 19
1583 166 11
1583 166 12
1583 166 13
1583 166 14
1583 166 15
1583 166 16
1583 166 17
1583 166 18
1583 166 19
1584 156 11
1584 156 12
1584 156 13
1584 156 14
1584 156 15
1584 156 16
1584 156 17
1584 156 18
1584 156 19
1584 157 11
1584 157 12
1584 157 13
1584 157 14
1584 157 15
1584 157 16
1584 157 17
1584 157 18
1584 157 19
1584 158 11
1584 158 12
1584 158 13
1584 158 14
1584 158 15
1584 158 16
1584 158 17
1584 158 18
1584 158 19
1584 159 11
1584 159 12
1584 159 13
1584 159 14
1584 159 15
1584 159 16
1584 159 17
1584 159 18
1584 159 19
1584 160 11
1584 160 12
1584 160 13
1584 160 14
1584 160 15
1584 160 16
1584 160 17
1584 160 18
1584 160 19
1584 161 11
1584 161 12
1584 161 13
1584 161 14
1584 161 15
1584 161 16
1584 161 17
1584 161 18
1584 161 19
1584 162 11
1584 162 12
1584 162 13
1584 162 14
1584 162 15
1584 162 16
1584 162 17
1584 162 18
1584 162 19
1584 163 11
1584 163 12
1584 163 13
1584 163 14
1584 163 15
1584 163 16
1584 163 17
1584 163 18
1584 163 19
1584 164 11
1584 164 12
1584 164 13
1584 164 14
1584 164 15
1584 164 16
1584 164 17
1584 164 18
1584 164 19
1584 165 11
1584 165 12
1584 165 13
1584 165 14
1584 165 15
1584 165 16
1584 165 17
1584 165 18
1584 165 19
1585 156 11
1585 156 12
1585 156 13
1585 156 14
1585 156 15
1585 156 16
1585 156 17
1585 156 18
1585 156 19
1585 157 11
1585 157 12
1585 157 13
1585 157 14
1585 157 15
1585 157 16
1585 157 17
1585 157 18
1585 157 19
1585 158 11
1585 158 12
1585 158 13
1585 158 14
1585 158 15
1585 158 16
1585 158 17
1585 158 18
1585 158 19
1585 159 11
1585 159 12
1585 159 13
1585 159 14
1585 159 15
1585 159 16
1585 159 17
1585 159 18
1585 159 19
1585 160 11
1585 160 12
1585 160 13
1585 160 14
1585 160 15
1585 160 16
1585 160 17
1585 160 18
1585 160 19
1585 161 11
1585 161 12
1585 161 13
1585 161 14
1585 161 15
1585 161 16
1585 161 17
1585 161 18
1585 161 19
1585 162 11
1585 162 12
1585 162 13
1585 162 14
1585 162 15
1585 162 16
1585 162 17
1585 162 18
1585 162 19
1585 163 11
1585 163 12
1585 163 13
1585 163 14
1585 163 15
1585 163 16
1585 163 17
1585 163 18
1585 163 19
1585 164 11
1585 164 12
1585 164 13
1585 164 14
1585 164 15
1585 164 16
1585 164 17
1585 164 18
1585 164 19
1585 165 11
1585 165 12
1585 165 13
1585 165 14
1585 165 15
1585 165 16
1585 165 17
1585 165 18
1585 165 19
1586 156 11
1586 156 12
1586 156 13
1586 156 14
1586 156 15
1586 156 16
1586 156 17
1586 156 18
1586 156 19
1586 157 11
1586 157 12
1586 157 13
1586 157 14
1586 157 15
1586 157 16
1586 157 17
1586 157 18
1586 157 19
1586 158 11
1586 158 12
1586 158 13
1586 158 14
1586 158 15
1586 158 16
1586 158 17
1586 158 18
1586 158 19
1586 159 11
1586 159 12
1586 159 13
1586 159 14
1586 159 15
1586 159 16
1586 159 17
1586 159 18
1586 159 19
1586 160 11
1586 160 12
1586 160 13
1586 160 14
1586 160 15
1586 160 16
1586 160 17
1586 160 18
1586 160 19
1586 161 11
1586 161 12
1586 161 13
1586 161 14
1586 161 15
1586 161 16
1586 161 17
1586 161 18
1586 161 19
1586 162 11
1586 162 12
1586 162 13
1586 162 14
1586 162 15
1586 162 16
1586 162 17
1586 162 18
1586 162 19
1586 163 11
1586 163 12
1586 163 13
1586 163 14
1586 163 15
1586 163 16
1586 163 17
1586 163 18
1586 163 19
1586 164 11
1586 164 12
1586 164 13
1586 164 14
1586 164 15
1586 164 16
1586 164 17
1586 164 18
1586 164 19
1586 165 11
1586 165 12
1586 165 13
1586 165 14
1586 165 15
1586 165 16
1586 165 17
1586 165 18
1586 165 19
1587 156 11
1587 156 12
1587 156 13
1587 156 14
1587 156 15
1587 156 16
1587 156 17
1587 156 18
1587 156 19
1587 157 11
1587 157 12
1587 157 13
1587 157 14
1587 157 15
1587 157 16
1587 157 17
1587 157 18
1587 157 19
1587 158 11
1587 158 12
1587 158 13
1587 158 14
1587 158 15
1587 158 16
1587 158 17
1587 158 18
1587 158 19
1587 159 11
1587 159 12
1587 159 13
1587 159 14
1587 159 15
1587 159 16
1587 159 17
1587 159 18
1587 159 19
1587 160 11
1587 160 12
1587 160 13
1587 160 14
1587 160 15
1587 160 16
1587 160 17
1587 160 18
1587 160 19
1587 161 11
1587 161 12
1587 161 13
1587 161 14
1587 161 15
1587 161 16
1587 161 17
1587 161 18
1587 161 19
1587 162 11
1587 162 12
1587 162 13
1587 162 14
1587 162 15
1587 162 16
1587 162 17
1587 162 18
1587 162 19
1587 163 11
1587 163 12
1587 163 13
1587 163 14
1587 163 15
1587 163 16
1587 163 17
1587 163 18
1587 163 19
1587 164 11
1587 164 12
1587 164 13
1587 164 14
1587 164 15
1587 164 16
1587 164 17
1587 164 18
1587 164 19
1587 165 11
1587 165 12
1587 165 13
1587 165 14
1587 165 15
1587 165 16
1587 165 17
1587 165 18
1587 165 19
1588 156 11
1588 156 12
1588 156 13
1588 156 14
1588 156 15
1588 156 16
1588 156 17
1588 156 18
1588 156 19
1588 157 11
1588 157 12
1588 157 13
1588 157 14
1588 157 15
1588 157 16
1588 157 17
1588 157 18
1588 157 19
1588 158 11
1588 158 12
1588 158 13
1588 158 14
1588 158 15
1588 158 16
1588 158 17
1588 158 18
1588 158 19
1588 159 11
1588 159 12
1588 159 13
1588 159 14
1588 159 15
1588 159 16
1588 159 17
1588 159 18
1588 159 19
1588 160 11
1588 160 12
1588 160 13
1588 160 14
1588 160 15
1588 160 16
1588 160 17
1588 160 18
1588 160 19
1588 161 11
1588 161 12
1588 161 13
1588 161 14
1588 161 15
1588 161 16
1588 161 17
1588 161 18
1588 161 19
1588 162 11
1588 162 12
1588 162 13
1588 162 14
1588 162 15
1588 162 16
1588 162 17
1588 162 18
1588 162 19
1588 163 11
1588 163 12
1588 163 13
1588 163 14
1588 163 15
1588 163 16
1588 163 17
1588 163 18
1588 163 19
1588 164 11
1588 164 12
1588 164 13
1588 164 14
1588 164 15
1588 164 16
1588 164 17
1588 164 18
1588 164 19
1588 165 11
1588 165 12
1588 165 13
1588 165 14
1588 165 15
1588 165 16
1588 165 17
1588 165 18
1588 165 19
1589 156 11
1589 156 12
1589 156 13
1589 156 14
1589 156 15
1589 156 16
1589 156 17
1589 156 18
1589 156 19
1589 157 11
1589 157 12
1589 157 13
1589 157 14
1589 157 15
1589 157 16
1589 157 17
1589 157 18
1589 157 19
1589 158 11
1589 158 12
1589 158 13
1589 158 14
1589 158 15
1589 158 16
1589 158 17
1589 158 18
1589 158 19
1589 159 11
1589 159 12
1589 159 13
1589 159 14
1589 159 15
1589 159 16
1589 159 17
1589 159 18
1589 159 19
1589 160 11
1589 160 12
1589 160 13
1589 160 14
1589 160 15
1589 160 16
1589 160 17
1589 160 18
1589 160 19
1589 161 11
1589 161 12
1589 161 13
1589 161 14
1589 161 15
1589 161 16
1589 161 17
1589 161 18
1589 161 19
1589 162 11
1589 162 12
1589 162 13
1589 162 14
1589 162 15
1589 162 16
1589 162 17
1589 162 18
1589 162 19
1589 163 11
1589 163 12
1589 163 13
1589 163 14
1589 163 15
1589 163 16
1589 163 17
1589 163 18
1589 163 19
1589 164 11
1589 164 12
1589 164 13
1589 164 14
1589 164 15
1589 164 16
1589 164 17
1589 164 18
1589 164 19
1589 165 11
1589 165 12
1589 165 13
1589 165 14
1589 165 15
1589 165 16
1589 165 17
1589 165 18
1589 165 19
1590 156 11
1590 156 12
1590 156 13
1590 156 14
1590 156 15
1590 156 16
1590 156 17
1590 156 18
1590 156 19
1590 157 11
1590 157 12
1590 157 13
1590 157 14
1590 157 15
1590 157 16
1590 157 17
1590 157 18
1590 157 19
1590 158 11
1590 158 12
1590 158 13
1590 158 14
1590 158 15
1590 158 16
1590 158 17
1590 158 18
1590 158 19
1590 159 11
1590 159 12
1590 159 13
1590 159 14
1590 159 15
1590 159 16
1590 159 17
1590 159 18
1590 159 19
1590 160 11
1590 160 12
1590 160 13
1590 160 14
1590 160 15
1590 160 16
1590 160 17
1590 160 18
1590 160 19
1590 161 11
1590 161 12
1590 161 13
1590 161 14
1590 161 15
1590 161 16
1590 161 17
1590 161 18
1590 161 19
1590 162 11
1590 162 12
1590 162 13
1590 162 14
1590 162 15
1590 162 16
1590 162 17
1590 162 18
1590 162 19
1590 163 11
1590 163 12
1590 163 13
1590 163 14
1590 163 15
1590 163 16
1590 163 17
1590 163 18
1590 163 19
1590 164 11
1590 164 12
1590 164 13
1590 164 14
1590 164 15
1590 164 16
1590 164 17
1590 164 18
1590 164 19
1590 165 11
1590 165 12
1590 165 13
1590 165 14
1590 165 15
1590 165 16
1590 165 17
1590 165 18
1590 165 19
1591 156 11
1591 156 12
1591 156 13
1591 156 14
1591 156 15
1591 156 16
1591 156 17
1591 156 18
1591 156 19
1591 157 11
1591 157 12
1591 157 13
1591 157 14
1591 157 15
1591 157 16
1591 157 17
1591 157 18
1591 157 19
1591 158 11
1591 158 12
1591 158 13
1591 158 14
1591 158 15
1591 158 16
1591 158 17
1591 158 18
1591 158 19
1591 159 11
1591 159 12
1591 159 13
1591 159 14
1591 159 15
1591 159 16
1591 159 17
1591 159 18
1591 159 19
1591 160 11
1591 160 12
1591 160 13
1591 160 14
1591 160 15
1591 160 16
1591 160 17
1591 160 18
1591 160 19
1591 161 11
1591 161 12
1591 161 13
1591 161 14
1591 161 15
1591 161 16
1591 161 17
1591 161 18
1591 161 19
1591 162 11
1591 162 12
1591 162 13
1591 162 14
1591 162 15
1591 162 16
1591 162 17
1591 162 18
1591 162 19
1591 163 11
1591 163 12
1591 163 13
1591 163 14
1591 163 15
1591 163 16
1591 163 17
1591 163 18
1591 163 19
1591 164 11
1591 164 12
1591 164 13
1591 164 14
1591 164 15
1591 164 16
1591 164 17
1591 164 18
1591 164 19
1591 165 11
1591 165 12
1591 165 13
1591 165 14
1591 165 15
1591 165 16
1591 165 17
1591 165 18
1591 165 19
1592 156 11
1592 156 12
1592 156 13
1592 156 14
1592 156 15
1592 156 16
1592 156 17
1592 156 18
1592 156 19
1592 157 11
1592 157 12
1592 157 13
1592 157 14
1592 157 15
1592 157 16
1592 157 17
1592 157 18
1592 157 19
1592 158 11
1592 158 12
1592 158 13
1592 158 14
1592 158 15
1592 158 16
1592 158 17
1592 158 18
1592 158 19
1592 159 11
1592 159 12
1592 159 13
1592 159 14
1592 159 15
1592 159 16
1592 159 17
1592 159 18
1592 159 19
1592 160 11
1592 160 12
1592 160 13
1592 160 14
1592 160 15
1592 160 16
1592 160 17
1592 160 18
1592 160 19
1592 161 11
1592 161 12
1592 161 13
1592 161 14
1592 161 15
1592 161 16
1592 161 17
1592 161 18
1592 161 19
1592 162 11
1592 162 12
1592 162 13
1592 162 14
1592 162 15
1592 162 16
1592 162 17
1592 162 18
1592 162 19
1592 163 11
1592 163 12
1592 163 13
1592 163 14
1592 163 15
1592 163 16
1592 163 17
1592 163 18
1592 163 19
1592 164 11
1592 164 12
1592 164 13
1592 164 14
1592 164 15
1592 164 16
1592 164 17
1592 164 18
1592 164 19
1592 165 11
1592 165 12
1592 165 13
1592 165 14
1592 165 15
1592 165 16
1592 165 17
1592 165 18
1592 165 19
1593 156 11
1593 156 12
1593 156 13
1593 156 14
1593 156 15
1593 156 16
1593 156 17
1593 156 18
1593 156 19
1593 157 11
1593 157 12
1593 157 13
1593 157 14
1593 157 15
1593 157 16
1593 157 17
1593 157 18
1593 157 19
1593 158 11
1593 158 12
1593 158 13
1593 158 14
1593 158 15
1593 158 16
1593 158 17
1593 158 18
1593 158 19
1593 159 11
1593 159 12
1593 159 13
1593 159 14
1593 159 15
1593 159 16
1593 159 17
1593 159 18
1593 159 19
1593 160 11
1593 160 12
1593 160 13
1593 160 14
1593 160 15
1593 160 16
1593 160 17
1593 160 18
1593 160 19
1593 161 11
1593 161 12
1593 161 13
1593 161 14
1593 161 15
1593 161 16
1593 161 17
1593 161 18
1593 161 19
1593 162 11
1593 162 12
1593 162 13
1593 162 14
1593 162 15
1593 162 16
1593 162 17
1593 162 18
1593 162 19
1593 163 11
1593 163 12
1593 163 13
1593 163 14
1593 163 15
1593 163 16
1593 163 17
1593 163 18
1593 163 19
1593 164 11
1593 164 12
1593 164 13
1593 164 14
1593 164 15
1593 164 16
1593 164 17
1593 164 18
1593 164 19
1593 165 11
1593 165 12
1593 165 13
1593 165 14
1593 165 15
1593 165 16
1593 165 17
1593 165 18
1593 165 19
1594 156 11
1594 156 12
1594 156 13
1594 156 14
1594 156 15
1594 156 16
1594 156 17
1594 156 18
1594 156 19
1594 157 11
1594 157 12
1594 157 13
1594 157 14
1594 157 15
1594 157 16
1594 157 17
1594 157 18
1594 157 19
1594 158 11
1594 158 12
1594 158 13
1594 158 14
1594 158 15
1594 158 16
1594 158 17
1594 158 18
1594 158 19
1594 159 11
1594 159 12
1594 159 13
1594 159 14
1594 159 15
1594 159 16
1594 159 17
1594 159 18
1594 159 19
1594 160 11
1594 160 12
1594 160 13
1594 160 14
1594 160 15
1594 160 16
1594 160 17
1594 160 18
1594 160 19
1594 161 11
1594 161 12
1594 161 13
1594 161 14
1594 161 15
1594 161 16
1594 161 17
1594 161 18
1594 161 19
1594 162 11
1594 162 12
1594 162 13
1594 162 14
1594 162 15
1594 162 16
1594 162 17
1594 162 18
1594 162 19
1594 163 11
1594 163 12
1594 163 13
1594 163 14
1594 163 15
1594 163 16
1594 163 17
1594 163 18
1594 163 19
1594 164 11
1594 164 12
1594 164 13
1594 164 14
1594 164 15
1594 164 16
1594 164 17
1594 164 18
1594 164 19
1594 165 11
1594 165 12
1594 165 13
1594 165 14
1594 165 15
1594 165 16
1594 165 17
1594 165 18
1594 165 19
1595 156 11
1595 156 12
1595 156 13
1595 156 14
1595 156 15
1595 156 16
1595 156 17
1595 156 18
1595 156 19
1595 157 11
1595 157 12
1595 157 13
1595 157 14
1595 157 15
1595 157 16
1595 157 17
1595 157 18
1595 157 19
1595 158 11
1595 158 12
1595 158 13
1595 158 14
1595 158 15
1595 158 16
1595 158 17
1595 158 18
1595 158 19
1595 159 11
1595 159 12
1595 159 13
1595 159 14
1595 159 15
1595 159 16
1595 159 17
1595 159 18
1595 159 19
1595 160 11
1595 160 12
1595 160 13
1595 160 14
1595 160 15
1595 160 16
1595 160 17
1595 160 18
1595 160 19
1595 161 11
1595 161 12
1595 161 13
1595 161 14
1595 161 15
1595 161 16
1595 161 17
1595 161 18
1595 161 19
1595 162 11
1595 162 12
1595 162 13
1595 162 14
1595 162 15
1595 162 16
1595 162 17
1595 162 18
1595 162 19
1595 163 11
1595 163 12
1595 163 13
1595 163 14
1595 163 15
1595 163 16
1595 163 17
1595 163 18
1595 163 19
1595 164 11
1595 164 12
1595 164 13
1595 164 14
1595 164 15
1595 164 16
1595 164 17
1595 164 18
1595 164 19
1595 165 11
1595 165 12
1595 165 13
1595 165 14
1595 165 15
1595 165 16
1595 165 17
1595 165 18
1595 165 19
1596 156 11
1596 156 12
1596 156 13
1596 156 14
1596 156 15
1596 156 16
1596 156 17
1596 156 18
1596 156 19
1596 157 11
1596 157 12
1596 157 13
1596 157 14
1596 157 15
1596 157 16
1596 157 17
1596 157 18
1596 157 19
1596 158 11
1596 158 12
1596 158 13
1596 158 14
1596 158 15
1596 158 16
1596 158 17
1596 158 18
1596 158 19
1596 159 11
1596 159 12
1596 159 13
1596 159 14
1596 159 15
1596 159 16
1596 159 17
1596 159 18
1596 159 19
1596 160 11
1596 160 12
1596 160 13
1596 160 14
1596 160 15
1596 160 16
1596 160 17
1596 160 18
1596 160 19
1596 161 11
1596 161 12
1596 161 13
1596 161 14
1596 161 15
1596 161 16
1596 161 17
1596 161 18
1596 161 19
1596 162 11
1596 162 12
1596 162 13
1596 162 14
1596 162 15
1596 162 16
1596 162 17
1596 162 18
1596 162 19
1596 163 11
1596 163 12
1596 163 13
1596 163 14
1596 163 15
1596 163 16
1596 163 17
1596 163 18
1596 163 19
1596 164 11
1596 164 12
1596 164 13
1596 164 14
1596 164 15
1596 164 16
1596 164 17
1596 164 18
1596 164 19
1596 165 11
1596 165 12
1596 165 13
1596 165 14
1596 165 15
1596 165 16
1596 165 17
1596 165 18
1596 165 19
1597 156 11
1597 156 12
1597 156 13
1597 156 14
1597 156 15
1597 156 16
1597 156 17
1597 156 18
1597 156 19
1597 157 11
1597 157 12
1597 157 13
1597 157 14
1597 157 15
1597 157 16
1597 157 17
1597 157 18
1597 157 19
1597 158 11
1597 158 12
1597 158 13
1597 158 14
1597 158 15
1597 158 16
1597 158 17
1597 158 18
1597 158 19
1597 159 11
1597 159 12
1597 159 13
1597 159 14
1597 159 15
1597 159 16
1597 159 17
1597 159 18
1597 159 19
1597 160 11
1597 160 12
1597 160 13
1597 160 14
1597 160 15
1597 160 16
1597 160 17
1597 160 18
1597 160 19
1597 161 11
1597 161 12
1597 161 13
1597 161 14
1597 161 15
1597 161 16
1597 161 17
1597 161 18
1597 161 19
1597 162 11
1597 162 12
1597 162 13
1597 162 14
1597 162 15
1597 162 16
1597 162 17
1597 162 18
1597 162 19
1597 163 11
1597 163 12
1597 163 13
1597 163 14
1597 163 15
1597 163 16
1597 163 17
1597 163 18
1597 163 19
1597 164 11
1597 164 12
1597 164 13
1597 164 14
1597 164 15
1597 164 16
1597 164 17
1597 164 18
1597 164 19
1597 165 11
1597 165 12
1597 165 13
1597 165 14
1597 165 15
1597 165 16
1597 165 17
1597 165 18
1597 165 19
1598 156 11
1598 156 12
1598 156 13
1598 156 14
1598 156 15
1598 156 16
1598 156 17
1598 156 18
1598 156 19
1598 157 11
1598 157 12
1598 157 13
1598 157 14
1598 157 15
1598 157 16
1598 157 17
1598 157 18
1598 157 19
1598 158 11
1598 158 12
1598 158 13
1598 158 14
1598 158 15
1598 158 16
1598 158 17
1598 158 18
1598 158 19
1598 159 11
1598 159 12
1598 159 13
1598 159 14
1598 159 15
1598 159 16
1598 159 17
1598 159 18
1598 159 19
1598 160 11
1598 160 12
1598 160 13
1598 160 14
1598 160 15
1598 160 16
1598 160 17
1598 160 18
1598 160 19
1598 161 11
1598 161 12
1598 161 13
1598 161 14
1598 161 15
1598 161 16
1598 161 17
1598 161 18
1598 161 19
1598 162 11
1598 162 12
1598 162 13
1598 162 14
1598 162 15
1598 162 16
1598 162 17
1598 162 18
1598 162 19
1598 163 11
1598 163 12
1598 163 13
1598 163 14
1598 163 15
1598 163 16
1598 163 17
1598 163 18
1598 163 19
1598 164 11
1598 164 12
1598 164 13
1598 164 14
1598 164 15
1598 164 16
1598 164 17
1598 164 18
1598 164 19
1598 165 11
1598 165 12
1598 165 13
1598 165 14
1598 165 15
1598 165 16
1598 165 17
1598 165 18
1598 165 19
1599 156 11
1599 156 12
1599 156 13
1599 156 14
1599 156 15
1599 156 16
1599 156 17
1599 156 18
1599 156 19
1599 157 11
1599 157 12
1599 157 13
1599 157 14
1599 157 15
1599 157 16
1599 157 17
1599 157 18
1599 157 19
1599 158 11
1599 158 12
1599 158 13
1599 158 14
1599 158 15
1599 158 16
1599 158 17
1599 158 18
1599 158 19
1599 159 11
1599 159 12
1599 159 13
1599 159 14
1599 159 15
1599 159 16
1599 159 17
1599 159 18
1599 159 19
1599 160 11
1599 160 12
1599 160 13
1599 160 14
1599 160 15
1599 160 16
1599 160 17
1599 160 18
1599 160 19
1599 161 11
1599 161 12
1599 161 13
1599 161 14
1599 161 15
1599 161 16
1599 161 17
1599 161 18
1599 161 19
1599 162 11
1599 162 12
1599 162 13
1599 162 14
1599 162 15
1599 162 16
1599 162 17
1599 162 18
1599 162 19
1599 163 11
1599 163 12
1599 163 13
1599 163 14
1599 163 15
1599 163 16
1599 163 17
1599 163 18
1599 163 19
1599 164 11
1599 164 12
1599 164 13
1599 164 14
1599 164 15
1599 164 16
1599 164 17
1599 164 18
1599 164 19
1599 165 11
1599 165 12
1599 165 13
1599 165 14
1599 165 15
1599 165 16
1599 165 17
1599 165 18
1599 165 19
1600 156 11
1600 156 12
1600 156 13
1600 156 14
1600 156 15
1600 156 16
1600 156 17
1600 156 18
1600 156 19
1600 157 11
1600 157 12
1600 157 13
1600 157 14
1600 157 15
1600 157 16
1600 157 17
1600 157 18
1600 157 19
1600 158 11
1600 158 12
1600 158 13
1600 158 14
1600 158 15
1600 158 16
1600 158 17
1600 158 18
1600 158 19
1600 159 11
1600 159 12
1600 159 13
1600 159 14
1600 159 15
1600 159 16
1600 159 17
1600 159 18
1600 159 19
1600 160 11
1600 160 12
1600 160 13
1600 160 14
1600 160 15
1600 160 16
1600 160 17
1600 160 18
1600 160 19
1600 161 11
1600 161 12
1600 161 13
1600 161 14
1600 161 15
1600 161 16
1600 161 17
1600 161 18
1600 161 19
1600 162 11
1600 162 12
1600 162 13
1600 162 14
1600 162 15
1600 162 16
1600 162 17
1600 162 18
1600 162 19
1600 163 11
1600 163 12
1600 163 13
1600 163 14
1600 163 15
1600 163 16
1600 163 17
1600 163 18
1600 163 19
1600 164 11
1600 164 12
1600 164 13
1600 164 14
1600 164 15
1600 164 16
1600 164 17
1600 164 18
1600 164 19
1600 165 11
1600 165 12
1600 165 13
1600 165 14
1600 165 15
1600 165 16
1600 165 17
1600 165 18
1600 165 19
1601 156 11
1601 156 12
1601 156 13
1601 156 14
1601 156 15
1601 156 16
1601 156 17
1601 156 18
1601 156 19
1601 157 11
1601 157 12
1601 157 13
1601 157 14
1601 157 15
1601 157 16
1601 157 17
1601 157 18
1601 157 19
1601 158 11
1601 158 12
1601 158 13
1601 158 14
1601 158 15
1601 158 16
1601 158 17
1601 158 18
1601 158 19
1601 159 11
1601 159 12
1601 159 13
1601 159 14
1601 159 15
1601 159 16
1601 159 17
1601 159 18
1601 159 19
1601 160 11
1601 160 12
1601 160 13
1601 160 14
1601 160 15
1601 160 16
1601 160 17
1601 160 18
1601 160 19
1601 161 11
1601 161 12
1601 161 13
1601 161 14
1601 161 15
1601 161 16
1601 161 17
1601 161 18
1601 161 19
1601 162 11
1601 162 12
1601 162 13
1601 162 14
1601 162 15
1601 162 16
1601 162 17
1601 162 18
1601 162 19
1601 163 11
1601 163 12
1601 163 13
1601 163 14
1601 163 15
1601 163 16
1601 163 17
1601 163 18
1601 163 19
1601 164 11
1601 164 12
1601 164 13
1601 164 14
1601 164 15
1601 164 16
1601 164 17
1601 164 18
1601 164 19
1601 165 11
1601 165 12
1601 165 13
1601 165 14
1601 165 15
1601 165 16
1601 165 17
1601 165 18
1601 165 19
1602 156 11
1602 156 12
1602 156 13
1602 156 14
1602 156 15
1602 156 16
1602 156 17
1602 156 18
1602 156 19
1602 157 11
1602 157 12
1602 157 13
1602 157 14
1602 157 15
1602 157 16
1602 157 17
1602 157 18
1602 157 19
1602 158 11
1602 158 12
1602 158 13
1602 158 14
1602 158 15
1602 158 16
1602 158 17
1602 158 18
1602 158 19
1602 159 11
1602 159 12
1602 159 13
1602 159 14
1602 159 15
1602 159 16
1602 159 17
1602 159 18
1602 159 19
1602 160 11
1602 160 12
1602 160 13
1602 160 14
1602 160 15
1602 160 16
1602 160 17
1602 160 18
1602 160 19
1602 161 11
1602 161 12
1602 161 13
1602 161 14
1602 161 15
1602 161 16
1602 161 17
1602 161 18
1602 161 19
1602 162 11
1602 162 12
1602 162 13
1602 162 14
1602 162 15
1602 162 16
1602 162 17
1602 162 18
1602 162 19
1602 163 11
1602 163 12
1602 163 13
1602 163 14
1602 163 15
1602 163 16
1602 163 17
1602 163 18
1602 163 19
1602 164 11
1602 164 12
1602 164 13
1602 164 14
1602 164 15
1602 164 16
1602 164 17
1602 164 18
1602 164 19
1602 165 11
1602 165 12
1602 165 13
1602 165 14
1602 165 15
1602 165 16
1602 165 17
1602 165 18
1602 165 19
1603 156 11
1603 156 12
1603 156 13
1603 156 14
1603 156 15
1603 156 16
1603 156 17
1603 156 18
1603 156 19
1603 157 11
1603 157 12
1603 157 13
1603 157 14
1603 157 15
1603 157 16
1603 157 17
1603 157 18
1603 157 19
1603 158 11
1603 158 12
1603 158 13
1603 158 14
1603 158 15
1603 158 16
1603 158 17
1603 158 18
1603 158 19
1603 159 11
1603 159 12
1603 159 13
1603 159 14
1603 159 15
1603 159 16
1603 159 17
1603 159 18
1603 159 19
1603 160 11
1603 160 12
1603 160 13
1603 160 14
1603 160 15
1603 160 16
1603 160 17
1603 160 18
1603 160 19
1603 161 11
1603 161 12
1603 161 13
1603 161 14
1603 161 15
1603 161 16
1603 161 17
1603 161 18
1603 161 19
1603 162 11
1603 162 12
1603 162 13
1603 162 14
1603 162 15
1603 162 16
1603 162 17
1603 162 18
1603 162 19
1603 163 11
1603 163 12
1603 163 13
1603 163 14
1603 163 15
1603 163 16
1603 163 17
1603 163 18
1603 163 19
1603 164 11
1603 164 12
1603 164 13
1603 164 14
1603 164 15
1603 164 16
1603 164 17
1603 164 18
1603 164 19
1603 165 11
1603 165 12
1603 165 13
1603 165 14
1603 165 15
1603 165 16
1603 165 17
1603 165 18
1603 165 19
1604 156 11
1604 156 12
1604 156 13
1604 156 14
1604 156 15
1604 156 16
1604 156 17
1604 156 18
1604 156 19
1604 157 11
1604 157 12
1604 157 13
1604 157 14
1604 157 15
1604 157 16
1604 157 17
1604 157 18
1604 157 19
1604 158 11
1604 158 12
1604 158 13
1604 158 14
1604 158 15
1604 158 16
1604 158 17
1604 158 18
1604 158 19
1604 159 11
1604 159 12
1604 159 13
1604 159 14
1604 159 15
1604 159 16
1604 159 17
1604 159 18
1604 159 19
1604 160 11
1604 160 12
1604 160 13
1604 160 14
1604 160 15
1604 160 16
1604 160 17
1604 160 18
1604 160 19
1604 161 11
1604 161 12
1604 161 13
1604 161 14
1604 161 15
1604 161 16
1604 161 17
1604 161 18
1604 161 19
1604 162 11
1604 162 12
1604 162 13
1604 162 14
1604 162 15
1604 162 16
1604 162 17
1604 162 18
1604 162 19
1604 163 11
1604 163 12
1604 163 13
1604 163 14
1604 163 15
1604 163 16
1604 163 17
1604 163 18
1604 163 19
1604 164 11
1604 164 12
1604 164 13
1604 164 14
1604 164 15
1604 164 16
1604 164 17
1604 164 18
1604 164 19
1604 165 11
1604 165 12
1604 165 13
1604 165 14
1604 165 15
1604 165 16
1604 165 17
1604 165 18
1604 165 19
1605 156 11
1605 156 12
1605 156 13
1605 156 14
1605 156 15
1605 156 16
1605 156 17
1605 156 18
1605 156 19
1605 157 11
1605 157 12
1605 157 13
1605 157 14
1605 157 15
1605 157 16
1605 157 17
1605 157 18
1605 157 19
1605 158 11
1605 158 12
1605 158 13
1605 158 14
1605 158 15
1605 158 16
1605 158 17
1605 158 18
1605 158 19
1605 159 11
1605 159 12
1605 159 13
1605 159 14
1605 159 15
1605 159 16
1605 159 17
1605 159 18
1605 159 19
1605 160 11
1605 160 12
1605 160 13
1605 160 14
1605 160 15
1605 160 16
1605 160 17
1605 160 18
1605 160 19
1605 161 11
1605 161 12
1605 161 13
1605 161 14
1605 161 15
1605 161 16
1605 161 17
1605 161 18
1605 161 19
1605 162 11
1605 162 12
1605 162 13
1605 162 14
1605 162 15
1605 162 16
1605 162 17
1605 162 18
1605 162 19
1605 163 11
1605 163 12
1605 163 13
1605 163 14
1605 163 15
1605 163 16
1605 163 17
1605 163 18
1605 163 19
1605 164 11
1605 164 12
1605 164 13
1605 164 14
1605 164 15
1605 164 16
1605 164 17
1605 164 18
1605 164 19
1605 165 11
1605 165 12
1605 165 13
1605 165 14
1605 165 15
1605 165 16
1605 165 17
1605 165 18
1605 165 19
1606 156 11
1606 156 12
1606 156 13
1606 156 14
1606 156 15
1606 156 16
1606 156 17
1606 156 18
1606 156 19
1606 157 11
1606 157 12
1606 157 13
1606 157 14
1606 157 15
1606 157 16
1606 157 17
1606 157 18
1606 157 19
1606 158 11
1606 158 12
1606 158 13
1606 158 14
1606 158 15
1606 158 16
1606 158 17
1606 158 18
1606 158 19
1606 159 11
1606 159 12
1606 159 13
1606 159 14
1606 159 15
1606 159 16
1606 159 17
1606 159 18
1606 159 19
1606 160 11
1606 160 12
1606 160 13
1606 160 14
1606 160 15
1606 160 16
1606 160 17
1606 160 18
1606 160 19
1606 161 11
1606 161 12
1606 161 13
1606 161 14
1606 161 15
1606 161 16
1606 161 17
1606 161 18
1606 161 19
1606 162 11
1606 162 12
1606 162 13
1606 162 14
1606 162 15
1606 162 16
1606 162 17
1606 162 18
1606 162 19
1606 163 11
1606 163 12
1606 163 13
1606 163 14
1606 163 15
1606 163 16
1606 163 17
1606 163 18
1606 163 19
1606 164 11
1606 164 12
1606 164 13
1606 164 14
1606 164 15
1606 164 16
1606 164 17
1606 164 18
1606 164 19
1606 165 11
1606 165 12
1606 165 13
1606 165 14
1606 165 15
1606 165 16
1606 165 17
1606 165 18
1606 165 19
1607 156 11
1607 156 12
1607 156 13
1607 156 14
1607 156 15
1607 156 16
1607 156 17
1607 156 18
1607 156 19
1607 157 11
1607 157 12
1607 157 13
1607 157 14
1607 157 15
1607 157 16
1607 157 17
1607 157 18
1607 157 19
1607 158 11
1607 158 12
1607 158 13
1607 158 14
1607 158 15
1607 158 16
1607 158 17
1607 158 18
1607 158 19
1607 159 11
1607 159 12
1607 159 13
1607 159 14
1607 159 15
1607 159 16
1607 159 17
1607 159 18
1607 159 19
1607 160 11
1607 160 12
1607 160 13
1607 160 14
1607 160 15
1607 160 16
1607 160 17
1607 160 18
1607 160 19
1607 161 11
1607 161 12
1607 161 13
1607 161 14
1607 161 15
1607 161 16
1607 161 17
1607 161 18
1607 161 19
1607 162 11
1607 162 12
1607 162 13
1607 162 14
1607 162 15
1607 162 16
1607 162 17
1607 162 18
1607 162 19
1607 163 11
1607 163 12
1607 163 13
1607 163 14
1607 163 15
1607 163 16
1607 163 17
1607 163 18
1607 163 19
1607 164 11
1607 164 12
1607 164 13
1607 164 14
1607 164 15
1607 164 16
1607 164 17
1607 164 18
1607 164 19
1607 165 11
1607 165 12
1607 165 13
1607 165 14
1607 165 15
1607 165 16
1607 165 17
1607 165 18
1607 165 19
1608 156 11
1608 156 12
1608 156 13
1608 156 14
1608 156 15
1608 156 16
1608 156 17
1608 156 18
1608 156 19
1608 157 11
1608 157 12
1608 157 13
1608 157 14
1608 157 15
1608 157 16
1608 157 17
1608 157 18
1608 157 19
1608 158 11
1608 158 12
1608 158 13
1608 158 14
1608 158 15
1608 158 16
1608 158 17
1608 158 18
1608 158 19
1608 159 11
1608 159 12
1608 159 13
1608 159 14
1608 159 15
1608 159 16
1608 159 17
1608 159 18
1608 159 19
1608 160 11
1608 160 12
1608 160 13
1608 160 14
1608 160 15
1608 160 16
1608 160 17
1608 160 18
1608 160 19
1608 161 11
1608 161 12
1608 161 13
1608 161 14
1608 161 15
1608 161 16
1608 161 17
1608 161 18
1608 161 19
1608 162 11
1608 162 12
1608 162 13
1608 162 14
1608 162 15
1608 162 16
1608 162 17
1608 162 18
1608 162 19
1608 163 11
1608 163 12
1608 163 13
1608 163 14
1608 163 15
1608 163 16
1608 163 17
1608 163 18
1608 163 19
1608 164 11
1608 164 12
1608 164 13
1608 164 14
1608 164 15
1608 164 16
1608 164 17
1608 164 18
1608 164 19
1608 165 11
1608 165 12
1608 165 13
1608 165 14
1608 165 15
1608 165 16
1608 165 17
1608 165 18
1608 165 19
1609 156 11
1609 156 12
1609 156 13
1609 156 14
1609 156 15
1609 156 16
1609 156 17
1609 156 18
1609 156 19
1609 157 11
1609 157 12
1609 157 13
1609 157 14
1609 157 15
1609 157 16
1609 157 17
1609 157 18
1609 157 19
1609 158 11
1609 158 12
1609 158 13
1609 158 14
1609 158 15
1609 158 16
1609 158 17
1609 158 18
1609 158 19
1609 159 11
1609 159 12
1609 159 13
1609 159 14
1609 159 15
1609 159 16
1609 159 17
1609 159 18
1609 159 19
1609 160 11
1609 160 12
1609 160 13
1609 160 14
1609 160 15
1609 160 16
1609 160 17
1609 160 18
1609 160 19
1609 161 11
1609 161 12
1609 161 13
1609 161 14
1609 161 15
1609 161 16
1609 161 17
1609 161 18
1609 161 19
1609 162 11
1609 162 12
1609 162 13
1609 162 14
1609 162 15
1609 162 16
1609 162 17
1609 162 18
1609 162 19
1609 163 11
1609 163 12
1609 163 13
1609 163 14
1609 163 15
1609 163 16
1609 163 17
1609 163 18
1609 163 19
1609 164 11
1609 164 12
1609 164 13
1609 164 14
1609 164 15
1609 164 16
1609 164 17
1609 164 18
1609 164 19
1609 165 11
1609 165 12
1609 165 13
1609 165 14
1609 165 15
1609 165 16
1609 165 17
1609 165 18
1609 165 19
1610 156 11
1610 156 12
1610 156 13
1610 156 14
1610 156 15
1610 156 16
1610 156 17
1610 156 18
1610 156 19
1610 157 11
1610 157 12
1610 157 13
1610 157 14
1610 157 15
1610 157 16
1610 157 17
1610 157 18
1610 157 19
1610 158 11
1610 158 12
1610 158 13
1610 158 14
1610 158 15
1610 158 16
1610 158 17
1610 158 18
1610 158 19
1610 159 11
1610 159 12
1610 159 13
1610 159 14
1610 159 15
1610 159 16
1610 159 17
1610 159 18
1610 159 19
1610 160 11
1610 160 12
1610 160 13
1610 160 14
1610 160 15
1610 160 16
1610 160 17
1610 160 18
1610 160 19
1610 161 11
1610 161 12
1610 161 13
1610 161 14
1610 161 15
1610 161 16
1610 161 17
1610 161 18
1610 161 19
1610 162 11
1610 162 12
1610 162 13
1610 162 14
1610 162 15
1610 162 16
1610 162 17
1610 162 18
1610 162 19
1610 163 11
1610 163 12
1610 163 13
1610 163 14
1610 163 15
1610 163 16
1610 163 17
1610 163 18
1610 163 19
1610 164 11
1610 164 12
1610 164 13
1610 164 14
1610 164 15
1610 164 16
1610 164 17
1610 164 18
1610 164 19
1610 165 11
1610 165 12
1610 165 13
1610 165 14
1610 165 15
1610 165 16
1610 165 17
1610 165 18
1610 165 19
1611 156 11
1611 156 12
1611 156 13
1611 156 14
1611 156 15
1611 156 16
1611 156 17
1611 156 18
1611 156 19
1611 157 11
1611 157 12
1611 157 13
1611 157 14
1611 157 15
1611 157 16
1611 157 17
1611 157 18
1611 157 19
1611 158 11
1611 158 12
1611 158 13
1611 158 14
1611 158 15
1611 158 16
1611 158 17
1611 158 18
1611 158 19
1611 159 11
1611 159 12
1611 159 13
1611 159 14
1611 159 15
1611 159 16
1611 159 17
1611 159 18
1611 159 19
1611 160 11
1611 160 12
1611 160 13
1611 160 14
1611 160 15
1611 160 16
1611 160 17
1611 160 18
1611 160 19
1611 161 11
1611 161 12
1611 161 13
1611 161 14
1611 161 15
1611 161 16
1611 161 17
1611 161 18
1611 161 19
1611 162 11
1611 162 12
1611 162 13
1611 162 14
1611 162 15
1611 162 16
1611 162 17
1611 162 18
1611 162 19
1611 163 11
1611 163 12
1611 163 13
1611 163 14
1611 163 15
1611 163 16
1611 163 17
1611 163 18
1611 163 19
1611 164 11
1611 164 12
1611 164 13
1611 164 14
1611 164 15
1611 164 16
1611 164 17
1611 164 18
1611 164 19
1611 165 11
1611 165 12
1611 165 13
1611 165 14
1611 165 15
1611 165 16
1611 165 17
1611 165 18
1611 165 19
1612 156 11
1612 156 12
1612 156 13
1612 156 14
1612 156 15
1612 156 16
1612 156 17
1612 156 18
1612 156 19
1612 157 11
1612 157 12
1612 157 13
1612 157 14
1612 157 15
1612 157 16
1612 157 17
1612 157 18
1612 157 19
1612 158 11
1612 158 12
1612 158 13
1612 158 14
1612 158 15
1612 158 16
1612 158 17
1612 158 18
1612 158 19
1612 159 11
1612 159 12
1612 159 13
1612 159 14
1612 159 15
1612 159 16
1612 159 17
1612 159 18
1612 159 19
1612 160 11
1612 160 12
1612 160 13
1612 160 14
1612 160 15
1612 160 16
1612 160 17
1612 160 18
1612 160 19
1612 161 11
1612 161 12
1612 161 13
1612 161 14
1612 161 15
1612 161 16
1612 161 17
1612 161 18
1612 161 19
1612 162 11
1612 162 12
1612 162 13
1612 162 14
1612 162 15
1612 162 16
1612 162 17
1612 162 18
1612 162 19
1612 163 11
1612 163 12
1612 163 13
1612 163 14
1612 163 15
1612 163 16
1612 163 17
1612 163 18
1612 163 19
1612 164 11
1612 164 12
1612 164 13
1612 164 14
1612 164 15
1612 164 16
1612 164 17
1612 164 18
1612 164 19
1612 165 11
1612 165 12
1612 165 13
1612 165 14
1612 165 15
1612 165 16
1612 165 17
1612 165 18
1612 165 19
1613 156 11
1613 156 12
1613 156 13
1613 156 14
1613 156 15
1613 156 16
1613 156 17
1613 156 18
1613 156 19
1613 157 11
1613 157 12
1613 157 13
1613 157 14
1613 157 15
1613 157 16
1613 157 17
1613 157 18
1613 157 19
1613 158 11
1613 158 12
1613 158 13
1613 158 14
1613 158 15
1613 158 16
1613 158 17
1613 158 18
1613 158 19
1613 159 11
1613 159 12
1613 159 13
1613 159 14
1613 159 15
1613 159 16
1613 159 17
1613 159 18
1613 159 19
1613 160 11
1613 160 12
1613 160 13
1613 160 14
1613 160 15
1613 160 16
1613 160 17
1613 160 18
1613 160 19
1613 161 11
1613 161 12
1613 161 13
1613 161 14
1613 161 15
1613 161 16
1613 161 17
1613 161 18
1613 161 19
1613 162 11
1613 162 12
1613 162 13
1613 162 14
1613 162 15
1613 162 16
1613 162 17
1613 162 18
1613 162 19
1613 163 11
1613 163 12
1613 163 13
1613 163 14
1613 163 15
1613 163 16
1613 163 17
1613 163 18
1613 163 19
1613 164 11
1613 164 12
1613 164 13
1613 164 14
1613 164 15
1613 164 16
1613 164 17
1613 164 18
1613 164 19
1613 165 11
1613 165 12
1613 165 13
1613 165 14
1613 165 15
1613 165 16
1613 165 17
1613 165 18
1613 165 19
1614 156 11
1614 156 12
1614 156 13
1614 156 14
1614 156 15
1614 156 16
1614 156 17
1614 156 18
1614 156 19
1614 157 11
1614 157 12
1614 157 13
1614 157 14
1614 157 15
1614 157 16
1614 157 17
1614 157 18
1614 157 19
1614 158 11
1614 158 12
1614 158 13
1614 158 14
1614 158 15
1614 158 16
1614 158 17
1614 158 18
1614 158 19
1614 159 11
1614 159 12
1614 159 13
1614 159 14
1614 159 15
1614 159 16
1614 159 17
1614 159 18
1614 159 19
1614 160 11
1614 160 12
1614 160 13
1614 160 14
1614 160 15
1614 160 16
1614 160 17
1614 160 18
1614 160 19
1614 161 11
1614 161 12
1614 161 13
1614 161 14
1614 161 15
1614 161 16
1614 161 17
1614 161 18
1614 161 19
1614 162 11
1614 162 12
1614 162 13
1614 162 14
1614 162 15
1614 162 16
1614 162 17
1614 162 18
1614 162 19
1614 163 11
1614 163 12
1614 163 13
1614 163 14
1614 163 15
1614 163 16
1614 163 17
1614 163 18
1614 163 19
1614 164 11
1614 164 12
1614 164 13
1614 164 14
1614 164 15
1614 164 16
1614 164 17
1614 164 18
1614 164 19
1614 165 11
1614 165 12
1614 165 13
1614 165 14
1614 165 15
1614 165 16
1614 165 17
1614 165 18
1614 165 19
1615 156 11
1615 156 12
1615 156 13
1615 156 14
1615 156 15
1615 156 16
1615 156 17
1615 156 18
1615 156 19
1615 157 11
1615 157 12
1615 157 13
1615 157 14
1615 157 15
1615 157 16
1615 157 17
1615 157 18
1615 157 19
1615 158 11
1615 158 12
1615 158 13
1615 158 14
1615 158 15
1615 158 16
1615 158 17
1615 158 18
1615 158 19
1615 159 11
1615 159 12
1615 159 13
1615 159 14
1615 159 15
1615 159 16
1615 159 17
1615 159 18
1615 159 19
1615 160 11
1615 160 12
1615 160 13
1615 160 14
1615 160 15
1615 160 16
1615 160 17
1615 160 18
1615 160 19
1615 161 11
1615 161 12
1615 161 13
1615 161 14
1615 161 15
1615 161 16
1615 161 17
1615 161 18
1615 161 19
1615 162 11
1615 162 12
1615 162 13
1615 162 14
1615 162 15
1615 162 16
1615 162 17
1615 162 18
1615 162 19
1615 163 11
1615 163 12
1615 163 13
1615 163 14
1615 163 15
1615 163 16
1615 163 17
1615 163 18
1615 163 19
1615 164 11
1615 164 12
1615 164 13
1615 164 14
1615 164 15
1615 164 16
1615 164 17
1615 164 18
1615 164 19
1615 165 11
1615 165 12
1615 165 13
1615 165 14
1615 165 15
1615 165 16
1615 165 17
1615 165 18
1615 165 19
1616 156 11
1616 156 12
1616 156 13
1616 156 14
1616 156 15
1616 156 16
1616 156 17
1616 156 18
1616 156 19
1616 157 11
1616 157 12
1616 157 13
1616 157 14
1616 157 15
1616 157 16
1616 157 17
1616 157 18
1616 157 19
1616 158 11
1616 158 12
1616 158 13
1616 158 14
1616 158 15
1616 158 16
1616 158 17
1616 158 18
1616 158 19
1616 159 11
1616 159 12
1616 159 13
1616 159 14
1616 159 15
1616 159 16
1616 159 17
1616 159 18
1616 159 19
1616 160 11
1616 160 12
1616 160 13
1616 160 14
1616 160 15
1616 160 16
1616 160 17
1616 160 18
1616 160 19
1616 161 11
1616 161 12
1616 161 13
1616 161 14
1616 161 15
1616 161 16
1616 161 17
1616 161 18
1616 161 19
1616 162 11
1616 162 12
1616 162 13
1616 162 14
1616 162 15
1616 162 16
1616 162 17
1616 162 18
1616 162 19
1616 163 11
1616 163 12
1616 163 13
1616 163 14
1616 163 15
1616 163 16
1616 163 17
1616 163 18
1616 163 19
1616 164 11
1616 164 12
1616 164 13
1616 164 14
1616 164 15
1616 164 16
1616 164 17
1616 164 18
1616 164 19
1616 165 11
1616 165 12
1616 165 13
1616 165 14
1616 165 15
1616 165 16
1616 165 17
1616 165 18
1616 165 19
1617 156 11
1617 156 12
1617 156 13
1617 156 14
1617 156 15
1617 156 16
1617 156 17
1617 156 18
1617 156 19
1617 157 11
1617 157 12
1617 157 13
1617 157 14
1617 157 15
1617 157 16
1617 157 17
1617 157 18
1617 157 19
1617 158 11
1617 158 12
1617 158 13
1617 158 14
1617 158 15
1617 158 16
1617 158 17
1617 158 18
1617 158 19
1617 159 11
1617 159 12
1617 159 13
1617 159 14
1617 159 15
1617 159 16
1617 159 17
1617 159 18
1617 159 19
1617 160 11
1617 160 12
1617 160 13
1617 160 14
1617 160 15
1617 160 16
1617 160 17
1617 160 18
1617 160 19
1617 161 11
1617 161 12
1617 161 13
1617 161 14
1617 161 15
1617 161 16
1617 161 17
1617 161 18
1617 161 19
1617 162 11
1617 162 12
1617 162 13
1617 162 14
1617 162 15
1617 162 16
1617 162 17
1617 162 18
1617 162 19
1617 163 11
1617 163 12
1617 163 13
1617 163 14
1617 163 15
1617 163 16
1617 163 17
1617 163 18
1617 163 19
1617 164 11
1617 164 12
1617 164 13
1617 164 14
1617 164 15
1617 164 16
1617 164 17
1617 164 18
1617 164 19
1617 165 11
1617 165 12
1617 165 13
1617 165 14
1617 165 15
1617 165 16
1617 165 17
1617 165 18
1617 165 19
1618 156 11
1618 156 12
1618 156 13
1618 156 14
1618 156 15
1618 156 16
1618 156 17
1618 156 18
1618 156 19
1618 157 11
1618 157 12
1618 157 13
1618 157 14
1618 157 15
1618 157 16
1618 157 17
1618 157 18
1618 157 19
1618 158 11
1618 158 12
1618 158 13
1618 158 14
1618 158 15
1618 158 16
1618 158 17
1618 158 18
1618 158 19
1618 159 11
1618 159 12
1618 159 13
1618 159 14
1618 159 15
1618 159 16
1618 159 17
1618 159 18
1618 159 19
1618 160 11
1618 160 12
1618 160 13
1618 160 14
1618 160 15
1618 160 16
1618 160 17
1618 160 18
1618 160 19
1618 161 11
1618 161 12
1618 161 13
1618 161 14
1618 161 15
1618 161 16
1618 161 17
1618 161 18
1618 161 19
1618 162 11
1618 162 12
1618 162 13
1618 162 14
1618 162 15
1618 162 16
1618 162 17
1618 162 18
1618 162 19
1618 163 11
1618 163 12
1618 163 13
1618 163 14
1618 163 15
1618 163 16
1618 163 17
1618 163 18
1618 163 19
1618 164 11
1618 164 12
1618 164 13
1618 164 14
1618 164 15
1618 164 16
1618 164 17
1618 164 18
1618 164 19
1618 165 11
1618 165 12
1618 165 13
1618 165 14
1618 165 15
1618 165 16
1618 165 17
1618 165 18
1618 165 19
1619 156 11
1619 156 12
1619 156 13
1619 156 14
1619 156 15
1619 156 16
1619 156 17
1619 156 18
1619 156 19
1619 157 11
1619 157 12
1619 157 13
1619 157 14
1619 157 15
1619 157 16
1619 157 17
1619 157 18
1619 157 19
1619 158 11
1619 158 12
1619 158 13
1619 158 14
1619 158 15
1619 158 16
1619 158 17
1619 158 18
1619 158 19
1619 159 11
1619 159 12
1619 159 13
1619 159 14
1619 159 15
1619 159 16
1619 159 17
1619 159 18
1619 159 19
1619 160 11
1619 160 12
1619 160 13
1619 160 14
1619 160 15
1619 160 16
1619 160 17
1619 160 18
1619 160 19
1619 161 11
1619 161 12
1619 161 13
1619 161 14
1619 161 15
1619 161 16
1619 161 17
1619 161 18
1619 161 19
1619 162 11
1619 162 12
1619 162 13
1619 162 14
1619 162 15
1619 162 16
1619 162 17
1619 162 18
1619 162 19
1619 163 11
1619 163 12
1619 163 13
1619 163 14
1619 163 15
1619 163 16
1619 163 17
1619 163 18
1619 163 19
1619 164 11
1619 164 12
1619 164 13
1619 164 14
1619 164 15
1619 164 16
1619 164 17
1619 164 18
1619 164 19
1619 165 11
1619 165 12
1619 165 13
1619 165 14
1619 165 15
1619 165 16
1619 165 17
1619 165 18
1619 165 19
1620 156 11
1620 156 12
1620 156 13
1620 156 14
1620 156 15
1620 156 16
1620 156 17
1620 156 18
1620 156 19
1620 157 11
1620 157 12
1620 157 13
1620 157 14
1620 157 15
1620 157 16
1620 157 17
1620 157 18
1620 157 19
1620 158 11
1620 158 12
1620 158 13
1620 158 14
1620 158 15
1620 158 16
1620 158 17
1620 158 18
1620 158 19
1620 159 11
1620 159 12
1620 159 13
1620 159 14
1620 159 15
1620 159 16
1620 159 17
1620 159 18
1620 159 19
1620 160 11
1620 160 12
1620 160 13
1620 160 14
1620 160 15
1620 160 16
1620 160 17
1620 160 18
1620 160 19
1620 161 11
1620 161 12
1620 161 13
1620 161 14
1620 161 15
1620 161 16
1620 161 17
1620 161 18
1620 161 19
1620 162 11
1620 162 12
1620 162 13
1620 162 14
1620 162 15
1620 162 16
1620 162 17
1620 162 18
1620 162 19
1620 163 11
1620 163 12
1620 163 13
1620 163 14
1620 163 15
1620 163 16
1620 163 17
1620 163 18
1620 163 19
1620 164 11
1620 164 12
1620 164 13
1620 164 14
1620 164 15
1620 164 16
1620 164 17
1620 164 18
1620 164 19
1620 165 11
1620 165 12
1620 165 13
1620 165 14
1620 165 15
1620 165 16
1620 165 17
1620 165 18
1620 165 19
1621 156 11
1621 156 12
1621 156 13
1621 156 14
1621 156 15
1621 156 16
1621 156 17
1621 156 18
1621 156 19
1621 157 11
1621 157 12
1621 157 13
1621 157 14
1621 157 15
1621 157 16
1621 157 17
1621 157 18
1621 157 19
1621 158 11
1621 158 12
1621 158 13
1621 158 14
1621 158 15
1621 158 16
1621 158 17
1621 158 18
1621 158 19
1621 159 11
1621 159 12
1621 159 13
1621 159 14
1621 159 15
1621 159 16
1621 159 17
1621 159 18
1621 159 19
1621 160 11
1621 160 12
1621 160 13
1621 160 14
1621 160 15
1621 160 16
1621 160 17
1621 160 18
1621 160 19
1621 161 11
1621 161 12
1621 161 13
1621 161 14
1621 161 15
1621 161 16
1621 161 17
1621 161 18
1621 161 19
1621 162 11
1621 162 12
1621 162 13
1621 162 14
1621 162 15
1621 162 16
1621 162 17
1621 162 18
1621 162 19
1621 163 11
1621 163 12
1621 163 13
1621 163 14
1621 163 15
1621 163 16
1621 163 17
1621 163 18
1621 163 19
1621 164 11
1621 164 12
1621 164 13
1621 164 14
1621 164 15
1621 164 16
1621 164 17
1621 164 18
1621 164 19
1621 165 11
1621 165 12
1621 165 13
1621 165 14
1621 165 15
1621 165 16
1621 165 17
1621 165 18
1621 165 19
1622 156 11
1622 156 12
1622 156 13
1622 156 14
1622 156 15
1622 156 16
1622 156 17
1622 156 18
1622 156 19
1622 157 11
1622 157 12
1622 157 13
1622 157 14
1622 157 15
1622 157 16
1622 157 17
1622 157 18
1622 157 19
1622 158 11
1622 158 12
1622 158 13
1622 158 14
1622 158 15
1622 158 16
1622 158 17
1622 158 18
1622 158 19
1622 159 11
1622 159 12
1622 159 13
1622 159 14
1622 159 15
1622 159 16
1622 159 17
1622 159 18
1622 159 19
1622 160 11
1622 160 12
1622 160 13
1622 160 14
1622 160 15
1622 160 16
1622 160 17
1622 160 18
1622 160 19
1622 161 11
1622 161 12
1622 161 13
1622 161 14
1622 161 15
1622 161 16
1622 161 17
1622 161 18
1622 161 19
1622 162 11
1622 162 12
1622 162 13
1622 162 14
1622 162 15
1622 162 16
1622 162 17
1622 162 18
1622 162 19
1622 163 11
1622 163 12
1622 163 13
1622 163 14
1622 163 15
1622 163 16
1622 163 17
1622 163 18
1622 163 19
1622 164 11
1622 164 12
1622 164 13
1622 164 14
1622 164 15
1622 164 16
1622 164 17
1622 164 18
1622 164 19
1622 165 11
1622 165 12
1622 165 13
1622 165 14
1622 165 15
1622 165 16
1622 165 17
1622 165 18
1622 165 19
1623 156 11
1623 156 12
1623 156 13
1623 156 14
1623 156 15
1623 156 16
1623 156 17
1623 156 18
1623 156 19
1623 157 11
1623 157 12
1623 157 13
1623 157 14
1623 157 15
1623 157 16
1623 157 17
1623 157 18
1623 157 19
1623 158 11
1623 158 12
1623 158 13
1623 158 14
1623 158 15
1623 158 16
1623 158 17
1623 158 18
1623 158 19
1623 159 11
1623 159 12
1623 159 13
1623 159 14
1623 159 15
1623 159 16
1623 159 17
1623 159 18
1623 159 19
1623 160 11
1623 160 12
1623 160 13
1623 160 14
1623 160 15
1623 160 16
1623 160 17
1623 160 18
1623 160 19
1623 161 11
1623 161 12
1623 161 13
1623 161 14
1623 161 15
1623 161 16
1623 161 17
1623 161 18
1623 161 19
1623 162 11
1623 162 12
1623 162 13
1623 162 14
1623 162 15
1623 162 16
1623 162 17
1623 162 18
1623 162 19
1623 163 11
1623 163 12
1623 163 13
1623 163 14
1623 163 15
1623 163 16
1623 163 17
1623 163 18
1623 163 19
1623 164 11
1623 164 12
1623 164 13
1623 164 14
1623 164 15
1623 164 16
1623 164 17
1623 164 18
1623 164 19
1623 165 11
1623 165 12
1623 165 13
1623 165 14
1623 165 15
1623 165 16
1623 165 17
1623 165 18
1623 165 19
1624 156 11
1624 156 12
1624 156 13
1624 156 14
1624 156 15
1624 156 16
1624 156 17
1624 156 18
1624 156 19
1624 157 11
1624 157 12
1624 157 13
1624 157 14
1624 157 15
1624 157 16
1624 157 17
1624 157 18
1624 157 19
1624 158 11
1624 158 12
1624 158 13
1624 158 14
1624 158 15
1624 158 16
1624 158 17
1624 158 18
1624 158 19
1624 159 11
1624 159 12
1624 159 13
1624 159 14
1624 159 15
1624 159 16
1624 159 17
1624 159 18
1624 159 19
1624 160 11
1624 160 12
1624 160 13
1624 160 14
1624 160 15
1624 160 16
1624 160 17
1624 160 18
1624 160 19
1624 161 11
1624 161 12
1624 161 13
1624 161 14
1624 161 15
1624 161 16
1624 161 17
1624 161 18
1624 161 19
1624 162 11
1624 162 12
1624 162 13
1624 162 14
1624 162 15
1624 162 16
1624 162 17
1624 162 18
1624 162 19
1624 163 11
1624 163 12
1624 163 13
1624 163 14
1624 163 15
1624 163 16
1624 163 17
1624 163 18
1624 163 19
1624 164 11
1624 164 12
1624 164 13
1624 164 14
1624 164 15
1624 164 16
1624 164 17
1624 164 18
1624 164 19
1624 165 11
1624 165 12
1624 165 13
1624 165 14
1624 165 15
1624 165 16
1624 165 17
1624 165 18
1624 165 19
1625 156 11
1625 156 12
1625 156 13
1625 156 14
1625 156 15
1625 156 16
1625 156 17
1625 156 18
1625 156 19
1625 157 11
1625 157 12
1625 157 13
1625 157 14
1625 157 15
1625 157 16
1625 157 17
1625 157 18
1625 157 19
1625 158 11
1625 158 12
1625 158 13
1625 158 14
1625 158 15
1625 158 16
1625 158 17
1625 158 18
1625 158 19
1625 159 11
1625 159 12
1625 159 13
1625 159 14
1625 159 15
1625 159 16
1625 159 17
1625 159 18
1625 159 19
1625 160 11
1625 160 12
1625 160 13
1625 160 14
1625 160 15
1625 160 16
1625 160 17
1625 160 18
1625 160 19
1625 161 11
1625 161 12
1625 161 13
1625 161 14
1625 161 15
1625 161 16
1625 161 17
1625 161 18
1625 161 19
1625 162 11
1625 162 12
1625 162 13
1625 162 14
1625 162 15
1625 162 16
1625 162 17
1625 162 18
1625 162 19
1625 163 11
1625 163 12
1625 163 13
1625 163 14
1625 163 15
1625 163 16
1625 163 17
1625 163 18
1625 163 19
1625 164 11
1625 164 12
1625 164 13
1625 164 14
1625 164 15
1625 164 16
1625 164 17
1625 164 18
1625 164 19
1625 165 11
1625 165 12
1625 165 13
1625 165 14
1625 165 15
1625 165 16
1625 165 17
1625 165 18
1625 165 19
1626 156 11
1626 156 12
1626 156 13
1626 156 14
1626 156 15
1626 156 16
1626 156 17
1626 156 18
1626 156 19
1626 157 11
1626 157 12
1626 157 13
1626 157 14
1626 157 15
1626 157 16
1626 157 17
1626 157 18
1626 157 19
1626 158 11
1626 158 12
1626 158 13
1626 158 14
1626 158 15
1626 158 16
1626 158 17
1626 158 18
1626 158 19
1626 159 11
1626 159 12
1626 159 13
1626 159 14
1626 159 15
1626 159 16
1626 159 17
1626 159 18
1626 159 19
1626 160 11
1626 160 12
1626 160 13
1626 160 14
1626 160 15
1626 160 16
1626 160 17
1626 160 18
1626 160 19
1626 161 11
1626 161 12
1626 161 13
1626 161 14
1626 161 15
1626 161 16
1626 161 17
1626 161 18
1626 161 19
1626 162 11
1626 162 12
1626 162 13
1626 162 14
1626 162 15
1626 162 16
1626 162 17
1626 162 18
1626 162 19
1626 163 11
1626 163 12
1626 163 13
1626 163 14
1626 163 15
1626 163 16
1626 163 17
1626 163 18
1626 163 19
1626 164 11
1626 164 12
1626 164 13
1626 164 14
1626 164 15
1626 164 16
1626 164 17
1626 164 18
1626 164 19
1626 165 11
1626 165 12
1626 165 13
1626 165 14
1626 165 15
1626 165 16
1626 165 17
1626 165 18
1626 165 19
1627 156 11
1627 156 12
1627 156 13
1627 156 14
1627 156 15
1627 156 16
1627 156 17
1627 156 18
1627 156 19
1627 157 11
1627 157 12
1627 157 13
1627 157 14
1627 157 15
1627 157 16
1627 157 17
1627 157 18
1627 157 19
1627 158 11
1627 158 12
1627 158 13
1627 158 14
1627 158 15
1627 158 16
1627 158 17
1627 158 18
1627 158 19
1627 159 11
1627 159 12
1627 159 13
1627 159 14
1627 159 15
1627 159 16
1627 159 17
1627 159 18
1627 159 19
1627 160 11
1627 160 12
1627 160 13
1627 160 14
1627 160 15
1627 160 16
1627 160 17
1627 160 18
1627 160 19
1627 161 11
1627 161 12
1627 161 13
1627 161 14
1627 161 15
1627 161 16
1627 161 17
1627 161 18
1627 161 19
1627 162 11
1627 162 12
1627 162 13
1627 162 14
1627 162 15
1627 162 16
1627 162 17
1627 162 18
1627 162 19
1627 163 11
1627 163 12
1627 163 13
1627 163 14
1627 163 15
1627 163 16
1627 163 17
1627 163 18
1627 163 19
1627 164 11
1627 164 12
1627 164 13
1627 164 14
1627 164 15
1627 164 16
1627 164 17
1627 164 18
1627 164 19
1627 165 11
1627 165 12
1627 165 13
1627 165 14
1627 165 15
1627 165 16
1627 165 17
1627 165 18
1627 165 19
1628 156 11
1628 156 12
1628 156 13
1628 156 14
1628 156 15
1628 156 16
1628 156 17
1628 156 18
1628 156 19
1628 157 11
1628 157 12
1628 157 13
1628 157 14
1628 157 15
1628 157 16
1628 157 17
1628 157 18
1628 157 19
1628 158 11
1628 158 12
1628 158 13
1628 158 14
1628 158 15
1628 158 16
1628 158 17
1628 158 18
1628 158 19
1628 159 11
1628 159 12
1628 159 13
1628 159 14
1628 159 15
1628 159 16
1628 159 17
1628 159 18
1628 159 19
1628 160 11
1628 160 12
1628 160 13
1628 160 14
1628 160 15
1628 160 16
1628 160 17
1628 160 18
1628 160 19
1628 161 11
1628 161 12
1628 161 13
1628 161 14
1628 161 15
1628 161 16
1628 161 17
1628 161 18
1628 161 19
1628 162 11
1628 162 12
1628 162 13
1628 162 14
1628 162 15
1628 162 16
1628 162 17
1628 162 18
1628 162 19
1628 163 11
1628 163 12
1628 163 13
1628 163 14
1628 163 15
1628 163 16
1628 163 17
1628 163 18
1628 163 19
1628 164 11
1628 164 12
1628 164 13
1628 164 14
1628 164 15
1628 164 16
1628 164 17
1628 164 18
1628 164 19
1628 165 11
1628 165 12
1628 165 13
1628 165 14
1628 165 15
1628 165 16
1628 165 17
1628 165 18
1628 165 19
1629 156 11
1629 156 12
1629 156 13
1629 156 14
1629 156 15
1629 156 16
1629 156 17
1629 156 18
1629 156 19
1629 157 11
1629 157 12
1629 157 13
1629 157 14
1629 157 15
1629 157 16
1629 157 17
1629 157 18
1629 157 19
1629 158 11
1629 158 12
1629 158 13
1629 158 14
1629 158 15
1629 158 16
1629 158 17
1629 158 18
1629 158 19
1629 159 11
1629 159 12
1629 159 13
1629 159 14
1629 159 15
1629 159 16
1629 159 17
1629 159 18
1629 159 19
1629 160 11
1629 160 12
1629 160 13
1629 160 14
1629 160 15
1629 160 16
1629 160 17
1629 160 18
1629 160 19
1629 161 11
1629 161 12
1629 161 13
1629 161 14
1629 161 15
1629 161 16
1629 161 17
1629 161 18
1629 161 19
1629 162 11
1629 162 12
1629 162 13
1629 162 14
1629 162 15
1629 162 16
1629 162 17
1629 162 18
1629 162 19
1629 163 11
1629 163 12
1629 163 13
1629 163 14
1629 163 15
1629 163 16
1629 163 17
1629 163 18
1629 163 19
1629 164 11
1629 164 12
1629 164 13
1629 164 14
1629 164 15
1629 164 16
1629 164 17
1629 164 18
1629 164 19
1629 165 11
1629 165 12
1629 165 13
1629 165 14
1629 165 15
1629 165 16
1629 165 17
1629 165 18
1629 165 19
1630 156 11
1630 156 12
1630 156 13
1630 156 14
1630 156 15
1630 156 16
1630 156 17
1630 156 18
1630 156 19
1630 157 11
1630 157 12
1630 157 13
1630 157 14
1630 157 15
1630 157 16
1630 157 17
1630 157 18
1630 157 19
1630 158 11
1630 158 12
1630 158 13
1630 158 14
1630 158 15
1630 158 16
1630 158 17
1630 158 18
1630 158 19
1630 159 11
1630 159 12
1630 159 13
1630 159 14
1630 159 15
1630 159 16
1630 159 17
1630 159 18
1630 159 19
1630 160 11
1630 160 12
1630 160 13
1630 160 14
1630 160 15
1630 160 16
1630 160 17
1630 160 18
1630 160 19
1630 161 11
1630 161 12
1630 161 13
1630 161 14
1630 161 15
1630 161 16
1630 161 17
1630 161 18
1630 161 19
1630 162 11
1630 162 12
1630 162 13
1630 162 14
1630 162 15
1630 162 16
1630 162 17
1630 162 18
1630 162 19
1630 163 11
1630 163 12
1630 163 13
1630 163 14
1630 163 15
1630 163 16
1630 163 17
1630 163 18
1630 163 19
1630 164 11
1630 164 12
1630 164 13
1630 164 14
1630 164 15
1630 164 16
1630 164 17
1630 164 18
1630 164 19
1630 165 11
1630 165 12
1630 165 13
1630 165 14
1630 165 15
1630 165 16
1630 165 17
1630 165 18
1630 165 19
1631 156 11
1631 156 12
1631 156 13
1631 156 14
1631 156 15
1631 156 16
1631 156 17
1631 156 18
1631 156 19
1631 157 11
1631 157 12
1631 157 13
1631 157 14
1631 157 15
1631 157 16
1631 157 17
1631 157 18
1631 157 19
1631 158 11
1631 158 12
1631 158 13
1631 158 14
1631 158 15
1631 158 16
1631 158 17
1631 158 18
1631 158 19
1631 159 11
1631 159 12
1631 159 13
1631 159 14
1631 159 15
1631 159 16
1631 159 17
1631 159 18
1631 159 19
1631 160 11
1631 160 12
1631 160 13
1631 160 14
1631 160 15
1631 160 16
1631 160 17
1631 160 18
1631 160 19
1631 161 11
1631 161 12
1631 161 13
1631 161 14
1631 161 15
1631 161 16
1631 161 17
1631 161 18
1631 161 19
1631 162 11
1631 162 12
1631 162 13
1631 162 14
1631 162 15
1631 162 16
1631 162 17
1631 162 18
1631 162 19
1631 163 11
1631 163 12
1631 163 13
1631 163 14
1631 163 15
1631 163 16
1631 163 17
1631 163 18
1631 163 19
1631 164 11
1631 164 12
1631 164 13
1631 164 14
1631 164 15
1631 164 16
1631 164 17
1631 164 18
1631 164 19
1631 165 11
1631 165 12
1631 165 13
1631 165 14
1631 165 15
1631 165 16
1631 165 17
1631 165 18
1631 165 19
1632 156 11
1632 156 12
1632 156 13
1632 156 14
1632 156 15
1632 156 16
1632 156 17
1632 156 18
1632 156 19
1632 157 11
1632 157 12
1632 157 13
1632 157 14
1632 157 15
1632 157 16
1632 157 17
1632 157 18
1632 157 19
1632 158 11
1632 158 12
1632 158 13
1632 158 14
1632 158 15
1632 158 16
1632 158 17
1632 158 18
1632 158 19
1632 159 11
1632 159 12
1632 159 13
1632 159 14
1632 159 15
1632 159 16
1632 159 17
1632 159 18
1632 159 19
1632 160 11
1632 160 12
1632 160 13
1632 160 14
1632 160 15
1632 160 16
1632 160 17
1632 160 18
1632 160 19
1632 161 11
1632 161 12
1632 161 13
1632 161 14
1632 161 15
1632 161 16
1632 161 17
1632 161 18
1632 161 19
1632 162 11
1632 162 12
1632 162 13
1632 162 14
1632 162 15
1632 162 16
1632 162 17
1632 162 18
1632 162 19
1632 163 11
1632 163 12
1632 163 13
1632 163 14
1632 163 15
1632 163 16
1632 163 17
1632 163 18
1632 163 19
1632 164 11
1632 164 12
1632 164 13
1632 164 14
1632 164 15
1632 164 16
1632 164 17
1632 164 18
1632 164 19
1632 165 11
1632 165 12
1632 165 13
1632 165 14
1632 165 15
1632 165 16
1632 165 17
1632 165 18
1632 165 19
1633 156 11
1633 156 12
1633 156 13
1633 156 14
1633 156 15
1633 156 16
1633 156 17
1633 156 18
1633 156 19
1633 157 11
1633 157 12
1633 157 13
1633 157 14
1633 157 15
1633 157 16
1633 157 17
1633 157 18
1633 157 19
1633 158 11
1633 158 12
1633 158 13
1633 158 14
1633 158 15
1633 158 16
1633 158 17
1633 158 18
1633 158 19
1633 159 11
1633 159 12
1633 159 13
1633 159 14
1633 159 15
1633 159 16
1633 159 17
1633 159 18
1633 159 19
1633 160 11
1633 160 12
1633 160 13
1633 160 14
1633 160 15
1633 160 16
1633 160 17
1633 160 18
1633 160 19
1633 161 11
1633 161 12
1633 161 13
1633 161 14
1633 161 15
1633 161 16
1633 161 17
1633 161 18
1633 161 19
1633 162 11
1633 162 12
1633 162 13
1633 162 14
1633 162 15
1633 162 16
1633 162 17
1633 162 18
1633 162 19
1633 163 11
1633 163 12
1633 163 13
1633 163 14
1633 163 15
1633 163 16
1633 163 17
1633 163 18
1633 163 19
1633 164 11
1633 164 12
1633 164 13
1633 164 14
1633 164 15
1633 164 16
1633 164 17
1633 164 18
1633 164 19
1633 165 11
1633 165 12
1633 165 13
1633 165 14
1633 165 15
1633 165 16
1633 165 17
1633 165 18
1633 165 19
1634 156 11
1634 156 12
1634 156 13
1634 156 14
1634 156 15
1634 156 16
1634 156 17
1634 156 18
1634 156 19
1634 157 11
1634 157 12
1634 157 13
1634 157 14
1634 157 15
1634 157 16
1634 157 17
1634 157 18
1634 157 19
1634 158 11
1634 158 12
1634 158 13
1634 158 14
1634 158 15
1634 158 16
1634 158 17
1634 158 18
1634 158 19
1634 159 11
1634 159 12
1634 159 13
1634 159 14
1634 159 15
1634 159 16
1634 159 17
1634 159 18
1634 159 19
1634 160 11
1634 160 12
1634 160 13
1634 160 14
1634 160 15
1634 160 16
1634 160 17
1634 160 18
1634 160 19
1634 161 11
1634 161 12
1634 161 13
1634 161 14
1634 161 15
1634 161 16
1634 161 17
1634 161 18
1634 161 19
1634 162 11
1634 162 12
1634 162 13
1634 162 14
1634 162 15
1634 162 16
1634 162 17
1634 162 18
1634 162 19
1634 163 11
1634 163 12
1634 163 13
1634 163 14
1634 163 15
1634 163 16
1634 163 17
1634 163 18
1634 163 19
1634 164 11
1634 164 12
1634 164 13
1634 164 14
1634 164 15
1634 164 16
1634 164 17
1634 164 18
1634 164 19
1634 165 11
1634 165 12
1634 165 13
1634 165 14
1634 165 15
1634 165 16
1634 165 17
1634 165 18
1634 165 19
1635 156 11
1635 156 12
1635 156 13
1635 156 14
1635 156 15
1635 156 16
1635 156 17
1635 156 18
1635 156 19
1635 157 11
1635 157 12
1635 157 13
1635 157 14
1635 157 15
1635 157 16
1635 157 17
1635 157 18
1635 157 19
1635 158 11
1635 158 12
1635 158 13
1635 158 14
1635 158 15
1635 158 16
1635 158 17
1635 158 18
1635 158 19
1635 159 11
1635 159 12
1635 159 13
1635 159 14
1635 159 15
1635 159 16
1635 159 17
1635 159 18
1635 159 19
1635 160 11
1635 160 12
1635 160 13
1635 160 14
1635 160 15
1635 160 16
1635 160 17
1635 160 18
1635 160 19
1635 161 11
1635 161 12
1635 161 13
1635 161 14
1635 161 15
1635 161 16
1635 161 17
1635 161 18
1635 161 19
1635 162 11
1635 162 12
1635 162 13
1635 162 14
1635 162 15
1635 162 16
1635 162 17
1635 162 18
1635 162 19
1635 163 11
1635 163 12
1635 163 13
1635 163 14
1635 163 15
1635 163 16
1635 163 17
1635 163 18
1635 163 19
1635 164 11
1635 164 12
1635 164 13
1635 164 14
1635 164 15
1635 164 16
1635 164 17
1635 164 18
1635 164 19
1635 165 11
1635 165 12
1635 165 13
1635 165 14
1635 165 15
1635 165 16
1635 165 17
1635 165 18
1635 165 19
1636 156 11
1636 156 12
1636 156 13
1636 156 14
1636 156 15
1636 156 16
1636 156 17
1636 156 18
1636 156 19
1636 157 11
1636 157 12
1636 157 13
1636 157 14
1636 157 15
1636 157 16
1636 157 17
1636 157 18
1636 157 19
1636 158 11
1636 158 12
1636 158 13
1636 158 14
1636 158 15
1636 158 16
1636 158 17
1636 158 18
1636 158 19
1636 159 11
1636 159 12
1636 159 13
1636 159 14
1636 159 15
1636 159 16
1636 159 17
1636 159 18
1636 159 19
1636 160 11
1636 160 12
1636 160 13
1636 160 14
1636 160 15
1636 160 16
1636 160 17
1636 160 18
1636 160 19
1636 161 11
1636 161 12
1636 161 13
1636 161 14
1636 161 15
1636 161 16
1636 161 17
1636 161 18
1636 161 19
1636 162 11
1636 162 12
1636 162 13
1636 162 14
1636 162 15
1636 162 16
1636 162 17
1636 162 18
1636 162 19
1636 163 11
1636 163 12
1636 163 13
1636 163 14
1636 163 15
1636 163 16
1636 163 17
1636 163 18
1636 163 19
1636 164 11
1636 164 12
1636 164 13
1636 164 14
1636 164 15
1636 164 16
1636 164 17
1636 164 18
1636 164 19
1636 165 11
1636 165 12
1636 165 13
1636 165 14
1636 165 15
1636 165 16
1636 165 17
1636 165 18
1636 165 19
1637 156 11
1637 156 12
1637 156 13
1637 156 14
1637 156 15
1637 156 16
1637 156 17
1637 156 18
1637 156 19
1637 157 11
1637 157 12
1637 157 13
1637 157 14
1637 157 15
1637 157 16
1637 157 17
1637 157 18
1637 157 19
1637 158 11
1637 158 12
1637 158 13
1637 158 14
1637 158 15
1637 158 16
1637 158 17
1637 158 18
1637 158 19
1637 159 11
1637 159 12
1637 159 13
1637 159 14
1637 159 15
1637 159 16
1637 159 17
1637 159 18
1637 159 19
1637 160 11
1637 160 12
1637 160 13
1637 160 14
1637 160 15
1637 160 16
1637 160 17
1637 160 18
1637 160 19
1637 161 11
1637 161 12
1637 161 13
1637 161 14
1637 161 15
1637 161 16
1637 161 17
1637 161 18
1637 161 19
1637 162 11
1637 162 12
1637 162 13
1637 162 14
1637 162 15
1637 162 16
1637 162 17
1637 162 18
1637 162 19
1637 163 11
1637 163 12
1637 163 13
1637 163 14
1637 163 15
1637 163 16
1637 163 17
1637 163 18
1637 163 19
1637 164 11
1637 164 12
1637 164 13
1637 164 14
1637 164 15
1637 164 16
1637 164 17
1637 164 18
1637 164 19
1637 165 11
1637 165 12
1637 165 13
1637 165 14
1637 165 15
1637 165 16
1637 165 17
1637 165 18
1637 165 19
1638 156 11
1638 156 12
1638 156 13
1638 156 14
1638 156 15
1638 156 16
1638 156 17
1638 156 18
1638 156 19
1638 157 11
1638 157 12
1638 157 13
1638 157 14
1638 157 15
1638 157 16
1638 157 17
1638 157 18
1638 157 19
1638 158 11
1638 158 12
1638 158 13
1638 158 14
1638 158 15
1638 158 16
1638 158 17
1638 158 18
1638 158 19
1638 159 11
1638 159 12
1638 159 13
1638 159 14
1638 159 15
1638 159 16
1638 159 17
1638 159 18
1638 159 19
1638 160 11
1638 160 12
1638 160 13
1638 160 14
1638 160 15
1638 160 16
1638 160 17
1638 160 18
1638 160 19
1638 161 11
1638 161 12
1638 161 13
1638 161 14
1638 161 15
1638 161 16
1638 161 17
1638 161 18
1638 161 19
1638 162 11
1638 162 12
1638 162 13
1638 162 14
1638 162 15
1638 162 16
1638 162 17
1638 162 18
1638 162 19
1638 163 11
1638 163 12
1638 163 13
1638 163 14
1638 163 15
1638 163 16
1638 163 17
1638 163 18
1638 163 19
1638 164 11
1638 164 12
1638 164 13
1638 164 14
1638 164 15
1638 164 16
1638 164 17
1638 164 18
1638 164 19
1638 165 11
1638 165 12
1638 165 13
1638 165 14
1638 165 15
1638 165 16
1638 165 17
1638 165 18
1638 165 19
1639 156 11
1639 156 12
1639 156 13
1639 156 14
1639 156 15
1639 156 16
1639 156 17
1639 156 18
1639 156 19
1639 157 11
1639 157 12
1639 157 13
1639 157 14
1639 157 15
1639 157 16
1639 157 17
1639 157 18
1639 157 19
1639 158 11
1639 158 12
1639 158 13
1639 158 14
1639 158 15
1639 158 16
1639 158 17
1639 158 18
1639 158 19
1639 159 11
1639 159 12
1639 159 13
1639 159 14
1639 159 15
1639 159 16
1639 159 17
1639 159 18
1639 159 19
1639 160 11
1639 160 12
1639 160 13
1639 160 14
1639 160 15
1639 160 16
1639 160 17
1639 160 18
1639 160 19
1639 161 11
1639 161 12
1639 161 13
1639 161 14
1639 161 15
1639 161 16
1639 161 17
1639 161 18
1639 161 19
1639 162 11
1639 162 12
1639 162 13
1639 162 14
1639 162 15
1639 162 16
1639 162 17
1639 162 18
1639 162 19
1639 163 11
1639 163 12
1639 163 13
1639 163 14
1639 163 15
1639 163 16
1639 163 17
1639 163 18
1639 163 19
1639 164 11
1639 164 12
1639 164 13
1639 164 14
1639 164 15
1639 164 16
1639 164 17
1639 164 18
1639 164 19
1639 165 11
1639 165 12
1639 165 13
1639 165 14
1639 165 15
1639 165 16
1639 165 17
1639 165 18
1639 165 19
1640 156 11
1640 156 12
1640 156 13
1640 156 14
1640 156 15
1640 156 16
1640 156 17
1640 156 18
1640 156 19
1640 157 11
1640 157 12
1640 157 13
1640 157 14
1640 157 15
1640 157 16
1640 157 17
1640 157 18
1640 157 19
1640 158 11
1640 158 12
1640 158 13
1640 158 14
1640 158 15
1640 158 16
1640 158 17
1640 158 18
1640 158 19
1640 159 11
1640 159 12
1640 159 13
1640 159 14
1640 159 15
1640 159 16
1640 159 17
1640 159 18
1640 159 19
1640 160 11
1640 160 12
1640 160 13
1640 160 14
1640 160 15
1640 160 16
1640 160 17
1640 160 18
1640 160 19
1640 161 11
1640 161 12
1640 161 13
1640 161 14
1640 161 15
1640 161 16
1640 161 17
1640 161 18
1640 161 19
1640 162 11
1640 162 12
1640 162 13
1640 162 14
1640 162 15
1640 162 16
1640 162 17
1640 162 18
1640 162 19
1640 163 11
1640 163 12
1640 163 13
1640 163 14
1640 163 15
1640 163 16
1640 163 17
1640 163 18
1640 163 19
1640 164 11
1640 164 12
1640 164 13
1640 164 14
1640 164 15
1640 164 16
1640 164 17
1640 164 18
1640 164 19
1640 165 11
1640 165 12
1640 165 13
1640 165 14
1640 165 15
1640 165 16
1640 165 17
1640 165 18
1640 165 19
1641 156 11
1641 156 12
1641 156 13
1641 156 14
1641 156 15
1641 156 16
1641 156 17
1641 156 18
1641 156 19
1641 157 11
1641 157 12
1641 157 13
1641 157 14
1641 157 15
1641 157 16
1641 157 17
1641 157 18
1641 157 19
1641 158 11
1641 158 12
1641 158 13
1641 158 14
1641 158 15
1641 158 16
1641 158 17
1641 158 18
1641 158 19
1641 159 11
1641 159 12
1641 159 13
1641 159 14
1641 159 15
1641 159 16
1641 159 17
1641 159 18
1641 159 19
1641 160 11
1641 160 12
1641 160 13
1641 160 14
1641 160 15
1641 160 16
1641 160 17
1641 160 18
1641 160 19
1641 161 11
1641 161 12
1641 161 13
1641 161 14
1641 161 15
1641 161 16
1641 161 17
1641 161 18
1641 161 19
1641 162 11
1641 162 12
1641 162 13
1641 162 14
1641 162 15
1641 162 16
1641 162 17
1641 162 18
1641 162 19
1641 163 11
1641 163 12
1641 163 13
1641 163 14
1641 163 15
1641 163 16
1641 163 17
1641 163 18
1641 163 19
1641 164 11
1641 164 12
1641 164 13
1641 164 14
1641 164 15
1641 164 16
1641 164 17
1641 164 18
1641 164 19
1641 165 11
1641 165 12
1641 165 13
1641 165 14
1641 165 15
1641 165 16
1641 165 17
1641 165 18
1641 165 19
1642 156 11
1642 156 12
1642 156 13
1642 156 14
1642 156 15
1642 156 16
1642 156 17
1642 156 18
1642 156 19
1642 157 11
1642 157 12
1642 157 13
1642 157 14
1642 157 15
1642 157 16
1642 157 17
1642 157 18
1642 157 19
1642 158 11
1642 158 12
1642 158 13
1642 158 14
1642 158 15
1642 158 16
1642 158 17
1642 158 18
1642 158 19
1642 159 11
1642 159 12
1642 159 13
1642 159 14
1642 159 15
1642 159 16
1642 159 17
1642 159 18
1642 159 19
1642 160 11
1642 160 12
1642 160 13
1642 160 14
1642 160 15
1642 160 16
1642 160 17
1642 160 18
1642 160 19
1642 161 11
1642 161 12
1642 161 13
1642 161 14
1642 161 15
1642 161 16
1642 161 17
1642 161 18
1642 161 19
1642 162 11
1642 162 12
1642 162 13
1642 162 14
1642 162 15
1642 162 16
1642 162 17
1642 162 18
1642 162 19
1642 163 11
1642 163 12
1642 163 13
1642 163 14
1642 163 15
1642 163 16
1642 163 17
1642 163 18
1642 163 19
1642 164 11
1642 164 12
1642 164 13
1642 164 14
1642 164 15
1642 164 16
1642 164 17
1642 164 18
1642 164 19
1642 165 11
1642 165 12
1642 165 13
1642 165 14
1642 165 15
1642 165 16
1642 165 17
1642 165 18
1642 165 19
1643 156 11
1643 156 12
1643 156 13
1643 156 14
1643 156 15
1643 156 16
1643 156 17
1643 156 18
1643 156 19
1643 157 11
1643 157 12
1643 157 13
1643 157 14
1643 157 15
1643 157 16
1643 157 17
1643 157 18
1643 157 19
1643 158 11
1643 158 12
1643 158 13
1643 158 14
1643 158 15
1643 158 16
1643 158 17
1643 158 18
1643 158 19
1643 159 11
1643 159 12
1643 159 13
1643 159 14
1643 159 15
1643 159 16
1643 159 17
1643 159 18
1643 159 19
1643 160 11
1643 160 12
1643 160 13
1643 160 14
1643 160 15
1643 160 16
1643 160 17
1643 160 18
1643 160 19
1643 161 11
1643 161 12
1643 161 13
1643 161 14
1643 161 15
1643 161 16
1643 161 17
1643 161 18
1643 161 19
1643 162 11
1643 162 12
1643 162 13
1643 162 14
1643 162 15
1643 162 16
1643 162 17
1643 162 18
1643 162 19
1643 163 11
1643 163 12
1643 163 13
1643 163 14
1643 163 15
1643 163 16
1643 163 17
1643 163 18
1643 163 19
1643 164 11
1643 164 12
1643 164 13
1643 164 14
1643 164 15
1643 164 16
1643 164 17
1643 164 18
1643 164 19
1643 165 11
1643 165 12
1643 165 13
1643 165 14
1643 165 15
1643 165 16
1643 165 17
1643 165 18
1643 165 19
1644 156 11
1644 156 12
1644 156 13
1644 156 14
1644 156 15
1644 156 16
1644 156 17
1644 156 18
1644 156 19
1644 157 11
1644 157 12
1644 157 13
1644 157 14
1644 157 15
1644 157 16
1644 157 17
1644 157 18
1644 157 19
1644 158 11
1644 158 12
1644 158 13
1644 158 14
1644 158 15
1644 158 16
1644 158 17
1644 158 18
1644 158 19
1644 159 11
1644 159 12
1644 159 13
1644 159 14
1644 159 15
1644 159 16
1644 159 17
1644 159 18
1644 159 19
1644 160 11
1644 160 12
1644 160 13
1644 160 14
1644 160 15
1644 160 16
1644 160 17
1644 160 18
1644 160 19
1644 161 11
1644 161 12
1644 161 13
1644 161 14
1644 161 15
1644 161 16
1644 161 17
1644 161 18
1644 161 19
1644 162 11
1644 162 12
1644 162 13
1644 162 14
1644 162 15
1644 162 16
1644 162 17
1644 162 18
1644 162 19
1644 163 11
1644 163 12
1644 163 13
1644 163 14
1644 163 15
1644 163 16
1644 163 17
1644 163 18
1644 163 19
1644 164 11
1644 164 12
1644 164 13
1644 164 14
1644 164 15
1644 164 16
1644 164 17
1644 164 18
1644 164 19
1644 165 11
1644 165 12
1644 165 13
1644 165 14
1644 165 15
1644 165 16
1644 165 17
1644 165 18
1644 165 19
1645 156 11
1645 156 12
1645 156 13
1645 156 14
1645 156 15
1645 156 16
1645 156 17
1645 156 18
1645 156 19
1645 157 11
1645 157 12
1645 157 13
1645 157 14
1645 157 15
1645 157 16
1645 157 17
1645 157 18
1645 157 19
1645 158 11
1645 158 12
1645 158 13
1645 158 14
1645 158 15
1645 158 16
1645 158 17
1645 158 18
1645 158 19
1645 159 11
1645 159 12
1645 159 13
1645 159 14
1645 159 15
1645 159 16
1645 159 17
1645 159 18
1645 159 19
1645 160 11
1645 160 12
1645 160 13
1645 160 14
1645 160 15
1645 160 16
1645 160 17
1645 160 18
1645 160 19
1645 161 11
1645 161 12
1645 161 13
1645 161 14
1645 161 15
1645 161 16
1645 161 17
1645 161 18
1645 161 19
1645 162 11
1645 162 12
1645 162 13
1645 162 14
1645 162 15
1645 162 16
1645 162 17
1645 162 18
1645 162 19
1645 163 11
1645 163 12
1645 163 13
1645 163 14
1645 163 15
1645 163 16
1645 163 17
1645 163 18
1645 163 19
1645 164 11
1645 164 12
1645 164 13
1645 164 14
1645 164 15
1645 164 16
1645 164 17
1645 164 18
1645 164 19
1645 165 11
1645 165 12
1645 165 13
1645 165 14
1645 165 15
1645 165 16
1645 165 17
1645 165 18
1645 165 19
1646 157 11
1646 157 12
1646 157 13
1646 157 14
1646 157 15
1646 157 16
1646 157 17
1646 157 18
1646 157 19
1646 158 11
1646 158 12
1646 158 13
1646 158 14
1646 158 15
1646 158 16
1646 158 17
1646 158 18
1646 158 19
1646 159 11
1646 159 12
1646 159 13
1646 159 14
1646 159 15
1646 159 16
1646 159 17
1646 159 18
1646 159 19
1646 160 11
1646 160 12
1646 160 13
1646 160 14
1646 160 15
1646 160 16
1646 160 17
1646 160 18
1646 160 19
1646 161 11
1646 161 12
1646 161 13
1646 161 14
1646 161 15
1646 161 16
1646 161 17
1646 161 18
1646 161 19
1646 162 11
1646 162 12
1646 162 13
1646 162 14
1646 162 15
1646 162 16
1646 162 17
1646 162 18
1646 162 19
1646 163 11
1646 163 12
1646 163 13
1646 163 14
1646 163 15
1646 163 16
1646 163 17
1646 163 18
1646 163 19
1646 164 11
1646 164 12
1646 164 13
1646 164 14
1646 164 15
1646 164 16
1646 164 17
1646 164 18
1646 164 19
