8800
1563 155 1
1563 155 2
1563 155 3
1563 155 4
1563 155 5
1563 155 6
1563 155 7
1563 155 8
1563 155 9
1563 155 10
1563 156 1
1563 156 2
1563 156 3
1563 156 4
1563 156 5
1563 156 6
1563 156 7
1563 156 8
1563 156 9
1563 156 10
1563 157 1
1563 157 2
1563 157 3
1563 157 4
1563 157 5
1563 157 6
1563 157 7
1563 157 8
1563 157 9
1563 157 10
1563 158 1
1563 158 2
1563 158 3
1563 158 4
1563 158 5
1563 158 6
1563 158 7
1563 158 8
1563 158 9
1563 158 10
1563 159 1
1563 159 2
1563 159 3
1563 159 4
1563 159 5
1563 159 6
1563 159 7
1563 159 8
1563 159 9
1563 159 10
1563 160 1
1563 160 2
1563 160 3
1563 160 4
1563 160 5
1563 160 6
1563 160 7
1563 160 8
1563 160 9
1563 160 10
1563 161 1
1563 161 2
1563 161 3
1563 161 4
1563 161 5
1563 161 6
1563 161 7
1563 161 8
1563 161 9
1563 161 10
1563 162 1
1563 162 2
1563 162 3
1563 162 4
1563 162 5
1563 162 6
1563 162 7
1563 162 8
1563 162 9
1563 162 10
1563 163 1
1563 163 2
1563 163 3
1563 163 4
1563 163 5
1563 163 6
1563 163 7
1563 163 8
1563 163 9
1563 163 10
1563 164 1
1563 164 2
1563 164 3
1563 164 4
1563 164 5
1563 164 6
1563 164 7
1563 164 8
1563 164 9
1563 164 10
1563 165 1
1563 165 2
1563 165 3
1563 165 4
1563 165 5
1563 165 6
1563 165 7
1563 165 8
1563 165 9
1563 165 10
1563 166 1
1563 166 2
1563 166 3
1563 166 4
1563 166 5
1563 166 6
1563 166 7
1563 166 8
1563 166 9
1563 166 10
1564 155 1
1564 155 2
1564 155 3
1564 155 4
1564 155 5
1564 155 6
1564 155 7
1564 155 8
1564 155 9
1564 155 10
1564 156 1
1564 156 2
1564 156 3
1564 156 4
1564 156 5
1564 156 6
1564 156 7
1564 156 8
1564 156 9
1564 156 10
1564 157 1
1564 157 2
1564 157 3
1564 157 4
1564 157 5
1564 157 6
1564 157 7
1564 157 8
1564 157 9
1564 157 10
1564 158 1
1564 158 2
1564 158 3
1564 158 4
1564 158 5
1564 158 6
1564 158 7
1564 158 8
1564 158 9
1564 158 10
1564 159 1
1564 159 2
1564 159 3
1564 159 4
1564 159 5
1564 159 6
1564 159 7
1564 159 8
1564 159 9
1564 159 10
1564 160 1
1564 160 2
1564 160 3
1564 160 4
1564 160 5
1564 160 6
1564 160 7
1564 160 8
1564 160 9
1564 160 10
1564 161 1
1564 161 2
1564 161 3
1564 161 4
1564 161 5
1564 161 6
1564 161 7
1564 161 8
1564 161 9
1564 161 10
1564 162 1
1564 162 2
1564 162 3
1564 162 4
1564 162 5
1564 162 6
1564 162 7
1564 162 8
1564 162 9
1564 162 10
1564 163 1
1564 163 2
1564 163 3
1564 163 4
1564 163 5
1564 163 6
1564 163 7
1564 163 8
1564 163 9
1564 163 10
1564 164 1
1564 164 2
1564 164 3
1564 164 4
1564 164 5
1564 164 6
1564 164 7
1564 164 8
1564 164 9
1564 164 10
1564 165 1
1564 165 2
1564 165 3
1564 165 4
1564 165 5
1564 165 6
1564 165 7
1564 165 8
1564 165 9
1564 165 10
1564 166 1
1564 166 2
1564 166 3
1564 166 4
1564 166 5
1564 166 6
1564 166 7
1564 166 8
1564 166 9
1564 166 10
1565 155 1
1565 155 2
1565 155 3
1565 155 4
1565 155 5
1565 155 6
1565 155 7
1565 155 8
1565 155 9
1565 155 10
1565 156 1
1565 156 2
1565 156 3
1565 156 4
1565 156 5
1565 156 6
1565 156 7
1565 156 8
1565 156 9
1565 156 10
1565 157 1
1565 157 2
1565 157 3
1565 157 4
1565 157 5
1565 157 6
1565 157 7
1565 157 8
1565 157 9
1565 157 10
1565 158 1
1565 158 2
1565 158 3
1565 158 4
1565 158 5
1565 158 6
1565 158 7
1565 158 8
1565 158 9
1565 158 10
1565 159 1
1565 159 2
1565 159 3
1565 159 4
1565 159 5
1565 159 6
1565 159 7
1565 159 8
1565 159 9
1565 159 10
1565 160 1
1565 160 2
1565 160 3
1565 160 4
1565 160 5
1565 160 6
1565 160 7
1565 160 8
1565 160 9
1565 160 10
1565 161 1
1565 161 2
1565 161 3
1565 161 4
1565 161 5
1565 161 6
1565 161 7
1565 161 8
1565 161 9
1565 161 10
1565 162 1
1565 162 2
1565 162 3
1565 162 4
1565 162 5
1565 162 6
1565 162 7
1565 162 8
1565 162 9
1565 162 10
1565 163 1
1565 163 2
1565 163 3
1565 163 4
1565 163 5
1565 163 6
1565 163 7
1565 163 8
1565 163 9
1565 163 10
1565 164 1
1565 164 2
1565 164 3
1565 164 4
1565 164 5
1565 164 6
1565 164 7
1565 164 8
1565 164 9
1565 164 10
1565 165 1
1565 165 2
1565 165 3
1565 165 4
1565 165 5
1565 165 6
1565 165 7
1565 165 8
1565 165 9
1565 165 10
1565 166 1
1565 166 2
1565 166 3
1565 166 4
1565 166 5
1565 166 6
1565 166 7
1565 166 8
1565 166 9
1565 166 10
1566 155 1
1566 155 2
1566 155 3
1566 155 4
1566 155 5
1566 155 6
1566 155 7
1566 155 8
1566 155 9
1566 155 10
1566 156 1
1566 156 2
1566 156 3
1566 156 4
1566 156 5
1566 156 6
1566 156 7
1566 156 8
1566 156 9
1566 156 10
1566 157 1
1566 157 2
1566 157 3
1566 157 4
1566 157 5
1566 157 6
1566 157 7
1566 157 8
1566 157 9
1566 157 10
1566 158 1
1566 158 2
1566 158 3
1566 158 4
1566 158 5
1566 158 6
1566 158 7
1566 158 8
1566 158 9
1566 158 10
1566 159 1
1566 159 2
1566 159 3
1566 159 4
1566 159 5
1566 159 6
1566 159 7
1566 159 8
1566 159 9
1566 159 10
1566 160 1
1566 160 2
1566 160 3
1566 160 4
1566 160 5
1566 160 6
1566 160 7
1566 160 8
1566 160 9
1566 160 10
1566 161 1
1566 161 2
1566 161 3
1566 161 4
1566 161 5
1566 161 6
1566 161 7
1566 161 8
1566 161 9
1566 161 10
1566 162 1
1566 162 2
1566 162 3
1566 162 4
1566 162 5
1566 162 6
1566 162 7
1566 162 8
1566 162 9
1566 162 10
1566 163 1
1566 163 2
1566 163 3
1566 163 4
1566 163 5
1566 163 6
1566 163 7
1566 163 8
1566 163 9
1566 163 10
1566 164 1
1566 164 2
1566 164 3
1566 164 4
1566 164 5
1566 164 6
1566 164 7
1566 164 8
1566 164 9
1566 164 10
1566 165 1
1566 165 2
1566 165 3
1566 165 4
1566 165 5
1566 165 6
1566 165 7
1566 165 8
1566 165 9
1566 165 10
1566 166 1
1566 166 2
1566 166 3
1566 166 4
1566 166 5
1566 166 6
1566 166 7
1566 166 8
1566 166 9
1566 166 10
1567 155 1
1567 155 2
1567 155 3
1567 155 4
1567 155 5
1567 155 6
1567 155 7
1567 155 8
1567 155 9
1567 155 10
1567 156 1
1567 156 2
1567 156 3
1567 156 4
1567 156 5
1567 156 6
1567 156 7
1567 156 8
1567 156 9
1567 156 10
1567 157 1
1567 157 2
1567 157 3
1567 157 4
1567 157 5
1567 157 6
1567 157 7
1567 157 8
1567 157 9
1567 157 10
1567 158 1
1567 158 2
1567 158 3
1567 158 4
1567 158 5
1567 158 6
1567 158 7
1567 158 8
1567 158 9
1567 158 10
1567 159 1
1567 159 2
1567 159 3
1567 159 4
1567 159 5
1567 159 6
1567 159 7
1567 159 8
1567 159 9
1567 159 10
1567 160 1
1567 160 2
1567 160 3
1567 160 4
1567 160 5
1567 160 6
1567 160 7
1567 160 8
1567 160 9
1567 160 10
1567 161 1
1567 161 2
1567 161 3
1567 161 4
1567 161 5
1567 161 6
1567 161 7
1567 161 8
1567 161 9
1567 161 10
1567 162 1
1567 162 2
1567 162 3
1567 162 4
1567 162 5
1567 162 6
1567 162 7
1567 162 8
1567 162 9
1567 162 10
1567 163 1
1567 163 2
1567 163 3
1567 163 4
1567 163 5
1567 163 6
1567 163 7
1567 163 8
1567 163 9
1567 163 10
1567 164 1
1567 164 2
1567 164 3
1567 164 4
1567 164 5
1567 164 6
1567 164 7
1567 164 8
1567 164 9
1567 164 10
1567 165 1
1567 165 2
1567 165 3
1567 165 4
1567 165 5
1567 165 6
1567 165 7
1567 165 8
1567 165 9
1567 165 10
1567 166 1
1567 166 2
1567 166 3
1567 166 4
1567 166 5
1567 166 6
1567 166 7
1567 166 8
1567 166 9
1567 166 10
1568 155 1
1568 155 2
1568 155 3
1568 155 4
1568 155 5
1568 155 6
1568 155 7
1568 155 8
1568 155 9
1568 155 10
1568 156 1
1568 156 2
1568 156 3
1568 156 4
1568 156 5
1568 156 6
1568 156 7
1568 156 8
1568 156 9
1568 156 10
1568 157 1
1568 157 2
1568 157 3
1568 157 4
1568 157 5
1568 157 6
1568 157 7
1568 157 8
1568 157 9
1568 157 10
1568 158 1
1568 158 2
1568 158 3
1568 158 4
1568 158 5
1568 158 6
1568 158 7
1568 158 8
1568 158 9
1568 158 10
1568 159 1
1568 159 2
1568 159 3
1568 159 4
1568 159 5
1568 159 6
1568 159 7
1568 159 8
1568 159 9
1568 159 10
1568 160 1
1568 160 2
1568 160 3
1568 160 4
1568 160 5
1568 160 6
1568 160 7
1568 160 8
1568 160 9
1568 160 10
1568 161 1
1568 161 2
1568 161 3
1568 161 4
1568 161 5
1568 161 6
1568 161 7
1568 161 8
1568 161 9
1568 161 10
1568 162 1
1568 162 2
1568 162 3
1568 162 4
1568 162 5
1568 162 6
1568 162 7
1568 162 8
1568 162 9
1568 162 10
1568 163 1
1568 163 2
1568 163 3
1568 163 4
1568 163 5
1568 163 6
1568 163 7
1568 163 8
1568 163 9
1568 163 10
1568 164 1
1568 164 2
1568 164 3
1568 164 4
1568 164 5
1568 164 6
1568 164 7
1568 164 8
1568 164 9
1568 164 10
1568 165 1
1568 165 2
1568 165 3
1568 165 4
1568 165 5
1568 165 6
1568 165 7
1568 165 8
1568 165 9
1568 165 10
1568 166 1
1568 166 2
1568 166 3
1568 166 4
1568 166 5
1568 166 6
1568 166 7
1568 166 8
1568 166 9
1568 166 10
1569 155 1
1569 155 2
1569 155 3
1569 155 4
1569 155 5
1569 155 6
1569 155 7
1569 155 8
1569 155 9
1569 155 10
1569 156 1
1569 156 2
1569 156 3
1569 156 4
1569 156 5
1569 156 6
1569 156 7
1569 156 8
1569 156 9
1569 156 10
1569 157 1
1569 157 2
1569 157 3
1569 157 4
1569 157 5
1569 157 6
1569 157 7
1569 157 8
1569 157 9
1569 157 10
1569 158 1
1569 158 2
1569 158 3
1569 158 4
1569 158 5
1569 158 6
1569 158 7
1569 158 8
1569 158 9
1569 158 10
1569 159 1
1569 159 2
1569 159 3
1569 159 4
1569 159 5
1569 159 6
1569 159 7
1569 159 8
1569 159 9
1569 159 10
1569 160 1
1569 160 2
1569 160 3
1569 160 4
1569 160 5
1569 160 6
1569 160 7
1569 160 8
1569 160 9
1569 160 10
1569 161 1
1569 161 2
1569 161 3
1569 161 4
1569 161 5
1569 161 6
1569 161 7
1569 161 8
1569 161 9
1569 161 10
1569 162 1
1569 162 2
1569 162 3
1569 162 4
1569 162 5
1569 162 6
1569 162 7
1569 162 8
1569 162 9
1569 162 10
1569 163 1
1569 163 2
1569 163 3
1569 163 4
1569 163 5
1569 163 6
1569 163 7
1569 163 8
1569 163 9
1569 163 10
1569 164 1
1569 164 2
1569 164 3
1569 164 4
1569 164 5
1569 164 6
1569 164 7
1569 164 8
1569 164 9
1569 164 10
1569 165 1
1569 165 2
1569 165 3
1569 165 4
1569 165 5
1569 165 6
1569 165 7
1569 165 8
1569 165 9
1569 165 10
1569 166 1
1569 166 2
1569 166 3
1569 166 4
1569 166 5
1569 166 6
1569 166 7
1569 166 8
1569 166 9
1569 166 10
1570 155 1
1570 155 2
1570 155 3
1570 155 4
1570 155 5
1570 155 6
1570 155 7
1570 155 8
1570 155 9
1570 155 10
1570 156 1
1570 156 2
1570 156 3
1570 156 4
1570 156 5
1570 156 6
1570 156 7
1570 156 8
1570 156 9
1570 156 10
1570 157 1
1570 157 2
1570 157 3
1570 157 4
1570 157 5
1570 157 6
1570 157 7
1570 157 8
1570 157 9
1570 157 10
1570 158 1
1570 158 2
1570 158 3
1570 158 4
1570 158 5
1570 158 6
1570 158 7
1570 158 8
1570 158 9
1570 158 10
1570 159 1
1570 159 2
1570 159 3
1570 159 4
1570 159 5
1570 159 6
1570 159 7
1570 159 8
1570 159 9
1570 159 10
1570 160 1
1570 160 2
1570 160 3
1570 160 4
1570 160 5
1570 160 6
1570 160 7
1570 160 8
1570 160 9
1570 160 10
1570 161 1
1570 161 2
1570 161 3
1570 161 4
1570 161 5
1570 161 6
1570 161 7
1570 161 8
1570 161 9
1570 161 10
1570 162 1
1570 162 2
1570 162 3
1570 162 4
1570 162 5
1570 162 6
1570 162 7
1570 162 8
1570 162 9
1570 162 10
1570 163 1
1570 163 2
1570 163 3
1570 163 4
1570 163 5
1570 163 6
1570 163 7
1570 163 8
1570 163 9
1570 163 10
1570 164 1
1570 164 2
1570 164 3
1570 164 4
1570 164 5
1570 164 6
1570 164 7
1570 164 8
1570 164 9
1570 164 10
1570 165 1
1570 165 2
1570 165 3
1570 165 4
1570 165 5
1570 165 6
1570 165 7
1570 165 8
1570 165 9
1570 165 10
1570 166 1
1570 166 2
1570 166 3
1570 166 4
1570 166 5
1570 166 6
1570 166 7
1570 166 8
1570 166 9
1570 166 10
1571 155 1
1571 155 2
1571 155 3
1571 155 4
1571 155 5
1571 155 6
1571 155 7
1571 155 8
1571 155 9
1571 155 10
1571 156 1
1571 156 2
1571 156 3
1571 156 4
1571 156 5
1571 156 6
1571 156 7
1571 156 8
1571 156 9
1571 156 10
1571 157 1
1571 157 2
1571 157 3
1571 157 4
1571 157 5
1571 157 6
1571 157 7
1571 157 8
1571 157 9
1571 157 10
1571 158 1
1571 158 2
1571 158 3
1571 158 4
1571 158 5
1571 158 6
1571 158 7
1571 158 8
1571 158 9
1571 158 10
1571 159 1
1571 159 2
1571 159 3
1571 159 4
1571 159 5
1571 159 6
1571 159 7
1571 159 8
1571 159 9
1571 159 10
1571 160 1
1571 160 2
1571 160 3
1571 160 4
1571 160 5
1571 160 6
1571 160 7
1571 160 8
1571 160 9
1571 160 10
1571 161 1
1571 161 2
1571 161 3
1571 161 4
1571 161 5
1571 161 6
1571 161 7
1571 161 8
1571 161 9
1571 161 10
1571 162 1
1571 162 2
1571 162 3
1571 162 4
1571 162 5
1571 162 6
1571 162 7
1571 162 8
1571 162 9
1571 162 10
1571 163 1
1571 163 2
1571 163 3
1571 163 4
1571 163 5
1571 163 6
1571 163 7
1571 163 8
1571 163 9
1571 163 10
1571 164 1
1571 164 2
1571 164 3
1571 164 4
1571 164 5
1571 164 6
1571 164 7
1571 164 8
1571 164 9
1571 164 10
1571 165 1
1571 165 2
1571 165 3
1571 165 4
1571 165 5
1571 165 6
1571 165 7
1571 165 8
1571 165 9
1571 165 10
1571 166 1
1571 166 2
1571 166 3
1571 166 4
1571 166 5
1571 166 6
1571 166 7
1571 166 8
1571 166 9
1571 166 10
1572 155 1
1572 155 2
1572 155 3
1572 155 4
1572 155 5
1572 155 6
1572 155 7
1572 155 8
1572 155 9
1572 155 10
1572 156 1
1572 156 2
1572 156 3
1572 156 4
1572 156 5
1572 156 6
1572 156 7
1572 156 8
1572 156 9
1572 156 10
1572 157 1
1572 157 2
1572 157 3
1572 157 4
1572 157 5
1572 157 6
1572 157 7
1572 157 8
1572 157 9
1572 157 10
1572 158 1
1572 158 2
1572 158 3
1572 158 4
1572 158 5
1572 158 6
1572 158 7
1572 158 8
1572 158 9
1572 158 10
1572 159 1
1572 159 2
1572 159 3
1572 159 4
1572 159 5
1572 159 6
1572 159 7
1572 159 8
1572 159 9
1572 159 10
1572 160 1
1572 160 2
1572 160 3
1572 160 4
1572 160 5
1572 160 6
1572 160 7
1572 160 8
1572 160 9
1572 160 10
1572 161 1
1572 161 2
1572 161 3
1572 161 4
1572 161 5
1572 161 6
1572 161 7
1572 161 8
1572 161 9
1572 161 10
1572 162 1
1572 162 2
1572 162 3
1572 162 4
1572 162 5
1572 162 6
1572 162 7
1572 162 8
1572 162 9
1572 162 10
1572 163 1
1572 163 2
1572 163 3
1572 163 4
1572 163 5
1572 163 6
1572 163 7
1572 163 8
1572 163 9
1572 163 10
1572 164 1
1572 164 2
1572 164 3
1572 164 4
1572 164 5
1572 164 6
1572 164 7
1572 164 8
1572 164 9
1572 164 10
1572 165 1
1572 165 2
1572 165 3
1572 165 4
1572 165 5
1572 165 6
1572 165 7
1572 165 8
1572 165 9
1572 165 10
1572 166 1
1572 166 2
1572 166 3
1572 166 4
1572 166 5
1572 166 6
1572 166 7
1572 166 8
1572 166 9
1572 166 10
1573 155 1
1573 155 2
1573 155 3
1573 155 4
1573 155 5
1573 155 6
1573 155 7
1573 155 8
1573 155 9
1573 155 10
1573 156 1
1573 156 2
1573 156 3
1573 156 4
1573 156 5
1573 156 6
1573 156 7
1573 156 8
1573 156 9
1573 156 10
1573 157 1
1573 157 2
1573 157 3
1573 157 4
1573 157 5
1573 157 6
1573 157 7
1573 157 8
1573 157 9
1573 157 10
1573 158 1
1573 158 2
1573 158 3
1573 158 4
1573 158 5
1573 158 6
1573 158 7
1573 158 8
1573 158 9
1573 158 10
1573 159 1
1573 159 2
1573 159 3
1573 159 4
1573 159 5
1573 159 6
1573 159 7
1573 159 8
1573 159 9
1573 159 10
1573 160 1
1573 160 2
1573 160 3
1573 160 4
1573 160 5
1573 160 6
1573 160 7
1573 160 8
1573 160 9
1573 160 10
1573 161 1
1573 161 2
1573 161 3
1573 161 4
1573 161 5
1573 161 6
1573 161 7
1573 161 8
1573 161 9
1573 161 10
1573 162 1
1573 162 2
1573 162 3
1573 162 4
1573 162 5
1573 162 6
1573 162 7
1573 162 8
1573 162 9
1573 162 10
1573 163 1
1573 163 2
1573 163 3
1573 163 4
1573 163 5
1573 163 6
1573 163 7
1573 163 8
1573 163 9
1573 163 10
1573 164 1
1573 164 2
1573 164 3
1573 164 4
1573 164 5
1573 164 6
1573 164 7
1573 164 8
1573 164 9
1573 164 10
1573 165 1
1573 165 2
1573 165 3
1573 165 4
1573 165 5
1573 165 6
1573 165 7
1573 165 8
1573 165 9
1573 165 10
1573 166 1
1573 166 2
1573 166 3
1573 166 4
1573 166 5
1573 166 6
1573 166 7
1573 166 8
1573 166 9
1573 166 10
1574 155 1
1574 155 2
1574 155 3
1574 155 4
1574 155 5
1574 155 6
1574 155 7
1574 155 8
1574 155 9
1574 155 10
1574 156 1
1574 156 2
1574 156 3
1574 156 4
1574 156 5
1574 156 6
1574 156 7
1574 156 8
1574 156 9
1574 156 10
1574 157 1
1574 157 2
1574 157 3
1574 157 4
1574 157 5
1574 157 6
1574 157 7
1574 157 8
1574 157 9
1574 157 10
1574 158 1
1574 158 2
1574 158 3
1574 158 4
1574 158 5
1574 158 6
1574 158 7
1574 158 8
1574 158 9
1574 158 10
1574 159 1
1574 159 2
1574 159 3
1574 159 4
1574 159 5
1574 159 6
1574 159 7
1574 159 8
1574 159 9
1574 159 10
1574 160 1
1574 160 2
1574 160 3
1574 160 4
1574 160 5
1574 160 6
1574 160 7
1574 160 8
1574 160 9
1574 160 10
1574 161 1
1574 161 2
1574 161 3
1574 161 4
1574 161 5
1574 161 6
1574 161 7
1574 161 8
1574 161 9
1574 161 10
1574 162 1
1574 162 2
1574 162 3
1574 162 4
1574 162 5
1574 162 6
1574 162 7
1574 162 8
1574 162 9
1574 162 10
1574 163 1
1574 163 2
1574 163 3
1574 163 4
1574 163 5
1574 163 6
1574 163 7
1574 163 8
1574 163 9
1574 163 10
1574 164 1
1574 164 2
1574 164 3
1574 164 4
1574 164 5
1574 164 6
1574 164 7
1574 164 8
1574 164 9
1574 164 10
1574 165 1
1574 165 2
1574 165 3
1574 165 4
1574 165 5
1574 165 6
1574 165 7
1574 165 8
1574 165 9
1574 165 10
1574 166 1
1574 166 2
1574 166 3
1574 166 4
1574 166 5
1574 166 6
1574 166 7
1574 166 8
1574 166 9
1574 166 10
1575 155 1
1575 155 2
1575 155 3
1575 155 4
1575 155 5
1575 155 6
1575 155 7
1575 155 8
1575 155 9
1575 155 10
1575 156 1
1575 156 2
1575 156 3
1575 156 4
1575 156 5
1575 156 6
1575 156 7
1575 156 8
1575 156 9
1575 156 10
1575 157 1
1575 157 2
1575 157 3
1575 157 4
1575 157 5
1575 157 6
1575 157 7
1575 157 8
1575 157 9
1575 157 10
1575 158 1
1575 158 2
1575 158 3
1575 158 4
1575 158 5
1575 158 6
1575 158 7
1575 158 8
1575 158 9
1575 158 10
1575 159 1
1575 159 2
1575 159 3
1575 159 4
1575 159 5
1575 159 6
1575 159 7
1575 159 8
1575 159 9
1575 159 10
1575 160 1
1575 160 2
1575 160 3
1575 160 4
1575 160 5
1575 160 6
1575 160 7
1575 160 8
1575 160 9
1575 160 10
1575 161 1
1575 161 2
1575 161 3
1575 161 4
1575 161 5
1575 161 6
1575 161 7
1575 161 8
1575 161 9
1575 161 10
1575 162 1
1575 162 2
1575 162 3
1575 162 4
1575 162 5
1575 162 6
1575 162 7
1575 162 8
1575 162 9
1575 162 10
1575 163 1
1575 163 2
1575 163 3
1575 163 4
1575 163 5
1575 163 6
1575 163 7
1575 163 8
1575 163 9
1575 163 10
1575 164 1
1575 164 2
1575 164 3
1575 164 4
1575 164 5
1575 164 6
1575 164 7
1575 164 8
1575 164 9
1575 164 10
1575 165 1
1575 165 2
1575 165 3
1575 165 4
1575 165 5
1575 165 6
1575 165 7
1575 165 8
1575 165 9
1575 165 10
1575 166 1
1575 166 2
1575 166 3
1575 166 4
1575 166 5
1575 166 6
1575 166 7
1575 166 8
1575 166 9
1575 166 10
1576 155 1
1576 155 2
1576 155 3
1576 155 4
1576 155 5
1576 155 6
1576 155 7
1576 155 8
1576 155 9
1576 155 10
1576 156 1
1576 156 2
1576 156 3
1576 156 4
1576 156 5
1576 156 6
1576 156 7
1576 156 8
1576 156 9
1576 156 10
1576 157 1
1576 157 2
1576 157 3
1576 157 4
1576 157 5
1576 157 6
1576 157 7
1576 157 8
1576 157 9
1576 157 10
1576 158 1
1576 158 2
1576 158 3
1576 158 4
1576 158 5
1576 158 6
1576 158 7
1576 158 8
1576 158 9
1576 158 10
1576 159 1
1576 159 2
1576 159 3
1576 159 4
1576 159 5
1576 159 6
1576 159 7
1576 159 8
1576 159 9
1576 159 10
1576 160 1
1576 160 2
1576 160 3
1576 160 4
1576 160 5
1576 160 6
1576 160 7
1576 160 8
1576 160 9
1576 160 10
1576 161 1
1576 161 2
1576 161 3
1576 161 4
1576 161 5
1576 161 6
1576 161 7
1576 161 8
1576 161 9
1576 161 10
1576 162 1
1576 162 2
1576 162 3
1576 162 4
1576 162 5
1576 162 6
1576 162 7
1576 162 8
1576 162 9
1576 162 10
1576 163 1
1576 163 2
1576 163 3
1576 163 4
1576 163 5
1576 163 6
1576 163 7
1576 163 8
1576 163 9
1576 163 10
1576 164 1
1576 164 2
1576 164 3
1576 164 4
1576 164 5
1576 164 6
1576 164 7
1576 164 8
1576 164 9
1576 164 10
1576 165 1
1576 165 2
1576 165 3
1576 165 4
1576 165 5
1576 165 6
1576 165 7
1576 165 8
1576 165 9
1576 165 10
1576 166 1
1576 166 2
1576 166 3
1576 166 4
1576 166 5
1576 166 6
1576 166 7
1576 166 8
1576 166 9
1576 166 10
1577 155 1
1577 155 2
1577 155 3
1577 155 4
1577 155 5
1577 155 6
1577 155 7
1577 155 8
1577 155 9
1577 155 10
1577 156 1
1577 156 2
1577 156 3
1577 156 4
1577 156 5
1577 156 6
1577 156 7
1577 156 8
1577 156 9
1577 156 10
1577 157 1
1577 157 2
1577 157 3
1577 157 4
1577 157 5
1577 157 6
1577 157 7
1577 157 8
1577 157 9
1577 157 10
1577 158 1
1577 158 2
1577 158 3
1577 158 4
1577 158 5
1577 158 6
1577 158 7
1577 158 8
1577 158 9
1577 158 10
1577 159 1
1577 159 2
1577 159 3
1577 159 4
1577 159 5
1577 159 6
1577 159 7
1577 159 8
1577 159 9
1577 159 10
1577 160 1
1577 160 2
1577 160 3
1577 160 4
1577 160 5
1577 160 6
1577 160 7
1577 160 8
1577 160 9
1577 160 10
1577 161 1
1577 161 2
1577 161 3
1577 161 4
1577 161 5
1577 161 6
1577 161 7
1577 161 8
1577 161 9
1577 161 10
1577 162 1
1577 162 2
1577 162 3
1577 162 4
1577 162 5
1577 162 6
1577 162 7
1577 162 8
1577 162 9
1577 162 10
1577 163 1
1577 163 2
1577 163 3
1577 163 4
1577 163 5
1577 163 6
1577 163 7
1577 163 8
1577 163 9
1577 163 10
1577 164 1
1577 164 2
1577 164 3
1577 164 4
1577 164 5
1577 164 6
1577 164 7
1577 164 8
1577 164 9
1577 164 10
1577 165 1
1577 165 2
1577 165 3
1577 165 4
1577 165 5
1577 165 6
1577 165 7
1577 165 8
1577 165 9
1577 165 10
1577 166 1
1577 166 2
1577 166 3
1577 166 4
1577 166 5
1577 166 6
1577 166 7
1577 166 8
1577 166 9
1577 166 10
1578 155 1
1578 155 2
1578 155 3
1578 155 4
1578 155 5
1578 155 6
1578 155 7
1578 155 8
1578 155 9
1578 155 10
1578 156 1
1578 156 2
1578 156 3
1578 156 4
1578 156 5
1578 156 6
1578 156 7
1578 156 8
1578 156 9
1578 156 10
1578 157 1
1578 157 2
1578 157 3
1578 157 4
1578 157 5
1578 157 6
1578 157 7
1578 157 8
1578 157 9
1578 157 10
1578 158 1
1578 158 2
1578 158 3
1578 158 4
1578 158 5
1578 158 6
1578 158 7
1578 158 8
1578 158 9
1578 158 10
1578 159 1
1578 159 2
1578 159 3
1578 159 4
1578 159 5
1578 159 6
1578 159 7
1578 159 8
1578 159 9
1578 159 10
1578 160 1
1578 160 2
1578 160 3
1578 160 4
1578 160 5
1578 160 6
1578 160 7
1578 160 8
1578 160 9
1578 160 10
1578 161 1
1578 161 2
1578 161 3
1578 161 4
1578 161 5
1578 161 6
1578 161 7
1578 161 8
1578 161 9
1578 161 10
1578 162 1
1578 162 2
1578 162 3
1578 162 4
1578 162 5
1578 162 6
1578 162 7
1578 162 8
1578 162 9
1578 162 10
1578 163 1
1578 163 2
1578 163 3
1578 163 4
1578 163 5
1578 163 6
1578 163 7
1578 163 8
1578 163 9
1578 163 10
1578 164 1
1578 164 2
1578 164 3
1578 164 4
1578 164 5
1578 164 6
1578 164 7
1578 164 8
1578 164 9
1578 164 10
1578 165 1
1578 165 2
1578 165 3
1578 165 4
1578 165 5
1578 165 6
1578 165 7
1578 165 8
1578 165 9
1578 165 10
1578 166 1
1578 166 2
1578 166 3
1578 166 4
1578 166 5
1578 166 6
1578 166 7
1578 166 8
1578 166 9
1578 166 10
1579 155 1
1579 155 2
1579 155 3
1579 155 4
1579 155 5
1579 155 6
1579 155 7
1579 155 8
1579 155 9
1579 155 10
1579 156 1
1579 156 2
1579 156 3
1579 156 4
1579 156 5
1579 156 6
1579 156 7
1579 156 8
1579 156 9
1579 156 10
1579 157 1
1579 157 2
1579 157 3
1579 157 4
1579 157 5
1579 157 6
1579 157 7
1579 157 8
1579 157 9
1579 157 10
1579 158 1
1579 158 2
1579 158 3
1579 158 4
1579 158 5
1579 158 6
1579 158 7
1579 158 8
1579 158 9
1579 158 10
1579 159 1
1579 159 2
1579 159 3
1579 159 4
1579 159 5
1579 159 6
1579 159 7
1579 159 8
1579 159 9
1579 159 10
1579 160 1
1579 160 2
1579 160 3
1579 160 4
1579 160 5
1579 160 6
1579 160 7
1579 160 8
1579 160 9
1579 160 10
1579 161 1
1579 161 2
1579 161 3
1579 161 4
1579 161 5
1579 161 6
1579 161 7
1579 161 8
1579 161 9
1579 161 10
1579 162 1
1579 162 2
1579 162 3
1579 162 4
1579 162 5
1579 162 6
1579 162 7
1579 162 8
1579 162 9
1579 162 10
1579 163 1
1579 163 2
1579 163 3
1579 163 4
1579 163 5
1579 163 6
1579 163 7
1579 163 8
1579 163 9
1579 163 10
1579 164 1
1579 164 2
1579 164 3
1579 164 4
1579 164 5
1579 164 6
1579 164 7
1579 164 8
1579 164 9
1579 164 10
1579 165 1
1579 165 2
1579 165 3
1579 165 4
1579 165 5
1579 165 6
1579 165 7
1579 165 8
1579 165 9
1579 165 10
1579 166 1
1579 166 2
1579 166 3
1579 166 4
1579 166 5
1579 166 6
1579 166 7
1579 166 8
1579 166 9
1579 166 10
1580 155 1
1580 155 2
1580 155 3
1580 155 4
1580 155 5
1580 155 6
1580 155 7
1580 155 8
1580 155 9
1580 155 10
1580 156 1
1580 156 2
1580 156 3
1580 156 4
1580 156 5
1580 156 6
1580 156 7
1580 156 8
1580 156 9
1580 156 10
1580 157 1
1580 157 2
1580 157 3
1580 157 4
1580 157 5
1580 157 6
1580 157 7
1580 157 8
1580 157 9
1580 157 10
1580 158 1
1580 158 2
1580 158 3
1580 158 4
1580 158 5
1580 158 6
1580 158 7
1580 158 8
1580 158 9
1580 158 10
1580 159 1
1580 159 2
1580 159 3
1580 159 4
1580 159 5
1580 159 6
1580 159 7
1580 159 8
1580 159 9
1580 159 10
1580 160 1
1580 160 2
1580 160 3
1580 160 4
1580 160 5
1580 160 6
1580 160 7
1580 160 8
1580 160 9
1580 160 10
1580 161 1
1580 161 2
1580 161 3
1580 161 4
1580 161 5
1580 161 6
1580 161 7
1580 161 8
1580 161 9
1580 161 10
1580 162 1
1580 162 2
1580 162 3
1580 162 4
1580 162 5
1580 162 6
1580 162 7
1580 162 8
1580 162 9
1580 162 10
1580 163 1
1580 163 2
1580 163 3
1580 163 4
1580 163 5
1580 163 6
1580 163 7
1580 163 8
1580 163 9
1580 163 10
1580 164 1
1580 164 2
1580 164 3
1580 164 4
1580 164 5
1580 164 6
1580 164 7
1580 164 8
1580 164 9
1580 164 10
1580 165 1
1580 165 2
1580 165 3
1580 165 4
1580 165 5
1580 165 6
1580 165 7
1580 165 8
1580 165 9
1580 165 10
1580 166 1
1580 166 2
1580 166 3
1580 166 4
1580 166 5
1580 166 6
1580 166 7
1580 166 8
1580 166 9
1580 166 10
1581 155 1
1581 155 2
1581 155 3
1581 155 4
1581 155 5
1581 155 6
1581 155 7
1581 155 8
1581 155 9
1581 155 10
1581 156 1
1581 156 2
1581 156 3
1581 156 4
1581 156 5
1581 156 6
1581 156 7
1581 156 8
1581 156 9
1581 156 10
1581 157 1
1581 157 2
1581 157 3
1581 157 4
1581 157 5
1581 157 6
1581 157 7
1581 157 8
1581 157 9
1581 157 10
1581 158 1
1581 158 2
1581 158 3
1581 158 4
1581 158 5
1581 158 6
1581 158 7
1581 158 8
1581 158 9
1581 158 10
1581 159 1
1581 159 2
1581 159 3
1581 159 4
1581 159 5
1581 159 6
1581 159 7
1581 159 8
1581 159 9
1581 159 10
1581 160 1
1581 160 2
1581 160 3
1581 160 4
1581 160 5
1581 160 6
1581 160 7
1581 160 8
1581 160 9
1581 160 10
1581 161 1
1581 161 2
1581 161 3
1581 161 4
1581 161 5
1581 161 6
1581 161 7
1581 161 8
1581 161 9
1581 161 10
1581 162 1
1581 162 2
1581 162 3
1581 162 4
1581 162 5
1581 162 6
1581 162 7
1581 162 8
1581 162 9
1581 162 10
1581 163 1
1581 163 2
1581 163 3
1581 163 4
1581 163 5
1581 163 6
1581 163 7
1581 163 8
1581 163 9
1581 163 10
1581 164 1
1581 164 2
1581 164 3
1581 164 4
1581 164 5
1581 164 6
1581 164 7
1581 164 8
1581 164 9
1581 164 10
1581 165 1
1581 165 2
1581 165 3
1581 165 4
1581 165 5
1581 165 6
1581 165 7
1581 165 8
1581 165 9
1581 165 10
1581 166 1
1581 166 2
1581 166 3
1581 166 4
1581 166 5
1581 166 6
1581 166 7
1581 166 8
1581 166 9
1581 166 10
1582 155 1
1582 155 2
1582 155 3
1582 155 4
1582 155 5
1582 155 6
1582 155 7
1582 155 8
1582 155 9
1582 155 10
1582 156 1
1582 156 2
1582 156 3
1582 156 4
1582 156 5
1582 156 6
1582 156 7
1582 156 8
1582 156 9
1582 156 10
1582 157 1
1582 157 2
1582 157 3
1582 157 4
1582 157 5
1582 157 6
1582 157 7
1582 157 8
1582 157 9
1582 157 10
1582 158 1
1582 158 2
1582 158 3
1582 158 4
1582 158 5
1582 158 6
1582 158 7
1582 158 8
1582 158 9
1582 158 10
1582 159 1
1582 159 2
1582 159 3
1582 159 4
1582 159 5
1582 159 6
1582 159 7
1582 159 8
1582 159 9
1582 159 10
1582 160 1
1582 160 2
1582 160 3
1582 160 4
1582 160 5
1582 160 6
1582 160 7
1582 160 8
1582 160 9
1582 160 10
1582 161 1
1582 161 2
1582 161 3
1582 161 4
1582 161 5
1582 161 6
1582 161 7
1582 161 8
1582 161 9
1582 161 10
1582 162 1
1582 162 2
1582 162 3
1582 162 4
1582 162 5
1582 162 6
1582 162 7
1582 162 8
1582 162 9
1582 162 10
1582 163 1
1582 163 2
1582 163 3
1582 163 4
1582 163 5
1582 163 6
1582 163 7
1582 163 8
1582 163 9
1582 163 10
1582 164 1
1582 164 2
1582 164 3
1582 164 4
1582 164 5
1582 164 6
1582 164 7
1582 164 8
1582 164 9
1582 164 10
1582 165 1
1582 165 2
1582 165 3
1582 165 4
1582 165 5
1582 165 6
1582 165 7
1582 165 8
1582 165 9
1582 165 10
1582 166 1
1582 166 2
1582 166 3
1582 166 4
1582 166 5
1582 166 6
1582 166 7
1582 166 8
1582 166 9
1582 166 10
1583 155 1
1583 155 2
1583 155 3
1583 155 4
1583 155 5
1583 155 6
1583 155 7
1583 155 8
1583 155 9
1583 155 10
1583 156 1
1583 156 2
1583 156 3
1583 156 4
1583 156 5
1583 156 6
1583 156 7
1583 156 8
1583 156 9
1583 156 10
1583 157 1
1583 157 2
1583 157 3
1583 157 4
1583 157 5
1583 157 6
1583 157 7
1583 157 8
1583 157 9
1583 157 10
1583 158 1
1583 158 2
1583 158 3
1583 158 4
1583 158 5
1583 158 6
1583 158 7
1583 158 8
1583 158 9
1583 158 10
1583 159 1
1583 159 2
1583 159 3
1583 159 4
1583 159 5
1583 159 6
1583 159 7
1583 159 8
1583 159 9
1583 159 10
1583 160 1
1583 160 2
1583 160 3
1583 160 4
1583 160 5
1583 160 6
1583 160 7
1583 160 8
1583 160 9
1583 160 10
1583 161 1
1583 161 2
1583 161 3
1583 161 4
1583 161 5
1583 161 6
1583 161 7
1583 161 8
1583 161 9
1583 161 10
1583 162 1
1583 162 2
1583 162 3
1583 162 4
1583 162 5
1583 162 6
1583 162 7
1583 162 8
1583 162 9
1583 162 10
1583 163 1
1583 163 2
1583 163 3
1583 163 4
1583 163 5
1583 163 6
1583 163 7
1583 163 8
1583 163 9
1583 163 10
1583 164 1
1583 164 2
1583 164 3
1583 164 4
1583 164 5
1583 164 6
1583 164 7
1583 164 8
1583 164 9
1583 164 10
1583 165 1
1583 165 2
1583 165 3
1583 165 4
1583 165 5
1583 165 6
1583 165 7
1583 165 8
1583 165 9
1583 165 10
1583 166 1
1583 166 2
1583 166 3
1583 166 4
1583 166 5
1583 166 6
1583 166 7
1583 166 8
1583 166 9
1583 166 10
1584 156 1
1584 156 2
1584 156 3
1584 156 4
1584 156 5
1584 156 6
1584 156 7
1584 156 8
1584 156 9
1584 156 10
1584 157 1
1584 157 2
1584 157 3
1584 157 4
1584 157 5
1584 157 6
1584 157 7
1584 157 8
1584 157 9
1584 157 10
1584 158 1
1584 158 2
1584 158 3
1584 158 4
1584 158 5
1584 158 6
1584 158 7
1584 158 8
1584 158 9
1584 158 10
1584 159 1
1584 159 2
1584 159 3
1584 159 4
1584 159 5
1584 159 6
1584 159 7
1584 159 8
1584 159 9
1584 159 10
1584 160 1
1584 160 2
1584 160 3
1584 160 4
1584 160 5
1584 160 6
1584 160 7
1584 160 8
1584 160 9
1584 160 10
1584 161 1
1584 161 2
1584 161 3
1584 161 4
1584 161 5
1584 161 6
1584 161 7
1584 161 8
1584 161 9
1584 161 10
1584 162 1
1584 162 2
1584 162 3
1584 162 4
1584 162 5
1584 162 6
1584 162 7
1584 162 8
1584 162 9
1584 162 10
1584 163 1
1584 163 2
1584 163 3
1584 163 4
1584 163 5
1584 163 6
1584 163 7
1584 163 8
1584 163 9
1584 163 10
1584 164 1
1584 164 2
1584 164 3
1584 164 4
1584 164 5
1584 164 6
1584 164 7
1584 164 8
1584 164 9
1584 164 10
1584 165 1
1584 165 2
1584 165 3
1584 165 4
1584 165 5
1584 165 6
1584 165 7
1584 165 8
1584 165 9
1584 165 10
1585 156 1
1585 156 2
1585 156 3
1585 156 4
1585 156 5
1585 156 6
1585 156 7
1585 156 8
1585 156 9
1585 156 10
1585 157 1
1585 157 2
1585 157 3
1585 157 4
1585 157 5
1585 157 6
1585 157 7
1585 157 8
1585 157 9
1585 157 10
1585 158 1
1585 158 2
1585 158 3
1585 158 4
1585 158 5
1585 158 6
1585 158 7
1585 158 8
1585 158 9
1585 158 10
1585 159 1
1585 159 2
1585 159 3
1585 159 4
1585 159 5
1585 159 6
1585 159 7
1585 159 8
1585 159 9
1585 159 10
1585 160 1
1585 160 2
1585 160 3
1585 160 4
1585 160 5
1585 160 6
1585 160 7
1585 160 8
1585 160 9
1585 160 10
1585 161 1
1585 161 2
1585 161 3
1585 161 4
1585 161 5
1585 161 6
1585 161 7
1585 161 8
1585 161 9
1585 161 10
1585 162 1
1585 162 2
1585 162 3
1585 162 4
1585 162 5
1585 162 6
1585 162 7
1585 162 8
1585 162 9
1585 162 10
1585 163 1
1585 163 2
1585 163 3
1585 163 4
1585 163 5
1585 163 6
1585 163 7
1585 163 8
1585 163 9
1585 163 10
1585 164 1
1585 164 2
1585 164 3
1585 164 4
1585 164 5
1585 164 6
1585 164 7
1585 164 8
1585 164 9
1585 164 10
1585 165 1
1585 165 2
1585 165 3
1585 165 4
1585 165 5
1585 165 6
1585 165 7
1585 165 8
1585 165 9
1585 165 10
1586 156 1
1586 156 2
1586 156 3
1586 156 4
1586 156 5
1586 156 6
1586 156 7
1586 156 8
1586 156 9
1586 156 10
1586 157 1
1586 157 2
1586 157 3
1586 157 4
1586 157 5
1586 157 6
1586 157 7
1586 157 8
1586 157 9
1586 157 10
1586 158 1
1586 158 2
1586 158 3
1586 158 4
1586 158 5
1586 158 6
1586 158 7
1586 158 8
1586 158 9
1586 158 10
1586 159 1
1586 159 2
1586 159 3
1586 159 4
1586 159 5
1586 159 6
1586 159 7
1586 159 8
1586 159 9
1586 159 10
1586 160 1
1586 160 2
1586 160 3
1586 160 4
1586 160 5
1586 160 6
1586 160 7
1586 160 8
1586 160 9
1586 160 10
1586 161 1
1586 161 2
1586 161 3
1586 161 4
1586 161 5
1586 161 6
1586 161 7
1586 161 8
1586 161 9
1586 161 10
1586 162 1
1586 162 2
1586 162 3
1586 162 4
1586 162 5
1586 162 6
1586 162 7
1586 162 8
1586 162 9
1586 162 10
1586 163 1
1586 163 2
1586 163 3
1586 163 4
1586 163 5
1586 163 6
1586 163 7
1586 163 8
1586 163 9
1586 163 10
1586 164 1
1586 164 2
1586 164 3
1586 164 4
1586 164 5
1586 164 6
1586 164 7
1586 164 8
1586 164 9
1586 164 10
1586 165 1
1586 165 2
1586 165 3
1586 165 4
1586 165 5
1586 165 6
1586 165 7
1586 165 8
1586 165 9
1586 165 10
1587 156 1
1587 156 2
1587 156 3
1587 156 4
1587 156 5
1587 156 6
1587 156 7
1587 156 8
1587 156 9
1587 156 10
1587 157 1
1587 157 2
1587 157 3
1587 157 4
1587 157 5
1587 157 6
1587 157 7
1587 157 8
1587 157 9
1587 157 10
1587 158 1
1587 158 2
1587 158 3
1587 158 4
1587 158 5
1587 158 6
1587 158 7
1587 158 8
1587 158 9
1587 158 10
1587 159 1
1587 159 2
1587 159 3
1587 159 4
1587 159 5
1587 159 6
1587 159 7
1587 159 8
1587 159 9
1587 159 10
1587 160 1
1587 160 2
1587 160 3
1587 160 4
1587 160 5
1587 160 6
1587 160 7
1587 160 8
1587 160 9
1587 160 10
1587 161 1
1587 161 2
1587 161 3
1587 161 4
1587 161 5
1587 161 6
1587 161 7
1587 161 8
1587 161 9
1587 161 10
1587 162 1
1587 162 2
1587 162 3
1587 162 4
1587 162 5
1587 162 6
1587 162 7
1587 162 8
1587 162 9
1587 162 10
1587 163 1
1587 163 2
1587 163 3
1587 163 4
1587 163 5
1587 163 6
1587 163 7
1587 163 8
1587 163 9
1587 163 10
1587 164 1
1587 164 2
1587 164 3
1587 164 4
1587 164 5
1587 164 6
1587 164 7
1587 164 8
1587 164 9
1587 164 10
1587 165 1
1587 165 2
1587 165 3
1587 165 4
1587 165 5
1587 165 6
1587 165 7
1587 165 8
1587 165 9
1587 165 10
1588 156 1
1588 156 2
1588 156 3
1588 156 4
1588 156 5
1588 156 6
1588 156 7
1588 156 8
1588 156 9
1588 156 10
1588 157 1
1588 157 2
1588 157 3
1588 157 4
1588 157 5
1588 157 6
1588 157 7
1588 157 8
1588 157 9
1588 157 10
1588 158 1
1588 158 2
1588 158 3
1588 158 4
1588 158 5
1588 158 6
1588 158 7
1588 158 8
1588 158 9
1588 158 10
1588 159 1
1588 159 2
1588 159 3
1588 159 4
1588 159 5
1588 159 6
1588 159 7
1588 159 8
1588 159 9
1588 159 10
1588 160 1
1588 160 2
1588 160 3
1588 160 4
1588 160 5
1588 160 6
1588 160 7
1588 160 8
1588 160 9
1588 160 10
1588 161 1
1588 161 2
1588 161 3
1588 161 4
1588 161 5
1588 161 6
1588 161 7
1588 161 8
1588 161 9
1588 161 10
1588 162 1
1588 162 2
1588 162 3
1588 162 4
1588 162 5
1588 162 6
1588 162 7
1588 162 8
1588 162 9
1588 162 10
1588 163 1
1588 163 2
1588 163 3
1588 163 4
1588 163 5
1588 163 6
1588 163 7
1588 163 8
1588 163 9
1588 163 10
1588 164 1
1588 164 2
1588 164 3
1588 164 4
1588 164 5
1588 164 6
1588 164 7
1588 164 8
1588 164 9
1588 164 10
1588 165 1
1588 165 2
1588 165 3
1588 165 4
1588 165 5
1588 165 6
1588 165 7
1588 165 8
1588 165 9
1588 165 10
1589 156 1
1589 156 2
1589 156 3
1589 156 4
1589 156 5
1589 156 6
1589 156 7
1589 156 8
1589 156 9
1589 156 10
1589 157 1
1589 157 2
1589 157 3
1589 157 4
1589 157 5
1589 157 6
1589 157 7
1589 157 8
1589 157 9
1589 157 10
1589 158 1
1589 158 2
1589 158 3
1589 158 4
1589 158 5
1589 158 6
1589 158 7
1589 158 8
1589 158 9
1589 158 10
1589 159 1
1589 159 2
1589 159 3
1589 159 4
1589 159 5
1589 159 6
1589 159 7
1589 159 8
1589 159 9
1589 159 10
1589 160 1
1589 160 2
1589 160 3
1589 160 4
1589 160 5
1589 160 6
1589 160 7
1589 160 8
1589 160 9
1589 160 10
1589 161 1
1589 161 2
1589 161 3
1589 161 4
1589 161 5
1589 161 6
1589 161 7
1589 161 8
1589 161 9
1589 161 10
1589 162 1
1589 162 2
1589 162 3
1589 162 4
1589 162 5
1589 162 6
1589 162 7
1589 162 8
1589 162 9
1589 162 10
1589 163 1
1589 163 2
1589 163 3
1589 163 4
1589 163 5
1589 163 6
1589 163 7
1589 163 8
1589 163 9
1589 163 10
1589 164 1
1589 164 2
1589 164 3
1589 164 4
1589 164 5
1589 164 6
1589 164 7
1589 164 8
1589 164 9
1589 164 10
1589 165 1
1589 165 2
1589 165 3
1589 165 4
1589 165 5
1589 165 6
1589 165 7
1589 165 8
1589 165 9
1589 165 10
1590 156 1
1590 156 2
1590 156 3
1590 156 4
1590 156 5
1590 156 6
1590 156 7
1590 156 8
1590 156 9
1590 156 10
1590 157 1
1590 157 2
1590 157 3
1590 157 4
1590 157 5
1590 157 6
1590 157 7
1590 157 8
1590 157 9
1590 157 10
1590 158 1
1590 158 2
1590 158 3
1590 158 4
1590 158 5
1590 158 6
1590 158 7
1590 158 8
1590 158 9
1590 158 10
1590 159 1
1590 159 2
1590 159 3
1590 159 4
1590 159 5
1590 159 6
1590 159 7
1590 159 8
1590 159 9
1590 159 10
1590 160 1
1590 160 2
1590 160 3
1590 160 4
1590 160 5
1590 160 6
1590 160 7
1590 160 8
1590 160 9
1590 160 10
1590 161 1
1590 161 2
1590 161 3
1590 161 4
1590 161 5
1590 161 6
1590 161 7
1590 161 8
1590 161 9
1590 161 10
1590 162 1
1590 162 2
1590 162 3
1590 162 4
1590 162 5
1590 162 6
1590 162 7
1590 162 8
1590 162 9
1590 162 10
1590 163 1
1590 163 2
1590 163 3
1590 163 4
1590 163 5
1590 163 6
1590 163 7
1590 163 8
1590 163 9
1590 163 10
1590 164 1
1590 164 2
1590 164 3
1590 164 4
1590 164 5
1590 164 6
1590 164 7
1590 164 8
1590 164 9
1590 164 10
1590 165 1
1590 165 2
1590 165 3
1590 165 4
1590 165 5
1590 165 6
1590 165 7
1590 165 8
1590 165 9
1590 165 10
1591 156 1
1591 156 2
1591 156 3
1591 156 4
1591 156 5
1591 156 6
1591 156 7
1591 156 8
1591 156 9
1591 156 10
1591 157 1
1591 157 2
1591 157 3
1591 157 4
1591 157 5
1591 157 6
1591 157 7
1591 157 8
1591 157 9
1591 157 10
1591 158 1
1591 158 2
1591 158 3
1591 158 4
1591 158 5
1591 158 6
1591 158 7
1591 158 8
1591 158 9
1591 158 10
1591 159 1
1591 159 2
1591 159 3
1591 159 4
1591 159 5
1591 159 6
1591 159 7
1591 159 8
1591 159 9
1591 159 10
1591 160 1
1591 160 2
1591 160 3
1591 160 4
1591 160 5
1591 160 6
1591 160 7
1591 160 8
1591 160 9
1591 160 10
1591 161 1
1591 161 2
1591 161 3
1591 161 4
1591 161 5
1591 161 6
1591 161 7
1591 161 8
1591 161 9
1591 161 10
1591 162 1
1591 162 2
1591 162 3
1591 162 4
1591 162 5
1591 162 6
1591 162 7
1591 162 8
1591 162 9
1591 162 10
1591 163 1
1591 163 2
1591 163 3
1591 163 4
1591 163 5
1591 163 6
1591 163 7
1591 163 8
1591 163 9
1591 163 10
1591 164 1
1591 164 2
1591 164 3
1591 164 4
1591 164 5
1591 164 6
1591 164 7
1591 164 8
1591 164 9
1591 164 10
1591 165 1
1591 165 2
1591 165 3
1591 165 4
1591 165 5
1591 165 6
1591 165 7
1591 165 8
1591 165 9
1591 165 10
1592 156 1
1592 156 2
1592 156 3
1592 156 4
1592 156 5
1592 156 6
1592 156 7
1592 156 8
1592 156 9
1592 156 10
1592 157 1
1592 157 2
1592 157 3
1592 157 4
1592 157 5
1592 157 6
1592 157 7
1592 157 8
1592 157 9
1592 157 10
1592 158 1
1592 158 2
1592 158 3
1592 158 4
1592 158 5
1592 158 6
1592 158 7
1592 158 8
1592 158 9
1592 158 10
1592 159 1
1592 159 2
1592 159 3
1592 159 4
1592 159 5
1592 159 6
1592 159 7
1592 159 8
1592 159 9
1592 159 10
1592 160 1
1592 160 2
1592 160 3
1592 160 4
1592 160 5
1592 160 6
1592 160 7
1592 160 8
1592 160 9
1592 160 10
1592 161 1
1592 161 2
1592 161 3
1592 161 4
1592 161 5
1592 161 6
1592 161 7
1592 161 8
1592 161 9
1592 161 10
1592 162 1
1592 162 2
1592 162 3
1592 162 4
1592 162 5
1592 162 6
1592 162 7
1592 162 8
1592 162 9
1592 162 10
1592 163 1
1592 163 2
1592 163 3
1592 163 4
1592 163 5
1592 163 6
1592 163 7
1592 163 8
1592 163 9
1592 163 10
1592 164 1
1592 164 2
1592 164 3
1592 164 4
1592 164 5
1592 164 6
1592 164 7
1592 164 8
1592 164 9
1592 164 10
1592 165 1
1592 165 2
1592 165 3
1592 165 4
1592 165 5
1592 165 6
1592 165 7
1592 165 8
1592 165 9
1592 165 10
1593 156 1
1593 156 2
1593 156 3
1593 156 4
1593 156 5
1593 156 6
1593 156 7
1593 156 8
1593 156 9
1593 156 10
1593 157 1
1593 157 2
1593 157 3
1593 157 4
1593 157 5
1593 157 6
1593 157 7
1593 157 8
1593 157 9
1593 157 10
1593 158 1
1593 158 2
1593 158 3
1593 158 4
1593 158 5
1593 158 6
1593 158 7
1593 158 8
1593 158 9
1593 158 10
1593 159 1
1593 159 2
1593 159 3
1593 159 4
1593 159 5
1593 159 6
1593 159 7
1593 159 8
1593 159 9
1593 159 10
1593 160 1
1593 160 2
1593 160 3
1593 160 4
1593 160 5
1593 160 6
1593 160 7
1593 160 8
1593 160 9
1593 160 10
1593 161 1
1593 161 2
1593 161 3
1593 161 4
1593 161 5
1593 161 6
1593 161 7
1593 161 8
1593 161 9
1593 161 10
1593 162 1
1593 162 2
1593 162 3
1593 162 4
1593 162 5
1593 162 6
1593 162 7
1593 162 8
1593 162 9
1593 162 10
1593 163 1
1593 163 2
1593 163 3
1593 163 4
1593 163 5
1593 163 6
1593 163 7
1593 163 8
1593 163 9
1593 163 10
1593 164 1
1593 164 2
1593 164 3
1593 164 4
1593 164 5
1593 164 6
1593 164 7
1593 164 8
1593 164 9
1593 164 10
1593 165 1
1593 165 2
1593 165 3
1593 165 4
1593 165 5
1593 165 6
1593 165 7
1593 165 8
1593 165 9
1593 165 10
1594 156 1
1594 156 2
1594 156 3
1594 156 4
1594 156 5
1594 156 6
1594 156 7
1594 156 8
1594 156 9
1594 156 10
1594 157 1
1594 157 2
1594 157 3
1594 157 4
1594 157 5
1594 157 6
1594 157 7
1594 157 8
1594 157 9
1594 157 10
1594 158 1
1594 158 2
1594 158 3
1594 158 4
1594 158 5
1594 158 6
1594 158 7
1594 158 8
1594 158 9
1594 158 10
1594 159 1
1594 159 2
1594 159 3
1594 159 4
1594 159 5
1594 159 6
1594 159 7
1594 159 8
1594 159 9
1594 159 10
1594 160 1
1594 160 2
1594 160 3
1594 160 4
1594 160 5
1594 160 6
1594 160 7
1594 160 8
1594 160 9
1594 160 10
1594 161 1
1594 161 2
1594 161 3
1594 161 4
1594 161 5
1594 161 6
1594 161 7
1594 161 8
1594 161 9
1594 161 10
1594 162 1
1594 162 2
1594 162 3
1594 162 4
1594 162 5
1594 162 6
1594 162 7
1594 162 8
1594 162 9
1594 162 10
1594 163 1
1594 163 2
1594 163 3
1594 163 4
1594 163 5
1594 163 6
1594 163 7
1594 163 8
1594 163 9
1594 163 10
1594 164 1
1594 164 2
1594 164 3
1594 164 4
1594 164 5
1594 164 6
1594 164 7
1594 164 8
1594 164 9
1594 164 10
1594 165 1
1594 165 2
1594 165 3
1594 165 4
1594 165 5
1594 165 6
1594 165 7
1594 165 8
1594 165 9
1594 165 10
1595 156 1
1595 156 2
1595 156 3
1595 156 4
1595 156 5
1595 156 6
1595 156 7
1595 156 8
1595 156 9
1595 156 10
1595 157 1
1595 157 2
1595 157 3
1595 157 4
1595 157 5
1595 157 6
1595 157 7
1595 157 8
1595 157 9
1595 157 10
1595 158 1
1595 158 2
1595 158 3
1595 158 4
1595 158 5
1595 158 6
1595 158 7
1595 158 8
1595 158 9
1595 158 10
1595 159 1
1595 159 2
1595 159 3
1595 159 4
1595 159 5
1595 159 6
1595 159 7
1595 159 8
1595 159 9
1595 159 10
1595 160 1
1595 160 2
1595 160 3
1595 160 4
1595 160 5
1595 160 6
1595 160 7
1595 160 8
1595 160 9
1595 160 10
1595 161 1
1595 161 2
1595 161 3
1595 161 4
1595 161 5
1595 161 6
1595 161 7
1595 161 8
1595 161 9
1595 161 10
1595 162 1
1595 162 2
1595 162 3
1595 162 4
1595 162 5
1595 162 6
1595 162 7
1595 162 8
1595 162 9
1595 162 10
1595 163 1
1595 163 2
1595 163 3
1595 163 4
1595 163 5
1595 163 6
1595 163 7
1595 163 8
1595 163 9
1595 163 10
1595 164 1
1595 164 2
1595 164 3
1595 164 4
1595 164 5
1595 164 6
1595 164 7
1595 164 8
1595 164 9
1595 164 10
1595 165 1
1595 165 2
1595 165 3
1595 165 4
1595 165 5
1595 165 6
1595 165 7
1595 165 8
1595 165 9
1595 165 10
1596 156 1
1596 156 2
1596 156 3
1596 156 4
1596 156 5
1596 156 6
1596 156 7
1596 156 8
1596 156 9
1596 156 10
1596 157 1
1596 157 2
1596 157 3
1596 157 4
1596 157 5
1596 157 6
1596 157 7
1596 157 8
1596 157 9
1596 157 10
1596 158 1
1596 158 2
1596 158 3
1596 158 4
1596 158 5
1596 158 6
1596 158 7
1596 158 8
1596 158 9
1596 158 10
1596 159 1
1596 159 2
1596 159 3
1596 159 4
1596 159 5
1596 159 6
1596 159 7
1596 159 8
1596 159 9
1596 159 10
1596 160 1
1596 160 2
1596 160 3
1596 160 4
1596 160 5
1596 160 6
1596 160 7
1596 160 8
1596 160 9
1596 160 10
1596 161 1
1596 161 2
1596 161 3
1596 161 4
1596 161 5
1596 161 6
1596 161 7
1596 161 8
1596 161 9
1596 161 10
1596 162 1
1596 162 2
1596 162 3
1596 162 4
1596 162 5
1596 162 6
1596 162 7
1596 162 8
1596 162 9
1596 162 10
1596 163 1
1596 163 2
1596 163 3
1596 163 4
1596 163 5
1596 163 6
1596 163 7
1596 163 8
1596 163 9
1596 163 10
1596 164 1
1596 164 2
1596 164 3
1596 164 4
1596 164 5
1596 164 6
1596 164 7
1596 164 8
1596 164 9
1596 164 10
1596 165 1
1596 165 2
1596 165 3
1596 165 4
1596 165 5
1596 165 6
1596 165 7
1596 165 8
1596 165 9
1596 165 10
1597 156 1
1597 156 2
1597 156 3
1597 156 4
1597 156 5
1597 156 6
1597 156 7
1597 156 8
1597 156 9
1597 156 10
1597 157 1
1597 157 2
1597 157 3
1597 157 4
1597 157 5
1597 157 6
1597 157 7
1597 157 8
1597 157 9
1597 157 10
1597 158 1
1597 158 2
1597 158 3
1597 158 4
1597 158 5
1597 158 6
1597 158 7
1597 158 8
1597 158 9
1597 158 10
1597 159 1
1597 159 2
1597 159 3
1597 159 4
1597 159 5
1597 159 6
1597 159 7
1597 159 8
1597 159 9
1597 159 10
1597 160 1
1597 160 2
1597 160 3
1597 160 4
1597 160 5
1597 160 6
1597 160 7
1597 160 8
1597 160 9
1597 160 10
1597 161 1
1597 161 2
1597 161 3
1597 161 4
1597 161 5
1597 161 6
1597 161 7
1597 161 8
1597 161 9
1597 161 10
1597 162 1
1597 162 2
1597 162 3
1597 162 4
1597 162 5
1597 162 6
1597 162 7
1597 162 8
1597 162 9
1597 162 10
1597 163 1
1597 163 2
1597 163 3
1597 163 4
1597 163 5
1597 163 6
1597 163 7
1597 163 8
1597 163 9
1597 163 10
1597 164 1
1597 164 2
1597 164 3
1597 164 4
1597 164 5
1597 164 6
1597 164 7
1597 164 8
1597 164 9
1597 164 10
1597 165 1
1597 165 2
1597 165 3
1597 165 4
1597 165 5
1597 165 6
1597 165 7
1597 165 8
1597 165 9
1597 165 10
1598 156 1
1598 156 2
1598 156 3
1598 156 4
1598 156 5
1598 156 6
1598 156 7
1598 156 8
1598 156 9
1598 156 10
1598 157 1
1598 157 2
1598 157 3
1598 157 4
1598 157 5
1598 157 6
1598 157 7
1598 157 8
1598 157 9
1598 157 10
1598 158 1
1598 158 2
1598 158 3
1598 158 4
1598 158 5
1598 158 6
1598 158 7
1598 158 8
1598 158 9
1598 158 10
1598 159 1
1598 159 2
1598 159 3
1598 159 4
1598 159 5
1598 159 6
1598 159 7
1598 159 8
1598 159 9
1598 159 10
1598 160 1
1598 160 2
1598 160 3
1598 160 4
1598 160 5
1598 160 6
1598 160 7
1598 160 8
1598 160 9
1598 160 10
1598 161 1
1598 161 2
1598 161 3
1598 161 4
1598 161 5
1598 161 6
1598 161 7
1598 161 8
1598 161 9
1598 161 10
1598 162 1
1598 162 2
1598 162 3
1598 162 4
1598 162 5
1598 162 6
1598 162 7
1598 162 8
1598 162 9
1598 162 10
1598 163 1
1598 163 2
1598 163 3
1598 163 4
1598 163 5
1598 163 6
1598 163 7
1598 163 8
1598 163 9
1598 163 10
1598 164 1
1598 164 2
1598 164 3
1598 164 4
1598 164 5
1598 164 6
1598 164 7
1598 164 8
1598 164 9
1598 164 10
1598 165 1
1598 165 2
1598 165 3
1598 165 4
1598 165 5
1598 165 6
1598 165 7
1598 165 8
1598 165 9
1598 165 10
1599 156 1
1599 156 2
1599 156 3
1599 156 4
1599 156 5
1599 156 6
1599 156 7
1599 156 8
1599 156 9
1599 156 10
1599 157 1
1599 157 2
1599 157 3
1599 157 4
1599 157 5
1599 157 6
1599 157 7
1599 157 8
1599 157 9
1599 157 10
1599 158 1
1599 158 2
1599 158 3
1599 158 4
1599 158 5
1599 158 6
1599 158 7
1599 158 8
1599 158 9
1599 158 10
1599 159 1
1599 159 2
1599 159 3
1599 159 4
1599 159 5
1599 159 6
1599 159 7
1599 159 8
1599 159 9
1599 159 10
1599 160 1
1599 160 2
1599 160 3
1599 160 4
1599 160 5
1599 160 6
1599 160 7
1599 160 8
1599 160 9
1599 160 10
1599 161 1
1599 161 2
1599 161 3
1599 161 4
1599 161 5
1599 161 6
1599 161 7
1599 161 8
1599 161 9
1599 161 10
1599 162 1
1599 162 2
1599 162 3
1599 162 4
1599 162 5
1599 162 6
1599 162 7
1599 162 8
1599 162 9
1599 162 10
1599 163 1
1599 163 2
1599 163 3
1599 163 4
1599 163 5
1599 163 6
1599 163 7
1599 163 8
1599 163 9
1599 163 10
1599 164 1
1599 164 2
1599 164 3
1599 164 4
1599 164 5
1599 164 6
1599 164 7
1599 164 8
1599 164 9
1599 164 10
1599 165 1
1599 165 2
1599 165 3
1599 165 4
1599 165 5
1599 165 6
1599 165 7
1599 165 8
1599 165 9
1599 165 10
1600 156 1
1600 156 2
1600 156 3
1600 156 4
1600 156 5
1600 156 6
1600 156 7
1600 156 8
1600 156 9
1600 156 10
1600 157 1
1600 157 2
1600 157 3
1600 157 4
1600 157 5
1600 157 6
1600 157 7
1600 157 8
1600 157 9
1600 157 10
1600 158 1
1600 158 2
1600 158 3
1600 158 4
1600 158 5
1600 158 6
1600 158 7
1600 158 8
1600 158 9
1600 158 10
1600 159 1
1600 159 2
1600 159 3
1600 159 4
1600 159 5
1600 159 6
1600 159 7
1600 159 8
1600 159 9
1600 159 10
1600 160 1
1600 160 2
1600 160 3
1600 160 4
1600 160 5
1600 160 6
1600 160 7
1600 160 8
1600 160 9
1600 160 10
1600 161 1
1600 161 2
1600 161 3
1600 161 4
1600 161 5
1600 161 6
1600 161 7
1600 161 8
1600 161 9
1600 161 10
1600 162 1
1600 162 2
1600 162 3
1600 162 4
1600 162 5
1600 162 6
1600 162 7
1600 162 8
1600 162 9
1600 162 10
1600 163 1
1600 163 2
1600 163 3
1600 163 4
1600 163 5
1600 163 6
1600 163 7
1600 163 8
1600 163 9
1600 163 10
1600 164 1
1600 164 2
1600 164 3
1600 164 4
1600 164 5
1600 164 6
1600 164 7
1600 164 8
1600 164 9
1600 164 10
1600 165 1
1600 165 2
1600 165 3
1600 165 4
1600 165 5
1600 165 6
1600 165 7
1600 165 8
1600 165 9
1600 165 10
1601 156 1
1601 156 2
1601 156 3
1601 156 4
1601 156 5
1601 156 6
1601 156 7
1601 156 8
1601 156 9
1601 156 10
1601 157 1
1601 157 2
1601 157 3
1601 157 4
1601 157 5
1601 157 6
1601 157 7
1601 157 8
1601 157 9
1601 157 10
1601 158 1
1601 158 2
1601 158 3
1601 158 4
1601 158 5
1601 158 6
1601 158 7
1601 158 8
1601 158 9
1601 158 10
1601 159 1
1601 159 2
1601 159 3
1601 159 4
1601 159 5
1601 159 6
1601 159 7
1601 159 8
1601 159 9
1601 159 10
1601 160 1
1601 160 2
1601 160 3
1601 160 4
1601 160 5
1601 160 6
1601 160 7
1601 160 8
1601 160 9
1601 160 10
1601 161 1
1601 161 2
1601 161 3
1601 161 4
1601 161 5
1601 161 6
1601 161 7
1601 161 8
1601 161 9
1601 161 10
1601 162 1
1601 162 2
1601 162 3
1601 162 4
1601 162 5
1601 162 6
1601 162 7
1601 162 8
1601 162 9
1601 162 10
1601 163 1
1601 163 2
1601 163 3
1601 163 4
1601 163 5
1601 163 6
1601 163 7
1601 163 8
1601 163 9
1601 163 10
1601 164 1
1601 164 2
1601 164 3
1601 164 4
1601 164 5
1601 164 6
1601 164 7
1601 164 8
1601 164 9
1601 164 10
1601 165 1
1601 165 2
1601 165 3
1601 165 4
1601 165 5
1601 165 6
1601 165 7
1601 165 8
1601 165 9
1601 165 10
1602 156 1
1602 156 2
1602 156 3
1602 156 4
1602 156 5
1602 156 6
1602 156 7
1602 156 8
1602 156 9
1602 156 10
1602 157 1
1602 157 2
1602 157 3
1602 157 4
1602 157 5
1602 157 6
1602 157 7
1602 157 8
1602 157 9
1602 157 10
1602 158 1
1602 158 2
1602 158 3
1602 158 4
1602 158 5
1602 158 6
1602 158 7
1602 158 8
1602 158 9
1602 158 10
1602 159 1
1602 159 2
1602 159 3
1602 159 4
1602 159 5
1602 159 6
1602 159 7
1602 159 8
1602 159 9
1602 159 10
1602 160 1
1602 160 2
1602 160 3
1602 160 4
1602 160 5
1602 160 6
1602 160 7
1602 160 8
1602 160 9
1602 160 10
1602 161 1
1602 161 2
1602 161 3
1602 161 4
1602 161 5
1602 161 6
1602 161 7
1602 161 8
1602 161 9
1602 161 10
1602 162 1
1602 162 2
1602 162 3
1602 162 4
1602 162 5
1602 162 6
1602 162 7
1602 162 8
1602 162 9
1602 162 10
1602 163 1
1602 163 2
1602 163 3
1602 163 4
1602 163 5
1602 163 6
1602 163 7
1602 163 8
1602 163 9
1602 163 10
1602 164 1
1602 164 2
1602 164 3
1602 164 4
1602 164 5
1602 164 6
1602 164 7
1602 164 8
1602 164 9
1602 164 10
1602 165 1
1602 165 2
1602 165 3
1602 165 4
1602 165 5
1602 165 6
1602 165 7
1602 165 8
1602 165 9
1602 165 10
1603 156 1
1603 156 2
1603 156 3
1603 156 4
1603 156 5
1603 156 6
1603 156 7
1603 156 8
1603 156 9
1603 156 10
1603 157 1
1603 157 2
1603 157 3
1603 157 4
1603 157 5
1603 157 6
1603 157 7
1603 157 8
1603 157 9
1603 157 10
1603 158 1
1603 158 2
1603 158 3
1603 158 4
1603 158 5
1603 158 6
1603 158 7
1603 158 8
1603 158 9
1603 158 10
1603 159 1
1603 159 2
1603 159 3
1603 159 4
1603 159 5
1603 159 6
1603 159 7
1603 159 8
1603 159 9
1603 159 10
1603 160 1
1603 160 2
1603 160 3
1603 160 4
1603 160 5
1603 160 6
1603 160 7
1603 160 8
1603 160 9
1603 160 10
1603 161 1
1603 161 2
1603 161 3
1603 161 4
1603 161 5
1603 161 6
1603 161 7
1603 161 8
1603 161 9
1603 161 10
1603 162 1
1603 162 2
1603 162 3
1603 162 4
1603 162 5
1603 162 6
1603 162 7
1603 162 8
1603 162 9
1603 162 10
1603 163 1
1603 163 2
1603 163 3
1603 163 4
1603 163 5
1603 163 6
1603 163 7
1603 163 8
1603 163 9
1603 163 10
1603 164 1
1603 164 2
1603 164 3
1603 164 4
1603 164 5
1603 164 6
1603 164 7
1603 164 8
1603 164 9
1603 164 10
1603 165 1
1603 165 2
1603 165 3
1603 165 4
1603 165 5
1603 165 6
1603 165 7
1603 165 8
1603 165 9
1603 165 10
1604 156 1
1604 156 2
1604 156 3
1604 156 4
1604 156 5
1604 156 6
1604 156 7
1604 156 8
1604 156 9
1604 156 10
1604 157 1
1604 157 2
1604 157 3
1604 157 4
1604 157 5
1604 157 6
1604 157 7
1604 157 8
1604 157 9
1604 157 10
1604 158 1
1604 158 2
1604 158 3
1604 158 4
1604 158 5
1604 158 6
1604 158 7
1604 158 8
1604 158 9
1604 158 10
1604 159 1
1604 159 2
1604 159 3
1604 159 4
1604 159 5
1604 159 6
1604 159 7
1604 159 8
1604 159 9
1604 159 10
1604 160 1
1604 160 2
1604 160 3
1604 160 4
1604 160 5
1604 160 6
1604 160 7
1604 160 8
1604 160 9
1604 160 10
1604 161 1
1604 161 2
1604 161 3
1604 161 4
1604 161 5
1604 161 6
1604 161 7
1604 161 8
1604 161 9
1604 161 10
1604 162 1
1604 162 2
1604 162 3
1604 162 4
1604 162 5
1604 162 6
1604 162 7
1604 162 8
1604 162 9
1604 162 10
1604 163 1
1604 163 2
1604 163 3
1604 163 4
1604 163 5
1604 163 6
1604 163 7
1604 163 8
1604 163 9
1604 163 10
1604 164 1
1604 164 2
1604 164 3
1604 164 4
1604 164 5
1604 164 6
1604 164 7
1604 164 8
1604 164 9
1604 164 10
1604 165 1
1604 165 2
1604 165 3
1604 165 4
1604 165 5
1604 165 6
1604 165 7
1604 165 8
1604 165 9
1604 165 10
1605 156 1
1605 156 2
1605 156 3
1605 156 4
1605 156 5
1605 156 6
1605 156 7
1605 156 8
1605 156 9
1605 156 10
1605 157 1
1605 157 2
1605 157 3
1605 157 4
1605 157 5
1605 157 6
1605 157 7
1605 157 8
1605 157 9
1605 157 10
1605 158 1
1605 158 2
1605 158 3
1605 158 4
1605 158 5
1605 158 6
1605 158 7
1605 158 8
1605 158 9
1605 158 10
1605 159 1
1605 159 2
1605 159 3
1605 159 4
1605 159 5
1605 159 6
1605 159 7
1605 159 8
1605 159 9
1605 159 10
1605 160 1
1605 160 2
1605 160 3
1605 160 4
1605 160 5
1605 160 6
1605 160 7
1605 160 8
1605 160 9
1605 160 10
1605 161 1
1605 161 2
1605 161 3
1605 161 4
1605 161 5
1605 161 6
1605 161 7
1605 161 8
1605 161 9
1605 161 10
1605 162 1
1605 162 2
1605 162 3
1605 162 4
1605 162 5
1605 162 6
1605 162 7
1605 162 8
1605 162 9
1605 162 10
1605 163 1
1605 163 2
1605 163 3
1605 163 4
1605 163 5
1605 163 6
1605 163 7
1605 163 8
1605 163 9
1605 163 10
1605 164 1
1605 164 2
1605 164 3
1605 164 4
1605 164 5
1605 164 6
1605 164 7
1605 164 8
1605 164 9
1605 164 10
1605 165 1
1605 165 2
1605 165 3
1605 165 4
1605 165 5
1605 165 6
1605 165 7
1605 165 8
1605 165 9
1605 165 10
1606 156 1
1606 156 2
1606 156 3
1606 156 4
1606 156 5
1606 156 6
1606 156 7
1606 156 8
1606 156 9
1606 156 10
1606 157 1
1606 157 2
1606 157 3
1606 157 4
1606 157 5
1606 157 6
1606 157 7
1606 157 8
1606 157 9
1606 157 10
1606 158 1
1606 158 2
1606 158 3
1606 158 4
1606 158 5
1606 158 6
1606 158 7
1606 158 8
1606 158 9
1606 158 10
1606 159 1
1606 159 2
1606 159 3
1606 159 4
1606 159 5
1606 159 6
1606 159 7
1606 159 8
1606 159 9
1606 159 10
1606 160 1
1606 160 2
1606 160 3
1606 160 4
1606 160 5
1606 160 6
1606 160 7
1606 160 8
1606 160 9
1606 160 10
1606 161 1
1606 161 2
1606 161 3
1606 161 4
1606 161 5
1606 161 6
1606 161 7
1606 161 8
1606 161 9
1606 161 10
1606 162 1
1606 162 2
1606 162 3
1606 162 4
1606 162 5
1606 162 6
1606 162 7
1606 162 8
1606 162 9
1606 162 10
1606 163 1
1606 163 2
1606 163 3
1606 163 4
1606 163 5
1606 163 6
1606 163 7
1606 163 8
1606 163 9
1606 163 10
1606 164 1
1606 164 2
1606 164 3
1606 164 4
1606 164 5
1606 164 6
1606 164 7
1606 164 8
1606 164 9
1606 164 10
1606 165 1
1606 165 2
1606 165 3
1606 165 4
1606 165 5
1606 165 6
1606 165 7
1606 165 8
1606 165 9
1606 165 10
1607 156 1
1607 156 2
1607 156 3
1607 156 4
1607 156 5
1607 156 6
1607 156 7
1607 156 8
1607 156 9
1607 156 10
1607 157 1
1607 157 2
1607 157 3
1607 157 4
1607 157 5
1607 157 6
1607 157 7
1607 157 8
1607 157 9
1607 157 10
1607 158 1
1607 158 2
1607 158 3
1607 158 4
1607 158 5
1607 158 6
1607 158 7
1607 158 8
1607 158 9
1607 158 10
1607 159 1
1607 159 2
1607 159 3
1607 159 4
1607 159 5
1607 159 6
1607 159 7
1607 159 8
1607 159 9
1607 159 10
1607 160 1
1607 160 2
1607 160 3
1607 160 4
1607 160 5
1607 160 6
1607 160 7
1607 160 8
1607 160 9
1607 160 10
1607 161 1
1607 161 2
1607 161 3
1607 161 4
1607 161 5
1607 161 6
1607 161 7
1607 161 8
1607 161 9
1607 161 10
1607 162 1
1607 162 2
1607 162 3
1607 162 4
1607 162 5
1607 162 6
1607 162 7
1607 162 8
1607 162 9
1607 162 10
1607 163 1
1607 163 2
1607 163 3
1607 163 4
1607 163 5
1607 163 6
1607 163 7
1607 163 8
1607 163 9
1607 163 10
1607 164 1
1607 164 2
1607 164 3
1607 164 4
1607 164 5
1607 164 6
1607 164 7
1607 164 8
1607 164 9
1607 164 10
1607 165 1
1607 165 2
1607 165 3
1607 165 4
1607 165 5
1607 165 6
1607 165 7
1607 165 8
1607 165 9
1607 165 10
1608 156 1
1608 156 2
1608 156 3
1608 156 4
1608 156 5
1608 156 6
1608 156 7
1608 156 8
1608 156 9
1608 156 10
1608 157 1
1608 157 2
1608 157 3
1608 157 4
1608 157 5
1608 157 6
1608 157 7
1608 157 8
1608 157 9
1608 157 10
1608 158 1
1608 158 2
1608 158 3
1608 158 4
1608 158 5
1608 158 6
1608 158 7
1608 158 8
1608 158 9
1608 158 10
1608 159 1
1608 159 2
1608 159 3
1608 159 4
1608 159 5
1608 159 6
1608 159 7
1608 159 8
1608 159 9
1608 159 10
1608 160 1
1608 160 2
1608 160 3
1608 160 4
1608 160 5
1608 160 6
1608 160 7
1608 160 8
1608 160 9
1608 160 10
1608 161 1
1608 161 2
1608 161 3
1608 161 4
1608 161 5
1608 161 6
1608 161 7
1608 161 8
1608 161 9
1608 161 10
1608 162 1
1608 162 2
1608 162 3
1608 162 4
1608 162 5
1608 162 6
1608 162 7
1608 162 8
1608 162 9
1608 162 10
1608 163 1
1608 163 2
1608 163 3
1608 163 4
1608 163 5
1608 163 6
1608 163 7
1608 163 8
1608 163 9
1608 163 10
1608 164 1
1608 164 2
1608 164 3
1608 164 4
1608 164 5
1608 164 6
1608 164 7
1608 164 8
1608 164 9
1608 164 10
1608 165 1
1608 165 2
1608 165 3
1608 165 4
1608 165 5
1608 165 6
1608 165 7
1608 165 8
1608 165 9
1608 165 10
1609 156 1
1609 156 2
1609 156 3
1609 156 4
1609 156 5
1609 156 6
1609 156 7
1609 156 8
1609 156 9
1609 156 10
1609 157 1
1609 157 2
1609 157 3
1609 157 4
1609 157 5
1609 157 6
1609 157 7
1609 157 8
1609 157 9
1609 157 10
1609 158 1
1609 158 2
1609 158 3
1609 158 4
1609 158 5
1609 158 6
1609 158 7
1609 158 8
1609 158 9
1609 158 10
1609 159 1
1609 159 2
1609 159 3
1609 159 4
1609 159 5
1609 159 6
1609 159 7
1609 159 8
1609 159 9
1609 159 10
1609 160 1
1609 160 2
1609 160 3
1609 160 4
1609 160 5
1609 160 6
1609 160 7
1609 160 8
1609 160 9
1609 160 10
1609 161 1
1609 161 2
1609 161 3
1609 161 4
1609 161 5
1609 161 6
1609 161 7
1609 161 8
1609 161 9
1609 161 10
1609 162 1
1609 162 2
1609 162 3
1609 162 4
1609 162 5
1609 162 6
1609 162 7
1609 162 8
1609 162 9
1609 162 10
1609 163 1
1609 163 2
1609 163 3
1609 163 4
1609 163 5
1609 163 6
1609 163 7
1609 163 8
1609 163 9
1609 163 10
1609 164 1
1609 164 2
1609 164 3
1609 164 4
1609 164 5
1609 164 6
1609 164 7
1609 164 8
1609 164 9
1609 164 10
1609 165 1
1609 165 2
1609 165 3
1609 165 4
1609 165 5
1609 165 6
1609 165 7
1609 165 8
1609 165 9
1609 165 10
1610 156 1
1610 156 2
1610 156 3
1610 156 4
1610 156 5
1610 156 6
1610 156 7
1610 156 8
1610 156 9
1610 156 10
1610 157 1
1610 157 2
1610 157 3
1610 157 4
1610 157 5
1610 157 6
1610 157 7
1610 157 8
1610 157 9
1610 157 10
1610 158 1
1610 158 2
1610 158 3
1610 158 4
1610 158 5
1610 158 6
1610 158 7
1610 158 8
1610 158 9
1610 158 10
1610 159 1
1610 159 2
1610 159 3
1610 159 4
1610 159 5
1610 159 6
1610 159 7
1610 159 8
1610 159 9
1610 159 10
1610 160 1
1610 160 2
1610 160 3
1610 160 4
1610 160 5
1610 160 6
1610 160 7
1610 160 8
1610 160 9
1610 160 10
1610 161 1
1610 161 2
1610 161 3
1610 161 4
1610 161 5
1610 161 6
1610 161 7
1610 161 8
1610 161 9
1610 161 10
1610 162 1
1610 162 2
1610 162 3
1610 162 4
1610 162 5
1610 162 6
1610 162 7
1610 162 8
1610 162 9
1610 162 10
1610 163 1
1610 163 2
1610 163 3
1610 163 4
1610 163 5
1610 163 6
1610 163 7
1610 163 8
1610 163 9
1610 163 10
1610 164 1
1610 164 2
1610 164 3
1610 164 4
1610 164 5
1610 164 6
1610 164 7
1610 164 8
1610 164 9
1610 164 10
1610 165 1
1610 165 2
1610 165 3
1610 165 4
1610 165 5
1610 165 6
1610 165 7
1610 165 8
1610 165 9
1610 165 10
1611 156 1
1611 156 2
1611 156 3
1611 156 4
1611 156 5
1611 156 6
1611 156 7
1611 156 8
1611 156 9
1611 156 10
1611 157 1
1611 157 2
1611 157 3
1611 157 4
1611 157 5
1611 157 6
1611 157 7
1611 157 8
1611 157 9
1611 157 10
1611 158 1
1611 158 2
1611 158 3
1611 158 4
1611 158 5
1611 158 6
1611 158 7
1611 158 8
1611 158 9
1611 158 10
1611 159 1
1611 159 2
1611 159 3
1611 159 4
1611 159 5
1611 159 6
1611 159 7
1611 159 8
1611 159 9
1611 159 10
1611 160 1
1611 160 2
1611 160 3
1611 160 4
1611 160 5
1611 160 6
1611 160 7
1611 160 8
1611 160 9
1611 160 10
1611 161 1
1611 161 2
1611 161 3
1611 161 4
1611 161 5
1611 161 6
1611 161 7
1611 161 8
1611 161 9
1611 161 10
1611 162 1
1611 162 2
1611 162 3
1611 162 4
1611 162 5
1611 162 6
1611 162 7
1611 162 8
1611 162 9
1611 162 10
1611 163 1
1611 163 2
1611 163 3
1611 163 4
1611 163 5
1611 163 6
1611 163 7
1611 163 8
1611 163 9
1611 163 10
1611 164 1
1611 164 2
1611 164 3
1611 164 4
1611 164 5
1611 164 6
1611 164 7
1611 164 8
1611 164 9
1611 164 10
1611 165 1
1611 165 2
1611 165 3
1611 165 4
1611 165 5
1611 165 6
1611 165 7
1611 165 8
1611 165 9
1611 165 10
1612 156 1
1612 156 2
1612 156 3
1612 156 4
1612 156 5
1612 156 6
1612 156 7
1612 156 8
1612 156 9
1612 156 10
1612 157 1
1612 157 2
1612 157 3
1612 157 4
1612 157 5
1612 157 6
1612 157 7
1612 157 8
1612 157 9
1612 157 10
1612 158 1
1612 158 2
1612 158 3
1612 158 4
1612 158 5
1612 158 6
1612 158 7
1612 158 8
1612 158 9
1612 158 10
1612 159 1
1612 159 2
1612 159 3
1612 159 4
1612 159 5
1612 159 6
1612 159 7
1612 159 8
1612 159 9
1612 159 10
1612 160 1
1612 160 2
1612 160 3
1612 160 4
1612 160 5
1612 160 6
1612 160 7
1612 160 8
1612 160 9
1612 160 10
1612 161 1
1612 161 2
1612 161 3
1612 161 4
1612 161 5
1612 161 6
1612 161 7
1612 161 8
1612 161 9
1612 161 10
1612 162 1
1612 162 2
1612 162 3
1612 162 4
1612 162 5
1612 162 6
1612 162 7
1612 162 8
1612 162 9
1612 162 10
1612 163 1
1612 163 2
1612 163 3
1612 163 4
1612 163 5
1612 163 6
1612 163 7
1612 163 8
1612 163 9
1612 163 10
1612 164 1
1612 164 2
1612 164 3
1612 164 4
1612 164 5
1612 164 6
1612 164 7
1612 164 8
1612 164 9
1612 164 10
1612 165 1
1612 165 2
1612 165 3
1612 165 4
1612 165 5
1612 165 6
1612 165 7
1612 165 8
1612 165 9
1612 165 10
1613 156 1
1613 156 2
1613 156 3
1613 156 4
1613 156 5
1613 156 6
1613 156 7
1613 156 8
1613 156 9
1613 156 10
1613 157 1
1613 157 2
1613 157 3
1613 157 4
1613 157 5
1613 157 6
1613 157 7
1613 157 8
1613 157 9
1613 157 10
1613 158 1
1613 158 2
1613 158 3
1613 158 4
1613 158 5
1613 158 6
1613 158 7
1613 158 8
1613 158 9
1613 158 10
1613 159 1
1613 159 2
1613 159 3
1613 159 4
1613 159 5
1613 159 6
1613 159 7
1613 159 8
1613 159 9
1613 159 10
1613 160 1
1613 160 2
1613 160 3
1613 160 4
1613 160 5
1613 160 6
1613 160 7
1613 160 8
1613 160 9
1613 160 10
1613 161 1
1613 161 2
1613 161 3
1613 161 4
1613 161 5
1613 161 6
1613 161 7
1613 161 8
1613 161 9
1613 161 10
1613 162 1
1613 162 2
1613 162 3
1613 162 4
1613 162 5
1613 162 6
1613 162 7
1613 162 8
1613 162 9
1613 162 10
1613 163 1
1613 163 2
1613 163 3
1613 163 4
1613 163 5
1613 163 6
1613 163 7
1613 163 8
1613 163 9
1613 163 10
1613 164 1
1613 164 2
1613 164 3
1613 164 4
1613 164 5
1613 164 6
1613 164 7
1613 164 8
1613 164 9
1613 164 10
1613 165 1
1613 165 2
1613 165 3
1613 165 4
1613 165 5
1613 165 6
1613 165 7
1613 165 8
1613 165 9
1613 165 10
1614 156 1
1614 156 2
1614 156 3
1614 156 4
1614 156 5
1614 156 6
1614 156 7
1614 156 8
1614 156 9
1614 156 10
1614 157 1
1614 157 2
1614 157 3
1614 157 4
1614 157 5
1614 157 6
1614 157 7
1614 157 8
1614 157 9
1614 157 10
1614 158 1
1614 158 2
1614 158 3
1614 158 4
1614 158 5
1614 158 6
1614 158 7
1614 158 8
1614 158 9
1614 158 10
1614 159 1
1614 159 2
1614 159 3
1614 159 4
1614 159 5
1614 159 6
1614 159 7
1614 159 8
1614 159 9
1614 159 10
1614 160 1
1614 160 2
1614 160 3
1614 160 4
1614 160 5
1614 160 6
1614 160 7
1614 160 8
1614 160 9
1614 160 10
1614 161 1
1614 161 2
1614 161 3
1614 161 4
1614 161 5
1614 161 6
1614 161 7
1614 161 8
1614 161 9
1614 161 10
1614 162 1
1614 162 2
1614 162 3
1614 162 4
1614 162 5
1614 162 6
1614 162 7
1614 162 8
1614 162 9
1614 162 10
1614 163 1
1614 163 2
1614 163 3
1614 163 4
1614 163 5
1614 163 6
1614 163 7
1614 163 8
1614 163 9
1614 163 10
1614 164 1
1614 164 2
1614 164 3
1614 164 4
1614 164 5
1614 164 6
1614 164 7
1614 164 8
1614 164 9
1614 164 10
1614 165 1
1614 165 2
1614 165 3
1614 165 4
1614 165 5
1614 165 6
1614 165 7
1614 165 8
1614 165 9
1614 165 10
1615 156 1
1615 156 2
1615 156 3
1615 156 4
1615 156 5
1615 156 6
1615 156 7
1615 156 8
1615 156 9
1615 156 10
1615 157 1
1615 157 2
1615 157 3
1615 157 4
1615 157 5
1615 157 6
1615 157 7
1615 157 8
1615 157 9
1615 157 10
1615 158 1
1615 158 2
1615 158 3
1615 158 4
1615 158 5
1615 158 6
1615 158 7
1615 158 8
1615 158 9
1615 158 10
1615 159 1
1615 159 2
1615 159 3
1615 159 4
1615 159 5
1615 159 6
1615 159 7
1615 159 8
1615 159 9
1615 159 10
1615 160 1
1615 160 2
1615 160 3
1615 160 4
1615 160 5
1615 160 6
1615 160 7
1615 160 8
1615 160 9
1615 160 10
1615 161 1
1615 161 2
1615 161 3
1615 161 4
1615 161 5
1615 161 6
1615 161 7
1615 161 8
1615 161 9
1615 161 10
1615 162 1
1615 162 2
1615 162 3
1615 162 4
1615 162 5
1615 162 6
1615 162 7
1615 162 8
1615 162 9
1615 162 10
1615 163 1
1615 163 2
1615 163 3
1615 163 4
1615 163 5
1615 163 6
1615 163 7
1615 163 8
1615 163 9
1615 163 10
1615 164 1
1615 164 2
1615 164 3
1615 164 4
1615 164 5
1615 164 6
1615 164 7
1615 164 8
1615 164 9
1615 164 10
1615 165 1
1615 165 2
1615 165 3
1615 165 4
1615 165 5
1615 165 6
1615 165 7
1615 165 8
1615 165 9
1615 165 10
1616 156 1
1616 156 2
1616 156 3
1616 156 4
1616 156 5
1616 156 6
1616 156 7
1616 156 8
1616 156 9
1616 156 10
1616 157 1
1616 157 2
1616 157 3
1616 157 4
1616 157 5
1616 157 6
1616 157 7
1616 157 8
1616 157 9
1616 157 10
1616 158 1
1616 158 2
1616 158 3
1616 158 4
1616 158 5
1616 158 6
1616 158 7
1616 158 8
1616 158 9
1616 158 10
1616 159 1
1616 159 2
1616 159 3
1616 159 4
1616 159 5
1616 159 6
1616 159 7
1616 159 8
1616 159 9
1616 159 10
1616 160 1
1616 160 2
1616 160 3
1616 160 4
1616 160 5
1616 160 6
1616 160 7
1616 160 8
1616 160 9
1616 160 10
1616 161 1
1616 161 2
1616 161 3
1616 161 4
1616 161 5
1616 161 6
1616 161 7
1616 161 8
1616 161 9
1616 161 10
1616 162 1
1616 162 2
1616 162 3
1616 162 4
1616 162 5
1616 162 6
1616 162 7
1616 162 8
1616 162 9
1616 162 10
1616 163 1
1616 163 2
1616 163 3
1616 163 4
1616 163 5
1616 163 6
1616 163 7
1616 163 8
1616 163 9
1616 163 10
1616 164 1
1616 164 2
1616 164 3
1616 164 4
1616 164 5
1616 164 6
1616 164 7
1616 164 8
1616 164 9
1616 164 10
1616 165 1
1616 165 2
1616 165 3
1616 165 4
1616 165 5
1616 165 6
1616 165 7
1616 165 8
1616 165 9
1616 165 10
1617 156 1
1617 156 2
1617 156 3
1617 156 4
1617 156 5
1617 156 6
1617 156 7
1617 156 8
1617 156 9
1617 156 10
1617 157 1
1617 157 2
1617 157 3
1617 157 4
1617 157 5
1617 157 6
1617 157 7
1617 157 8
1617 157 9
1617 157 10
1617 158 1
1617 158 2
1617 158 3
1617 158 4
1617 158 5
1617 158 6
1617 158 7
1617 158 8
1617 158 9
1617 158 10
1617 159 1
1617 159 2
1617 159 3
1617 159 4
1617 159 5
1617 159 6
1617 159 7
1617 159 8
1617 159 9
1617 159 10
1617 160 1
1617 160 2
1617 160 3
1617 160 4
1617 160 5
1617 160 6
1617 160 7
1617 160 8
1617 160 9
1617 160 10
1617 161 1
1617 161 2
1617 161 3
1617 161 4
1617 161 5
1617 161 6
1617 161 7
1617 161 8
1617 161 9
1617 161 10
1617 162 1
1617 162 2
1617 162 3
1617 162 4
1617 162 5
1617 162 6
1617 162 7
1617 162 8
1617 162 9
1617 162 10
1617 163 1
1617 163 2
1617 163 3
1617 163 4
1617 163 5
1617 163 6
1617 163 7
1617 163 8
1617 163 9
1617 163 10
1617 164 1
1617 164 2
1617 164 3
1617 164 4
1617 164 5
1617 164 6
1617 164 7
1617 164 8
1617 164 9
1617 164 10
1617 165 1
1617 165 2
1617 165 3
1617 165 4
1617 165 5
1617 165 6
1617 165 7
1617 165 8
1617 165 9
1617 165 10
1618 156 1
1618 156 2
1618 156 3
1618 156 4
1618 156 5
1618 156 6
1618 156 7
1618 156 8
1618 156 9
1618 156 10
1618 157 1
1618 157 2
1618 157 3
1618 157 4
1618 157 5
1618 157 6
1618 157 7
1618 157 8
1618 157 9
1618 157 10
1618 158 1
1618 158 2
1618 158 3
1618 158 4
1618 158 5
1618 158 6
1618 158 7
1618 158 8
1618 158 9
1618 158 10
1618 159 1
1618 159 2
1618 159 3
1618 159 4
1618 159 5
1618 159 6
1618 159 7
1618 159 8
1618 159 9
1618 159 10
1618 160 1
1618 160 2
1618 160 3
1618 160 4
1618 160 5
1618 160 6
1618 160 7
1618 160 8
1618 160 9
1618 160 10
1618 161 1
1618 161 2
1618 161 3
1618 161 4
1618 161 5
1618 161 6
1618 161 7
1618 161 8
1618 161 9
1618 161 10
1618 162 1
1618 162 2
1618 162 3
1618 162 4
1618 162 5
1618 162 6
1618 162 7
1618 162 8
1618 162 9
1618 162 10
1618 163 1
1618 163 2
1618 163 3
1618 163 4
1618 163 5
1618 163 6
1618 163 7
1618 163 8
1618 163 9
1618 163 10
1618 164 1
1618 164 2
1618 164 3
1618 164 4
1618 164 5
1618 164 6
1618 164 7
1618 164 8
1618 164 9
1618 164 10
1618 165 1
1618 165 2
1618 165 3
1618 165 4
1618 165 5
1618 165 6
1618 165 7
1618 165 8
1618 165 9
1618 165 10
1619 156 1
1619 156 2
1619 156 3
1619 156 4
1619 156 5
1619 156 6
1619 156 7
1619 156 8
1619 156 9
1619 156 10
1619 157 1
1619 157 2
1619 157 3
1619 157 4
1619 157 5
1619 157 6
1619 157 7
1619 157 8
1619 157 9
1619 157 10
1619 158 1
1619 158 2
1619 158 3
1619 158 4
1619 158 5
1619 158 6
1619 158 7
1619 158 8
1619 158 9
1619 158 10
1619 159 1
1619 159 2
1619 159 3
1619 159 4
1619 159 5
1619 159 6
1619 159 7
1619 159 8
1619 159 9
1619 159 10
1619 160 1
1619 160 2
1619 160 3
1619 160 4
1619 160 5
1619 160 6
1619 160 7
1619 160 8
1619 160 9
1619 160 10
1619 161 1
1619 161 2
1619 161 3
1619 161 4
1619 161 5
1619 161 6
1619 161 7
1619 161 8
1619 161 9
1619 161 10
1619 162 1
1619 162 2
1619 162 3
1619 162 4
1619 162 5
1619 162 6
1619 162 7
1619 162 8
1619 162 9
1619 162 10
1619 163 1
1619 163 2
1619 163 3
1619 163 4
1619 163 5
1619 163 6
1619 163 7
1619 163 8
1619 163 9
1619 163 10
1619 164 1
1619 164 2
1619 164 3
1619 164 4
1619 164 5
1619 164 6
1619 164 7
1619 164 8
1619 164 9
1619 164 10
1619 165 1
1619 165 2
1619 165 3
1619 165 4
1619 165 5
1619 165 6
1619 165 7
1619 165 8
1619 165 9
1619 165 10
1620 156 1
1620 156 2
1620 156 3
1620 156 4
1620 156 5
1620 156 6
1620 156 7
1620 156 8
1620 156 9
1620 156 10
1620 157 1
1620 157 2
1620 157 3
1620 157 4
1620 157 5
1620 157 6
1620 157 7
1620 157 8
1620 157 9
1620 157 10
1620 158 1
1620 158 2
1620 158 3
1620 158 4
1620 158 5
1620 158 6
1620 158 7
1620 158 8
1620 158 9
1620 158 10
1620 159 1
1620 159 2
1620 159 3
1620 159 4
1620 159 5
1620 159 6
1620 159 7
1620 159 8
1620 159 9
1620 159 10
1620 160 1
1620 160 2
1620 160 3
1620 160 4
1620 160 5
1620 160 6
1620 160 7
1620 160 8
1620 160 9
1620 160 10
1620 161 1
1620 161 2
1620 161 3
1620 161 4
1620 161 5
1620 161 6
1620 161 7
1620 161 8
1620 161 9
1620 161 10
1620 162 1
1620 162 2
1620 162 3
1620 162 4
1620 162 5
1620 162 6
1620 162 7
1620 162 8
1620 162 9
1620 162 10
1620 163 1
1620 163 2
1620 163 3
1620 163 4
1620 163 5
1620 163 6
1620 163 7
1620 163 8
1620 163 9
1620 163 10
1620 164 1
1620 164 2
1620 164 3
1620 164 4
1620 164 5
1620 164 6
1620 164 7
1620 164 8
1620 164 9
1620 164 10
1620 165 1
1620 165 2
1620 165 3
1620 165 4
1620 165 5
1620 165 6
1620 165 7
1620 165 8
1620 165 9
1620 165 10
1621 156 1
1621 156 2
1621 156 3
1621 156 4
1621 156 5
1621 156 6
1621 156 7
1621 156 8
1621 156 9
1621 156 10
1621 157 1
1621 157 2
1621 157 3
1621 157 4
1621 157 5
1621 157 6
1621 157 7
1621 157 8
1621 157 9
1621 157 10
1621 158 1
1621 158 2
1621 158 3
1621 158 4
1621 158 5
1621 158 6
1621 158 7
1621 158 8
1621 158 9
1621 158 10
1621 159 1
1621 159 2
1621 159 3
1621 159 4
1621 159 5
1621 159 6
1621 159 7
1621 159 8
1621 159 9
1621 159 10
1621 160 1
1621 160 2
1621 160 3
1621 160 4
1621 160 5
1621 160 6
1621 160 7
1621 160 8
1621 160 9
1621 160 10
1621 161 1
1621 161 2
1621 161 3
1621 161 4
1621 161 5
1621 161 6
1621 161 7
1621 161 8
1621 161 9
1621 161 10
1621 162 1
1621 162 2
1621 162 3
1621 162 4
1621 162 5
1621 162 6
1621 162 7
1621 162 8
1621 162 9
1621 162 10
1621 163 1
1621 163 2
1621 163 3
1621 163 4
1621 163 5
1621 163 6
1621 163 7
1621 163 8
1621 163 9
1621 163 10
1621 164 1
1621 164 2
1621 164 3
1621 164 4
1621 164 5
1621 164 6
1621 164 7
1621 164 8
1621 164 9
1621 164 10
1621 165 1
1621 165 2
1621 165 3
1621 165 4
1621 165 5
1621 165 6
1621 165 7
1621 165 8
1621 165 9
1621 165 10
1622 156 1
1622 156 2
1622 156 3
1622 156 4
1622 156 5
1622 156 6
1622 156 7
1622 156 8
1622 156 9
1622 156 10
1622 157 1
1622 157 2
1622 157 3
1622 157 4
1622 157 5
1622 157 6
1622 157 7
1622 157 8
1622 157 9
1622 157 10
1622 158 1
1622 158 2
1622 158 3
1622 158 4
1622 158 5
1622 158 6
1622 158 7
1622 158 8
1622 158 9
1622 158 10
1622 159 1
1622 159 2
1622 159 3
1622 159 4
1622 159 5
1622 159 6
1622 159 7
1622 159 8
1622 159 9
1622 159 10
1622 160 1
1622 160 2
1622 160 3
1622 160 4
1622 160 5
1622 160 6
1622 160 7
1622 160 8
1622 160 9
1622 160 10
1622 161 1
1622 161 2
1622 161 3
1622 161 4
1622 161 5
1622 161 6
1622 161 7
1622 161 8
1622 161 9
1622 161 10
1622 162 1
1622 162 2
1622 162 3
1622 162 4
1622 162 5
1622 162 6
1622 162 7
1622 162 8
1622 162 9
1622 162 10
1622 163 1
1622 163 2
1622 163 3
1622 163 4
1622 163 5
1622 163 6
1622 163 7
1622 163 8
1622 163 9
1622 163 10
1622 164 1
1622 164 2
1622 164 3
1622 164 4
1622 164 5
1622 164 6
1622 164 7
1622 164 8
1622 164 9
1622 164 10
1622 165 1
1622 165 2
1622 165 3
1622 165 4
1622 165 5
1622 165 6
1622 165 7
1622 165 8
1622 165 9
1622 165 10
1623 156 1
1623 156 2
1623 156 3
1623 156 4
1623 156 5
1623 156 6
1623 156 7
1623 156 8
1623 156 9
1623 156 10
1623 157 1
1623 157 2
1623 157 3
1623 157 4
1623 157 5
1623 157 6
1623 157 7
1623 157 8
1623 157 9
1623 157 10
1623 158 1
1623 158 2
1623 158 3
1623 158 4
1623 158 5
1623 158 6
1623 158 7
1623 158 8
1623 158 9
1623 158 10
1623 159 1
1623 159 2
1623 159 3
1623 159 4
1623 159 5
1623 159 6
1623 159 7
1623 159 8
1623 159 9
1623 159 10
1623 160 1
1623 160 2
1623 160 3
1623 160 4
1623 160 5
1623 160 6
1623 160 7
1623 160 8
1623 160 9
1623 160 10
1623 161 1
1623 161 2
1623 161 3
1623 161 4
1623 161 5
1623 161 6
1623 161 7
1623 161 8
1623 161 9
1623 161 10
1623 162 1
1623 162 2
1623 162 3
1623 162 4
1623 162 5
1623 162 6
1623 162 7
1623 162 8
1623 162 9
1623 162 10
1623 163 1
1623 163 2
1623 163 3
1623 163 4
1623 163 5
1623 163 6
1623 163 7
1623 163 8
1623 163 9
1623 163 10
1623 164 1
1623 164 2
1623 164 3
1623 164 4
1623 164 5
1623 164 6
1623 164 7
1623 164 8
1623 164 9
1623 164 10
1623 165 1
1623 165 2
1623 165 3
1623 165 4
1623 165 5
1623 165 6
1623 165 7
1623 165 8
1623 165 9
1623 165 10
1624 156 1
1624 156 2
1624 156 3
1624 156 4
1624 156 5
1624 156 6
1624 156 7
1624 156 8
1624 156 9
1624 156 10
1624 157 1
1624 157 2
1624 157 3
1624 157 4
1624 157 5
1624 157 6
1624 157 7
1624 157 8
1624 157 9
1624 157 10
1624 158 1
1624 158 2
1624 158 3
1624 158 4
1624 158 5
1624 158 6
1624 158 7
1624 158 8
1624 158 9
1624 158 10
1624 159 1
1624 159 2
1624 159 3
1624 159 4
1624 159 5
1624 159 6
1624 159 7
1624 159 8
1624 159 9
1624 159 10
1624 160 1
1624 160 2
1624 160 3
1624 160 4
1624 160 5
1624 160 6
1624 160 7
1624 160 8
1624 160 9
1624 160 10
1624 161 1
1624 161 2
1624 161 3
1624 161 4
1624 161 5
1624 161 6
1624 161 7
1624 161 8
1624 161 9
1624 161 10
1624 162 1
1624 162 2
1624 162 3
1624 162 4
1624 162 5
1624 162 6
1624 162 7
1624 162 8
1624 162 9
1624 162 10
1624 163 1
1624 163 2
1624 163 3
1624 163 4
1624 163 5
1624 163 6
1624 163 7
1624 163 8
1624 163 9
1624 163 10
1624 164 1
1624 164 2
1624 164 3
1624 164 4
1624 164 5
1624 164 6
1624 164 7
1624 164 8
1624 164 9
1624 164 10
1624 165 1
1624 165 2
1624 165 3
1624 165 4
1624 165 5
1624 165 6
1624 165 7
1624 165 8
1624 165 9
1624 165 10
1625 156 1
1625 156 2
1625 156 3
1625 156 4
1625 156 5
1625 156 6
1625 156 7
1625 156 8
1625 156 9
1625 156 10
1625 157 1
1625 157 2
1625 157 3
1625 157 4
1625 157 5
1625 157 6
1625 157 7
1625 157 8
1625 157 9
1625 157 10
1625 158 1
1625 158 2
1625 158 3
1625 158 4
1625 158 5
1625 158 6
1625 158 7
1625 158 8
1625 158 9
1625 158 10
1625 159 1
1625 159 2
1625 159 3
1625 159 4
1625 159 5
1625 159 6
1625 159 7
1625 159 8
1625 159 9
1625 159 10
1625 160 1
1625 160 2
1625 160 3
1625 160 4
1625 160 5
1625 160 6
1625 160 7
1625 160 8
1625 160 9
1625 160 10
1625 161 1
1625 161 2
1625 161 3
1625 161 4
1625 161 5
1625 161 6
1625 161 7
1625 161 8
1625 161 9
1625 161 10
1625 162 1
1625 162 2
1625 162 3
1625 162 4
1625 162 5
1625 162 6
1625 162 7
1625 162 8
1625 162 9
1625 162 10
1625 163 1
1625 163 2
1625 163 3
1625 163 4
1625 163 5
1625 163 6
1625 163 7
1625 163 8
1625 163 9
1625 163 10
1625 164 1
1625 164 2
1625 164 3
1625 164 4
1625 164 5
1625 164 6
1625 164 7
1625 164 8
1625 164 9
1625 164 10
1625 165 1
1625 165 2
1625 165 3
1625 165 4
1625 165 5
1625 165 6
1625 165 7
1625 165 8
1625 165 9
1625 165 10
1626 156 1
1626 156 2
1626 156 3
1626 156 4
1626 156 5
1626 156 6
1626 156 7
1626 156 8
1626 156 9
1626 156 10
1626 157 1
1626 157 2
1626 157 3
1626 157 4
1626 157 5
1626 157 6
1626 157 7
1626 157 8
1626 157 9
1626 157 10
1626 158 1
1626 158 2
1626 158 3
1626 158 4
1626 158 5
1626 158 6
1626 158 7
1626 158 8
1626 158 9
1626 158 10
1626 159 1
1626 159 2
1626 159 3
1626 159 4
1626 159 5
1626 159 6
1626 159 7
1626 159 8
1626 159 9
1626 159 10
1626 160 1
1626 160 2
1626 160 3
1626 160 4
1626 160 5
1626 160 6
1626 160 7
1626 160 8
1626 160 9
1626 160 10
1626 161 1
1626 161 2
1626 161 3
1626 161 4
1626 161 5
1626 161 6
1626 161 7
1626 161 8
1626 161 9
1626 161 10
1626 162 1
1626 162 2
1626 162 3
1626 162 4
1626 162 5
1626 162 6
1626 162 7
1626 162 8
1626 162 9
1626 162 10
1626 163 1
1626 163 2
1626 163 3
1626 163 4
1626 163 5
1626 163 6
1626 163 7
1626 163 8
1626 163 9
1626 163 10
1626 164 1
1626 164 2
1626 164 3
1626 164 4
1626 164 5
1626 164 6
1626 164 7
1626 164 8
1626 164 9
1626 164 10
1626 165 1
1626 165 2
1626 165 3
1626 165 4
1626 165 5
1626 165 6
1626 165 7
1626 165 8
1626 165 9
1626 165 10
1627 156 1
1627 156 2
1627 156 3
1627 156 4
1627 156 5
1627 156 6
1627 156 7
1627 156 8
1627 156 9
1627 156 10
1627 157 1
1627 157 2
1627 157 3
1627 157 4
1627 157 5
1627 157 6
1627 157 7
1627 157 8
1627 157 9
1627 157 10
1627 158 1
1627 158 2
1627 158 3
1627 158 4
1627 158 5
1627 158 6
1627 158 7
1627 158 8
1627 158 9
1627 158 10
1627 159 1
1627 159 2
1627 159 3
1627 159 4
1627 159 5
1627 159 6
1627 159 7
1627 159 8
1627 159 9
1627 159 10
1627 160 1
1627 160 2
1627 160 3
1627 160 4
1627 160 5
1627 160 6
1627 160 7
1627 160 8
1627 160 9
1627 160 10
1627 161 1
1627 161 2
1627 161 3
1627 161 4
1627 161 5
1627 161 6
1627 161 7
1627 161 8
1627 161 9
1627 161 10
1627 162 1
1627 162 2
1627 162 3
1627 162 4
1627 162 5
1627 162 6
1627 162 7
1627 162 8
1627 162 9
1627 162 10
1627 163 1
1627 163 2
1627 163 3
1627 163 4
1627 163 5
1627 163 6
1627 163 7
1627 163 8
1627 163 9
1627 163 10
1627 164 1
1627 164 2
1627 164 3
1627 164 4
1627 164 5
1627 164 6
1627 164 7
1627 164 8
1627 164 9
1627 164 10
1627 165 1
1627 165 2
1627 165 3
1627 165 4
1627 165 5
1627 165 6
1627 165 7
1627 165 8
1627 165 9
1627 165 10
1628 156 1
1628 156 2
1628 156 3
1628 156 4
1628 156 5
1628 156 6
1628 156 7
1628 156 8
1628 156 9
1628 156 10
1628 157 1
1628 157 2
1628 157 3
1628 157 4
1628 157 5
1628 157 6
1628 157 7
1628 157 8
1628 157 9
1628 157 10
1628 158 1
1628 158 2
1628 158 3
1628 158 4
1628 158 5
1628 158 6
1628 158 7
1628 158 8
1628 158 9
1628 158 10
1628 159 1
1628 159 2
1628 159 3
1628 159 4
1628 159 5
1628 159 6
1628 159 7
1628 159 8
1628 159 9
1628 159 10
1628 160 1
1628 160 2
1628 160 3
1628 160 4
1628 160 5
1628 160 6
1628 160 7
1628 160 8
1628 160 9
1628 160 10
1628 161 1
1628 161 2
1628 161 3
1628 161 4
1628 161 5
1628 161 6
1628 161 7
1628 161 8
1628 161 9
1628 161 10
1628 162 1
1628 162 2
1628 162 3
1628 162 4
1628 162 5
1628 162 6
1628 162 7
1628 162 8
1628 162 9
1628 162 10
1628 163 1
1628 163 2
1628 163 3
1628 163 4
1628 163 5
1628 163 6
1628 163 7
1628 163 8
1628 163 9
1628 163 10
1628 164 1
1628 164 2
1628 164 3
1628 164 4
1628 164 5
1628 164 6
1628 164 7
1628 164 8
1628 164 9
1628 164 10
1628 165 1
1628 165 2
1628 165 3
1628 165 4
1628 165 5
1628 165 6
1628 165 7
1628 165 8
1628 165 9
1628 165 10
1629 156 1
1629 156 2
1629 156 3
1629 156 4
1629 156 5
1629 156 6
1629 156 7
1629 156 8
1629 156 9
1629 156 10
1629 157 1
1629 157 2
1629 157 3
1629 157 4
1629 157 5
1629 157 6
1629 157 7
1629 157 8
1629 157 9
1629 157 10
1629 158 1
1629 158 2
1629 158 3
1629 158 4
1629 158 5
1629 158 6
1629 158 7
1629 158 8
1629 158 9
1629 158 10
1629 159 1
1629 159 2
1629 159 3
1629 159 4
1629 159 5
1629 159 6
1629 159 7
1629 159 8
1629 159 9
1629 159 10
1629 160 1
1629 160 2
1629 160 3
1629 160 4
1629 160 5
1629 160 6
1629 160 7
1629 160 8
1629 160 9
1629 160 10
1629 161 1
1629 161 2
1629 161 3
1629 161 4
1629 161 5
1629 161 6
1629 161 7
1629 161 8
1629 161 9
1629 161 10
1629 162 1
1629 162 2
1629 162 3
1629 162 4
1629 162 5
1629 162 6
1629 162 7
1629 162 8
1629 162 9
1629 162 10
1629 163 1
1629 163 2
1629 163 3
1629 163 4
1629 163 5
1629 163 6
1629 163 7
1629 163 8
1629 163 9
1629 163 10
1629 164 1
1629 164 2
1629 164 3
1629 164 4
1629 164 5
1629 164 6
1629 164 7
1629 164 8
1629 164 9
1629 164 10
1629 165 1
1629 165 2
1629 165 3
1629 165 4
1629 165 5
1629 165 6
1629 165 7
1629 165 8
1629 165 9
1629 165 10
1630 156 1
1630 156 2
1630 156 3
1630 156 4
1630 156 5
1630 156 6
1630 156 7
1630 156 8
1630 156 9
1630 156 10
1630 157 1
1630 157 2
1630 157 3
1630 157 4
1630 157 5
1630 157 6
1630 157 7
1630 157 8
1630 157 9
1630 157 10
1630 158 1
1630 158 2
1630 158 3
1630 158 4
1630 158 5
1630 158 6
1630 158 7
1630 158 8
1630 158 9
1630 158 10
1630 159 1
1630 159 2
1630 159 3
1630 159 4
1630 159 5
1630 159 6
1630 159 7
1630 159 8
1630 159 9
1630 159 10
1630 160 1
1630 160 2
1630 160 3
1630 160 4
1630 160 5
1630 160 6
1630 160 7
1630 160 8
1630 160 9
1630 160 10
1630 161 1
1630 161 2
1630 161 3
1630 161 4
1630 161 5
1630 161 6
1630 161 7
1630 161 8
1630 161 9
1630 161 10
1630 162 1
1630 162 2
1630 162 3
1630 162 4
1630 162 5
1630 162 6
1630 162 7
1630 162 8
1630 162 9
1630 162 10
1630 163 1
1630 163 2
1630 163 3
1630 163 4
1630 163 5
1630 163 6
1630 163 7
1630 163 8
1630 163 9
1630 163 10
1630 164 1
1630 164 2
1630 164 3
1630 164 4
1630 164 5
1630 164 6
1630 164 7
1630 164 8
1630 164 9
1630 164 10
1630 165 1
1630 165 2
1630 165 3
1630 165 4
1630 165 5
1630 165 6
1630 165 7
1630 165 8
1630 165 9
1630 165 10
1631 156 1
1631 156 2
1631 156 3
1631 156 4
1631 156 5
1631 156 6
1631 156 7
1631 156 8
1631 156 9
1631 156 10
1631 157 1
1631 157 2
1631 157 3
1631 157 4
1631 157 5
1631 157 6
1631 157 7
1631 157 8
1631 157 9
1631 157 10
1631 158 1
1631 158 2
1631 158 3
1631 158 4
1631 158 5
1631 158 6
1631 158 7
1631 158 8
1631 158 9
1631 158 10
1631 159 1
1631 159 2
1631 159 3
1631 159 4
1631 159 5
1631 159 6
1631 159 7
1631 159 8
1631 159 9
1631 159 10
1631 160 1
1631 160 2
1631 160 3
1631 160 4
1631 160 5
1631 160 6
1631 160 7
1631 160 8
1631 160 9
1631 160 10
1631 161 1
1631 161 2
1631 161 3
1631 161 4
1631 161 5
1631 161 6
1631 161 7
1631 161 8
1631 161 9
1631 161 10
1631 162 1
1631 162 2
1631 162 3
1631 162 4
1631 162 5
1631 162 6
1631 162 7
1631 162 8
1631 162 9
1631 162 10
1631 163 1
1631 163 2
1631 163 3
1631 163 4
1631 163 5
1631 163 6
1631 163 7
1631 163 8
1631 163 9
1631 163 10
1631 164 1
1631 164 2
1631 164 3
1631 164 4
1631 164 5
1631 164 6
1631 164 7
1631 164 8
1631 164 9
1631 164 10
1631 165 1
1631 165 2
1631 165 3
1631 165 4
1631 165 5
1631 165 6
1631 165 7
1631 165 8
1631 165 9
1631 165 10
1632 156 1
1632 156 2
1632 156 3
1632 156 4
1632 156 5
1632 156 6
1632 156 7
1632 156 8
1632 156 9
1632 156 10
1632 157 1
1632 157 2
1632 157 3
1632 157 4
1632 157 5
1632 157 6
1632 157 7
1632 157 8
1632 157 9
1632 157 10
1632 158 1
1632 158 2
1632 158 3
1632 158 4
1632 158 5
1632 158 6
1632 158 7
1632 158 8
1632 158 9
1632 158 10
1632 159 1
1632 159 2
1632 159 3
1632 159 4
1632 159 5
1632 159 6
1632 159 7
1632 159 8
1632 159 9
1632 159 10
1632 160 1
1632 160 2
1632 160 3
1632 160 4
1632 160 5
1632 160 6
1632 160 7
1632 160 8
1632 160 9
1632 160 10
1632 161 1
1632 161 2
1632 161 3
1632 161 4
1632 161 5
1632 161 6
1632 161 7
1632 161 8
1632 161 9
1632 161 10
1632 162 1
1632 162 2
1632 162 3
1632 162 4
1632 162 5
1632 162 6
1632 162 7
1632 162 8
1632 162 9
1632 162 10
1632 163 1
1632 163 2
1632 163 3
1632 163 4
1632 163 5
1632 163 6
1632 163 7
1632 163 8
1632 163 9
1632 163 10
1632 164 1
1632 164 2
1632 164 3
1632 164 4
1632 164 5
1632 164 6
1632 164 7
1632 164 8
1632 164 9
1632 164 10
1632 165 1
1632 165 2
1632 165 3
1632 165 4
1632 165 5
1632 165 6
1632 165 7
1632 165 8
1632 165 9
1632 165 10
1633 156 1
1633 156 2
1633 156 3
1633 156 4
1633 156 5
1633 156 6
1633 156 7
1633 156 8
1633 156 9
1633 156 10
1633 157 1
1633 157 2
1633 157 3
1633 157 4
1633 157 5
1633 157 6
1633 157 7
1633 157 8
1633 157 9
1633 157 10
1633 158 1
1633 158 2
1633 158 3
1633 158 4
1633 158 5
1633 158 6
1633 158 7
1633 158 8
1633 158 9
1633 158 10
1633 159 1
1633 159 2
1633 159 3
1633 159 4
1633 159 5
1633 159 6
1633 159 7
1633 159 8
1633 159 9
1633 159 10
1633 160 1
1633 160 2
1633 160 3
1633 160 4
1633 160 5
1633 160 6
1633 160 7
1633 160 8
1633 160 9
1633 160 10
1633 161 1
1633 161 2
1633 161 3
1633 161 4
1633 161 5
1633 161 6
1633 161 7
1633 161 8
1633 161 9
1633 161 10
1633 162 1
1633 162 2
1633 162 3
1633 162 4
1633 162 5
1633 162 6
1633 162 7
1633 162 8
1633 162 9
1633 162 10
1633 163 1
1633 163 2
1633 163 3
1633 163 4
1633 163 5
1633 163 6
1633 163 7
1633 163 8
1633 163 9
1633 163 10
1633 164 1
1633 164 2
1633 164 3
1633 164 4
1633 164 5
1633 164 6
1633 164 7
1633 164 8
1633 164 9
1633 164 10
1633 165 1
1633 165 2
1633 165 3
1633 165 4
1633 165 5
1633 165 6
1633 165 7
1633 165 8
1633 165 9
1633 165 10
1634 156 1
1634 156 2
1634 156 3
1634 156 4
1634 156 5
1634 156 6
1634 156 7
1634 156 8
1634 156 9
1634 156 10
1634 157 1
1634 157 2
1634 157 3
1634 157 4
1634 157 5
1634 157 6
1634 157 7
1634 157 8
1634 157 9
1634 157 10
1634 158 1
1634 158 2
1634 158 3
1634 158 4
1634 158 5
1634 158 6
1634 158 7
1634 158 8
1634 158 9
1634 158 10
1634 159 1
1634 159 2
1634 159 3
1634 159 4
1634 159 5
1634 159 6
1634 159 7
1634 159 8
1634 159 9
1634 159 10
1634 160 1
1634 160 2
1634 160 3
1634 160 4
1634 160 5
1634 160 6
1634 160 7
1634 160 8
1634 160 9
1634 160 10
1634 161 1
1634 161 2
1634 161 3
1634 161 4
1634 161 5
1634 161 6
1634 161 7
1634 161 8
1634 161 9
1634 161 10
1634 162 1
1634 162 2
1634 162 3
1634 162 4
1634 162 5
1634 162 6
1634 162 7
1634 162 8
1634 162 9
1634 162 10
1634 163 1
1634 163 2
1634 163 3
1634 163 4
1634 163 5
1634 163 6
1634 163 7
1634 163 8
1634 163 9
1634 163 10
1634 164 1
1634 164 2
1634 164 3
1634 164 4
1634 164 5
1634 164 6
1634 164 7
1634 164 8
1634 164 9
1634 164 10
1634 165 1
1634 165 2
1634 165 3
1634 165 4
1634 165 5
1634 165 6
1634 165 7
1634 165 8
1634 165 9
1634 165 10
1635 156 1
1635 156 2
1635 156 3
1635 156 4
1635 156 5
1635 156 6
1635 156 7
1635 156 8
1635 156 9
1635 156 10
1635 157 1
1635 157 2
1635 157 3
1635 157 4
1635 157 5
1635 157 6
1635 157 7
1635 157 8
1635 157 9
1635 157 10
1635 158 1
1635 158 2
1635 158 3
1635 158 4
1635 158 5
1635 158 6
1635 158 7
1635 158 8
1635 158 9
1635 158 10
1635 159 1
1635 159 2
1635 159 3
1635 159 4
1635 159 5
1635 159 6
1635 159 7
1635 159 8
1635 159 9
1635 159 10
1635 160 1
1635 160 2
1635 160 3
1635 160 4
1635 160 5
1635 160 6
1635 160 7
1635 160 8
1635 160 9
1635 160 10
1635 161 1
1635 161 2
1635 161 3
1635 161 4
1635 161 5
1635 161 6
1635 161 7
1635 161 8
1635 161 9
1635 161 10
1635 162 1
1635 162 2
1635 162 3
1635 162 4
1635 162 5
1635 162 6
1635 162 7
1635 162 8
1635 162 9
1635 162 10
1635 163 1
1635 163 2
1635 163 3
1635 163 4
1635 163 5
1635 163 6
1635 163 7
1635 163 8
1635 163 9
1635 163 10
1635 164 1
1635 164 2
1635 164 3
1635 164 4
1635 164 5
1635 164 6
1635 164 7
1635 164 8
1635 164 9
1635 164 10
1635 165 1
1635 165 2
1635 165 3
1635 165 4
1635 165 5
1635 165 6
1635 165 7
1635 165 8
1635 165 9
1635 165 10
1636 156 1
1636 156 2
1636 156 3
1636 156 4
1636 156 5
1636 156 6
1636 156 7
1636 156 8
1636 156 9
1636 156 10
1636 157 1
1636 157 2
1636 157 3
1636 157 4
1636 157 5
1636 157 6
1636 157 7
1636 157 8
1636 157 9
1636 157 10
1636 158 1
1636 158 2
1636 158 3
1636 158 4
1636 158 5
1636 158 6
1636 158 7
1636 158 8
1636 158 9
1636 158 10
1636 159 1
1636 159 2
1636 159 3
1636 159 4
1636 159 5
1636 159 6
1636 159 7
1636 159 8
1636 159 9
1636 159 10
1636 160 1
1636 160 2
1636 160 3
1636 160 4
1636 160 5
1636 160 6
1636 160 7
1636 160 8
1636 160 9
1636 160 10
1636 161 1
1636 161 2
1636 161 3
1636 161 4
1636 161 5
1636 161 6
1636 161 7
1636 161 8
1636 161 9
1636 161 10
1636 162 1
1636 162 2
1636 162 3
1636 162 4
1636 162 5
1636 162 6
1636 162 7
1636 162 8
1636 162 9
1636 162 10
1636 163 1
1636 163 2
1636 163 3
1636 163 4
1636 163 5
1636 163 6
1636 163 7
1636 163 8
1636 163 9
1636 163 10
1636 164 1
1636 164 2
1636 164 3
1636 164 4
1636 164 5
1636 164 6
1636 164 7
1636 164 8
1636 164 9
1636 164 10
1636 165 1
1636 165 2
1636 165 3
1636 165 4
1636 165 5
1636 165 6
1636 165 7
1636 165 8
1636 165 9
1636 165 10
1637 156 1
1637 156 2
1637 156 3
1637 156 4
1637 156 5
1637 156 6
1637 156 7
1637 156 8
1637 156 9
1637 156 10
1637 157 1
1637 157 2
1637 157 3
1637 157 4
1637 157 5
1637 157 6
1637 157 7
1637 157 8
1637 157 9
1637 157 10
1637 158 1
1637 158 2
1637 158 3
1637 158 4
1637 158 5
1637 158 6
1637 158 7
1637 158 8
1637 158 9
1637 158 10
1637 159 1
1637 159 2
1637 159 3
1637 159 4
1637 159 5
1637 159 6
1637 159 7
1637 159 8
1637 159 9
1637 159 10
1637 160 1
1637 160 2
1637 160 3
1637 160 4
1637 160 5
1637 160 6
1637 160 7
1637 160 8
1637 160 9
1637 160 10
1637 161 1
1637 161 2
1637 161 3
1637 161 4
1637 161 5
1637 161 6
1637 161 7
1637 161 8
1637 161 9
1637 161 10
1637 162 1
1637 162 2
1637 162 3
1637 162 4
1637 162 5
1637 162 6
1637 162 7
1637 162 8
1637 162 9
1637 162 10
1637 163 1
1637 163 2
1637 163 3
1637 163 4
1637 163 5
1637 163 6
1637 163 7
1637 163 8
1637 163 9
1637 163 10
1637 164 1
1637 164 2
1637 164 3
1637 164 4
1637 164 5
1637 164 6
1637 164 7
1637 164 8
1637 164 9
1637 164 10
1637 165 1
1637 165 2
1637 165 3
1637 165 4
1637 165 5
1637 165 6
1637 165 7
1637 165 8
1637 165 9
1637 165 10
1638 156 1
1638 156 2
1638 156 3
1638 156 4
1638 156 5
1638 156 6
1638 156 7
1638 156 8
1638 156 9
1638 156 10
1638 157 1
1638 157 2
1638 157 3
1638 157 4
1638 157 5
1638 157 6
1638 157 7
1638 157 8
1638 157 9
1638 157 10
1638 158 1
1638 158 2
1638 158 3
1638 158 4
1638 158 5
1638 158 6
1638 158 7
1638 158 8
1638 158 9
1638 158 10
1638 159 1
1638 159 2
1638 159 3
1638 159 4
1638 159 5
1638 159 6
1638 159 7
1638 159 8
1638 159 9
1638 159 10
1638 160 1
1638 160 2
1638 160 3
1638 160 4
1638 160 5
1638 160 6
1638 160 7
1638 160 8
1638 160 9
1638 160 10
1638 161 1
1638 161 2
1638 161 3
1638 161 4
1638 161 5
1638 161 6
1638 161 7
1638 161 8
1638 161 9
1638 161 10
1638 162 1
1638 162 2
1638 162 3
1638 162 4
1638 162 5
1638 162 6
1638 162 7
1638 162 8
1638 162 9
1638 162 10
1638 163 1
1638 163 2
1638 163 3
1638 163 4
1638 163 5
1638 163 6
1638 163 7
1638 163 8
1638 163 9
1638 163 10
1638 164 1
1638 164 2
1638 164 3
1638 164 4
1638 164 5
1638 164 6
1638 164 7
1638 164 8
1638 164 9
1638 164 10
1638 165 1
1638 165 2
1638 165 3
1638 165 4
1638 165 5
1638 165 6
1638 165 7
1638 165 8
1638 165 9
1638 165 10
1639 156 1
1639 156 2
1639 156 3
1639 156 4
1639 156 5
1639 156 6
1639 156 7
1639 156 8
1639 156 9
1639 156 10
1639 157 1
1639 157 2
1639 157 3
1639 157 4
1639 157 5
1639 157 6
1639 157 7
1639 157 8
1639 157 9
1639 157 10
1639 158 1
1639 158 2
1639 158 3
1639 158 4
1639 158 5
1639 158 6
1639 158 7
1639 158 8
1639 158 9
1639 158 10
1639 159 1
1639 159 2
1639 159 3
1639 159 4
1639 159 5
1639 159 6
1639 159 7
1639 159 8
1639 159 9
1639 159 10
1639 160 1
1639 160 2
1639 160 3
1639 160 4
1639 160 5
1639 160 6
1639 160 7
1639 160 8
1639 160 9
1639 160 10
1639 161 1
1639 161 2
1639 161 3
1639 161 4
1639 161 5
1639 161 6
1639 161 7
1639 161 8
1639 161 9
1639 161 10
1639 162 1
1639 162 2
1639 162 3
1639 162 4
1639 162 5
1639 162 6
1639 162 7
1639 162 8
1639 162 9
1639 162 10
1639 163 1
1639 163 2
1639 163 3
1639 163 4
1639 163 5
1639 163 6
1639 163 7
1639 163 8
1639 163 9
1639 163 10
1639 164 1
1639 164 2
1639 164 3
1639 164 4
1639 164 5
1639 164 6
1639 164 7
1639 164 8
1639 164 9
1639 164 10
1639 165 1
1639 165 2
1639 165 3
1639 165 4
1639 165 5
1639 165 6
1639 165 7
1639 165 8
1639 165 9
1639 165 10
1640 156 1
1640 156 2
1640 156 3
1640 156 4
1640 156 5
1640 156 6
1640 156 7
1640 156 8
1640 156 9
1640 156 10
1640 157 1
1640 157 2
1640 157 3
1640 157 4
1640 157 5
1640 157 6
1640 157 7
1640 157 8
1640 157 9
1640 157 10
1640 158 1
1640 158 2
1640 158 3
1640 158 4
1640 158 5
1640 158 6
1640 158 7
1640 158 8
1640 158 9
1640 158 10
1640 159 1
1640 159 2
1640 159 3
1640 159 4
1640 159 5
1640 159 6
1640 159 7
1640 159 8
1640 159 9
1640 159 10
1640 160 1
1640 160 2
1640 160 3
1640 160 4
1640 160 5
1640 160 6
1640 160 7
1640 160 8
1640 160 9
1640 160 10
1640 161 1
1640 161 2
1640 161 3
1640 161 4
1640 161 5
1640 161 6
1640 161 7
1640 161 8
1640 161 9
1640 161 10
1640 162 1
1640 162 2
1640 162 3
1640 162 4
1640 162 5
1640 162 6
1640 162 7
1640 162 8
1640 162 9
1640 162 10
1640 163 1
1640 163 2
1640 163 3
1640 163 4
1640 163 5
1640 163 6
1640 163 7
1640 163 8
1640 163 9
1640 163 10
1640 164 1
1640 164 2
1640 164 3
1640 164 4
1640 164 5
1640 164 6
1640 164 7
1640 164 8
1640 164 9
1640 164 10
1640 165 1
1640 165 2
1640 165 3
1640 165 4
1640 165 5
1640 165 6
1640 165 7
1640 165 8
1640 165 9
1640 165 10
1641 156 1
1641 156 2
1641 156 3
1641 156 4
1641 156 5
1641 156 6
1641 156 7
1641 156 8
1641 156 9
1641 156 10
1641 157 1
1641 157 2
1641 157 3
1641 157 4
1641 157 5
1641 157 6
1641 157 7
1641 157 8
1641 157 9
1641 157 10
1641 158 1
1641 158 2
1641 158 3
1641 158 4
1641 158 5
1641 158 6
1641 158 7
1641 158 8
1641 158 9
1641 158 10
1641 159 1
1641 159 2
1641 159 3
1641 159 4
1641 159 5
1641 159 6
1641 159 7
1641 159 8
1641 159 9
1641 159 10
1641 160 1
1641 160 2
1641 160 3
1641 160 4
1641 160 5
1641 160 6
1641 160 7
1641 160 8
1641 160 9
1641 160 10
1641 161 1
1641 161 2
1641 161 3
1641 161 4
1641 161 5
1641 161 6
1641 161 7
1641 161 8
1641 161 9
1641 161 10
1641 162 1
1641 162 2
1641 162 3
1641 162 4
1641 162 5
1641 162 6
1641 162 7
1641 162 8
1641 162 9
1641 162 10
1641 163 1
1641 163 2
1641 163 3
1641 163 4
1641 163 5
1641 163 6
1641 163 7
1641 163 8
1641 163 9
1641 163 10
1641 164 1
1641 164 2
1641 164 3
1641 164 4
1641 164 5
1641 164 6
1641 164 7
1641 164 8
1641 164 9
1641 164 10
1641 165 1
1641 165 2
1641 165 3
1641 165 4
1641 165 5
1641 165 6
1641 165 7
1641 165 8
1641 165 9
1641 165 10
1642 156 1
1642 156 2
1642 156 3
1642 156 4
1642 156 5
1642 156 6
1642 156 7
1642 156 8
1642 156 9
1642 156 10
1642 157 1
1642 157 2
1642 157 3
1642 157 4
1642 157 5
1642 157 6
1642 157 7
1642 157 8
1642 157 9
1642 157 10
1642 158 1
1642 158 2
1642 158 3
1642 158 4
1642 158 5
1642 158 6
1642 158 7
1642 158 8
1642 158 9
1642 158 10
1642 159 1
1642 159 2
1642 159 3
1642 159 4
1642 159 5
1642 159 6
1642 159 7
1642 159 8
1642 159 9
1642 159 10
1642 160 1
1642 160 2
1642 160 3
1642 160 4
1642 160 5
1642 160 6
1642 160 7
1642 160 8
1642 160 9
1642 160 10
1642 161 1
1642 161 2
1642 161 3
1642 161 4
1642 161 5
1642 161 6
1642 161 7
1642 161 8
1642 161 9
1642 161 10
1642 162 1
1642 162 2
1642 162 3
1642 162 4
1642 162 5
1642 162 6
1642 162 7
1642 162 8
1642 162 9
1642 162 10
1642 163 1
1642 163 2
1642 163 3
1642 163 4
1642 163 5
1642 163 6
1642 163 7
1642 163 8
1642 163 9
1642 163 10
1642 164 1
1642 164 2
1642 164 3
1642 164 4
1642 164 5
1642 164 6
1642 164 7
1642 164 8
1642 164 9
1642 164 10
1642 165 1
1642 165 2
1642 165 3
1642 165 4
1642 165 5
1642 165 6
1642 165 7
1642 165 8
1642 165 9
1642 165 10
1643 156 1
1643 156 2
1643 156 3
1643 156 4
1643 156 5
1643 156 6
1643 156 7
1643 156 8
1643 156 9
1643 156 10
1643 157 1
1643 157 2
1643 157 3
1643 157 4
1643 157 5
1643 157 6
1643 157 7
1643 157 8
1643 157 9
1643 157 10
1643 158 1
1643 158 2
1643 158 3
1643 158 4
1643 158 5
1643 158 6
1643 158 7
1643 158 8
1643 158 9
1643 158 10
1643 159 1
1643 159 2
1643 159 3
1643 159 4
1643 159 5
1643 159 6
1643 159 7
1643 159 8
1643 159 9
1643 159 10
1643 160 1
1643 160 2
1643 160 3
1643 160 4
1643 160 5
1643 160 6
1643 160 7
1643 160 8
1643 160 9
1643 160 10
1643 161 1
1643 161 2
1643 161 3
1643 161 4
1643 161 5
1643 161 6
1643 161 7
1643 161 8
1643 161 9
1643 161 10
1643 162 1
1643 162 2
1643 162 3
1643 162 4
1643 162 5
1643 162 6
1643 162 7
1643 162 8
1643 162 9
1643 162 10
1643 163 1
1643 163 2
1643 163 3
1643 163 4
1643 163 5
1643 163 6
1643 163 7
1643 163 8
1643 163 9
1643 163 10
1643 164 1
1643 164 2
1643 164 3
1643 164 4
1643 164 5
1643 164 6
1643 164 7
1643 164 8
1643 164 9
1643 164 10
1643 165 1
1643 165 2
1643 165 3
1643 165 4
1643 165 5
1643 165 6
1643 165 7
1643 165 8
1643 165 9
1643 165 10
1644 156 1
1644 156 2
1644 156 3
1644 156 4
1644 156 5
1644 156 6
1644 156 7
1644 156 8
1644 156 9
1644 156 10
1644 157 1
1644 157 2
1644 157 3
1644 157 4
1644 157 5
1644 157 6
1644 157 7
1644 157 8
1644 157 9
1644 157 10
1644 158 1
1644 158 2
1644 158 3
1644 158 4
1644 158 5
1644 158 6
1644 158 7
1644 158 8
1644 158 9
1644 158 10
1644 159 1
1644 159 2
1644 159 3
1644 159 4
1644 159 5
1644 159 6
1644 159 7
1644 159 8
1644 159 9
1644 159 10
1644 160 1
1644 160 2
1644 160 3
1644 160 4
1644 160 5
1644 160 6
1644 160 7
1644 160 8
1644 160 9
1644 160 10
1644 161 1
1644 161 2
1644 161 3
1644 161 4
1644 161 5
1644 161 6
1644 161 7
1644 161 8
1644 161 9
1644 161 10
1644 162 1
1644 162 2
1644 162 3
1644 162 4
1644 162 5
1644 162 6
1644 162 7
1644 162 8
1644 162 9
1644 162 10
1644 163 1
1644 163 2
1644 163 3
1644 163 4
1644 163 5
1644 163 6
1644 163 7
1644 163 8
1644 163 9
1644 163 10
1644 164 1
1644 164 2
1644 164 3
1644 164 4
1644 164 5
1644 164 6
1644 164 7
1644 164 8
1644 164 9
1644 164 10
1644 165 1
1644 165 2
1644 165 3
1644 165 4
1644 165 5
1644 165 6
1644 165 7
1644 165 8
1644 165 9
1644 165 10
1645 156 1
1645 156 2
1645 156 3
1645 156 4
1645 156 5
1645 156 6
1645 156 7
1645 156 8
1645 156 9
1645 156 10
1645 157 1
1645 157 2
1645 157 3
1645 157 4
1645 157 5
1645 157 6
1645 157 7
1645 157 8
1645 157 9
1645 157 10
1645 158 1
1645 158 2
1645 158 3
1645 158 4
1645 158 5
1645 158 6
1645 158 7
1645 158 8
1645 158 9
1645 158 10
1645 159 1
1645 159 2
1645 159 3
1645 159 4
1645 159 5
1645 159 6
1645 159 7
1645 159 8
1645 159 9
1645 159 10
1645 160 1
1645 160 2
1645 160 3
1645 160 4
1645 160 5
1645 160 6
1645 160 7
1645 160 8
1645 160 9
1645 160 10
1645 161 1
1645 161 2
1645 161 3
1645 161 4
1645 161 5
1645 161 6
1645 161 7
1645 161 8
1645 161 9
1645 161 10
1645 162 1
1645 162 2
1645 162 3
1645 162 4
1645 162 5
1645 162 6
1645 162 7
1645 162 8
1645 162 9
1645 162 10
1645 163 1
1645 163 2
1645 163 3
1645 163 4
1645 163 5
1645 163 6
1645 163 7
1645 163 8
1645 163 9
1645 163 10
1645 164 1
1645 164 2
1645 164 3
1645 164 4
1645 164 5
1645 164 6
1645 164 7
1645 164 8
1645 164 9
1645 164 10
1645 165 1
1645 165 2
1645 165 3
1645 165 4
1645 165 5
1645 165 6
1645 165 7
1645 165 8
1645 165 9
1645 165 10
1646 157 1
1646 157 2
1646 157 3
1646 157 4
1646 157 5
1646 157 6
1646 157 7
1646 157 8
1646 157 9
1646 157 10
1646 158 1
1646 158 2
1646 158 3
1646 158 4
1646 158 5
1646 158 6
1646 158 7
1646 158 8
1646 158 9
1646 158 10
1646 159 1
1646 159 2
1646 159 3
1646 159 4
1646 159 5
1646 159 6
1646 159 7
1646 159 8
1646 159 9
1646 159 10
1646 160 1
1646 160 2
1646 160 3
1646 160 4
1646 160 5
1646 160 6
1646 160 7
1646 160 8
1646 160 9
1646 160 10
1646 161 1
1646 161 2
1646 161 3
1646 161 4
1646 161 5
1646 161 6
1646 161 7
1646 161 8
1646 161 9
1646 161 10
1646 162 1
1646 162 2
1646 162 3
1646 162 4
1646 162 5
1646 162 6
1646 162 7
1646 162 8
1646 162 9
1646 162 10
1646 163 1
1646 163 2
1646 163 3
1646 163 4
1646 163 5
1646 163 6
1646 163 7
1646 163 8
1646 163 9
1646 163 10
1646 164 1
1646 164 2
1646 164 3
1646 164 4
1646 164 5
1646 164 6
1646 164 7
1646 164 8
1646 164 9
1646 164 10
