840
157 155 1
157 155 2
157 155 3
157 155 4
157 155 5
157 155 6
157 155 7
157 155 8
157 155 9
157 155 10
157 156 1
157 156 2
157 156 3
157 156 4
157 156 5
157 156 6
157 156 7
157 156 8
157 156 9
157 156 10
157 157 1
157 157 2
157 157 3
157 157 4
157 157 5
157 157 6
157 157 7
157 157 8
157 157 9
157 157 10
157 158 1
157 158 2
157 158 3
157 158 4
157 158 5
157 158 6
157 158 7
157 158 8
157 158 9
157 158 10
157 159 1
157 159 2
157 159 3
157 159 4
157 159 5
157 159 6
157 159 7
157 159 8
157 159 9
157 159 10
157 160 1
157 160 2
157 160 3
157 160 4
157 160 5
157 160 6
157 160 7
157 160 8
157 160 9
157 160 10
157 161 1
157 161 2
157 161 3
157 161 4
157 161 5
157 161 6
157 161 7
157 161 8
157 161 9
157 161 10
157 162 1
157 162 2
157 162 3
157 162 4
157 162 5
157 162 6
157 162 7
157 162 8
157 162 9
157 162 10
157 163 1
157 163 2
157 163 3
157 163 4
157 163 5
157 163 6
157 163 7
157 163 8
157 163 9
157 163 10
157 164 1
157 164 2
157 164 3
157 164 4
157 164 5
157 164 6
157 164 7
157 164 8
157 164 9
157 164 10
157 165 1
157 165 2
157 165 3
157 165 4
157 165 5
157 165 6
157 165 7
157 165 8
157 165 9
157 165 10
157 166 1
157 166 2
157 166 3
157 166 4
157 166 5
157 166 6
157 166 7
157 166 8
157 166 9
157 166 10
158 155 1
158 155 2
158 155 3
158 155 4
158 155 5
158 155 6
158 155 7
158 155 8
158 155 9
158 155 10
158 156 1
158 156 2
158 156 3
158 156 4
158 156 5
158 156 6
158 156 7
158 156 8
158 156 9
158 156 10
158 157 1
158 157 2
158 157 3
158 157 4
158 157 5
158 157 6
158 157 7
158 157 8
158 157 9
158 157 10
158 158 1
158 158 2
158 158 3
158 158 4
158 158 5
158 158 6
158 158 7
158 158 8
158 158 9
158 158 10
158 159 1
158 159 2
158 159 3
158 159 4
158 159 5
158 159 6
158 159 7
158 159 8
158 159 9
158 159 10
158 160 1
158 160 2
158 160 3
158 160 4
158 160 5
158 160 6
158 160 7
158 160 8
158 160 9
158 160 10
158 161 1
158 161 2
158 161 3
158 161 4
158 161 5
158 161 6
158 161 7
158 161 8
158 161 9
158 161 10
158 162 1
158 162 2
158 162 3
158 162 4
158 162 5
158 162 6
158 162 7
158 162 8
158 162 9
158 162 10
158 163 1
158 163 2
158 163 3
158 163 4
158 163 5
158 163 6
158 163 7
158 163 8
158 163 9
158 163 10
158 164 1
158 164 2
158 164 3
158 164 4
158 164 5
158 164 6
158 164 7
158 164 8
158 164 9
158 164 10
158 165 1
158 165 2
158 165 3
158 165 4
158 165 5
158 165 6
158 165 7
158 165 8
158 165 9
158 165 10
158 166 1
158 166 2
158 166 3
158 166 4
158 166 5
158 166 6
158 166 7
158 166 8
158 166 9
158 166 10
159 156 1
159 156 2
159 156 3
159 156 4
159 156 5
159 156 6
159 156 7
159 156 8
159 156 9
159 156 10
159 157 1
159 157 2
159 157 3
159 157 4
159 157 5
159 157 6
159 157 7
159 157 8
159 157 9
159 157 10
159 158 1
159 158 2
159 158 3
159 158 4
159 158 5
159 158 6
159 158 7
159 158 8
159 158 9
159 158 10
159 159 1
159 159 2
159 159 3
159 159 4
159 159 5
159 159 6
159 159 7
159 159 8
159 159 9
159 159 10
159 160 1
159 160 2
159 160 3
159 160 4
159 160 5
159 160 6
159 160 7
159 160 8
159 160 9
159 160 10
159 161 1
159 161 2
159 161 3
159 161 4
159 161 5
159 161 6
159 161 7
159 161 8
159 161 9
159 161 10
159 162 1
159 162 2
159 162 3
159 162 4
159 162 5
159 162 6
159 162 7
159 162 8
159 162 9
159 162 10
159 163 1
159 163 2
159 163 3
159 163 4
159 163 5
159 163 6
159 163 7
159 163 8
159 163 9
159 163 10
159 164 1
159 164 2
159 164 3
159 164 4
159 164 5
159 164 6
159 164 7
159 164 8
159 164 9
159 164 10
159 165 1
159 165 2
159 165 3
159 165 4
159 165 5
159 165 6
159 165 7
159 165 8
159 165 9
159 165 10
160 156 1
160 156 2
160 156 3
160 156 4
160 156 5
160 156 6
160 156 7
160 156 8
160 156 9
160 156 10
160 157 1
160 157 2
160 157 3
160 157 4
160 157 5
160 157 6
160 157 7
160 157 8
160 157 9
160 157 10
160 158 1
160 158 2
160 158 3
160 158 4
160 158 5
160 158 6
160 158 7
160 158 8
160 158 9
160 158 10
160 159 1
160 159 2
160 159 3
160 159 4
160 159 5
160 159 6
160 159 7
160 159 8
160 159 9
160 159 10
160 160 1
160 160 2
160 160 3
160 160 4
160 160 5
160 160 6
160 160 7
160 160 8
160 160 9
160 160 10
160 161 1
160 161 2
160 161 3
160 161 4
160 161 5
160 161 6
160 161 7
160 161 8
160 161 9
160 161 10
160 162 1
160 162 2
160 162 3
160 162 4
160 162 5
160 162 6
160 162 7
160 162 8
160 162 9
160 162 10
160 163 1
160 163 2
160 163 3
160 163 4
160 163 5
160 163 6
160 163 7
160 163 8
160 163 9
160 163 10
160 164 1
160 164 2
160 164 3
160 164 4
160 164 5
160 164 6
160 164 7
160 164 8
160 164 9
160 164 10
160 165 1
160 165 2
160 165 3
160 165 4
160 165 5
160 165 6
160 165 7
160 165 8
160 165 9
160 165 10
161 156 1
161 156 2
161 156 3
161 156 4
161 156 5
161 156 6
161 156 7
161 156 8
161 156 9
161 156 10
161 157 1
161 157 2
161 157 3
161 157 4
161 157 5
161 157 6
161 157 7
161 157 8
161 157 9
161 157 10
161 158 1
161 158 2
161 158 3
161 158 4
161 158 5
161 158 6
161 158 7
161 158 8
161 158 9
161 158 10
161 159 1
161 159 2
161 159 3
161 159 4
161 159 5
161 159 6
161 159 7
161 159 8
161 159 9
161 159 10
161 160 1
161 160 2
161 160 3
161 160 4
161 160 5
161 160 6
161 160 7
161 160 8
161 160 9
161 160 10
161 161 1
161 161 2
161 161 3
161 161 4
161 161 5
161 161 6
161 161 7
161 161 8
161 161 9
161 161 10
161 162 1
161 162 2
161 162 3
161 162 4
161 162 5
161 162 6
161 162 7
161 162 8
161 162 9
161 162 10
161 163 1
161 163 2
161 163 3
161 163 4
161 163 5
161 163 6
161 163 7
161 163 8
161 163 9
161 163 10
161 164 1
161 164 2
161 164 3
161 164 4
161 164 5
161 164 6
161 164 7
161 164 8
161 164 9
161 164 10
161 165 1
161 165 2
161 165 3
161 165 4
161 165 5
161 165 6
161 165 7
161 165 8
161 165 9
161 165 10
162 156 1
162 156 2
162 156 3
162 156 4
162 156 5
162 156 6
162 156 7
162 156 8
162 156 9
162 156 10
162 157 1
162 157 2
162 157 3
162 157 4
162 157 5
162 157 6
162 157 7
162 157 8
162 157 9
162 157 10
162 158 1
162 158 2
162 158 3
162 158 4
162 158 5
162 158 6
162 158 7
162 158 8
162 158 9
162 158 10
162 159 1
162 159 2
162 159 3
162 159 4
162 159 5
162 159 6
162 159 7
162 159 8
162 159 9
162 159 10
162 160 1
162 160 2
162 160 3
162 160 4
162 160 5
162 160 6
162 160 7
162 160 8
162 160 9
162 160 10
162 161 1
162 161 2
162 161 3
162 161 4
162 161 5
162 161 6
162 161 7
162 161 8
162 161 9
162 161 10
162 162 1
162 162 2
162 162 3
162 162 4
162 162 5
162 162 6
162 162 7
162 162 8
162 162 9
162 162 10
162 163 1
162 163 2
162 163 3
162 163 4
162 163 5
162 163 6
162 163 7
162 163 8
162 163 9
162 163 10
162 164 1
162 164 2
162 164 3
162 164 4
162 164 5
162 164 6
162 164 7
162 164 8
162 164 9
162 164 10
162 165 1
162 165 2
162 165 3
162 165 4
162 165 5
162 165 6
162 165 7
162 165 8
162 165 9
162 165 10
163 156 1
163 156 2
163 156 3
163 156 4
163 156 5
163 156 6
163 156 7
163 156 8
163 156 9
163 156 10
163 157 1
163 157 2
163 157 3
163 157 4
163 157 5
163 157 6
163 157 7
163 157 8
163 157 9
163 157 10
163 158 1
163 158 2
163 158 3
163 158 4
163 158 5
163 158 6
163 158 7
163 158 8
163 158 9
163 158 10
163 159 1
163 159 2
163 159 3
163 159 4
163 159 5
163 159 6
163 159 7
163 159 8
163 159 9
163 159 10
163 160 1
163 160 2
163 160 3
163 160 4
163 160 5
163 160 6
163 160 7
163 160 8
163 160 9
163 160 10
163 161 1
163 161 2
163 161 3
163 161 4
163 161 5
163 161 6
163 161 7
163 161 8
163 161 9
163 161 10
163 162 1
163 162 2
163 162 3
163 162 4
163 162 5
163 162 6
163 162 7
163 162 8
163 162 9
163 162 10
163 163 1
163 163 2
163 163 3
163 163 4
163 163 5
163 163 6
163 163 7
163 163 8
163 163 9
163 163 10
163 164 1
163 164 2
163 164 3
163 164 4
163 164 5
163 164 6
163 164 7
163 164 8
163 164 9
163 164 10
163 165 1
163 165 2
163 165 3
163 165 4
163 165 5
163 165 6
163 165 7
163 165 8
163 165 9
163 165 10
164 156 1
164 156 2
164 156 3
164 156 4
164 156 5
164 156 6
164 156 7
164 156 8
164 156 9
164 156 10
164 157 1
164 157 2
164 157 3
164 157 4
164 157 5
164 157 6
164 157 7
164 157 8
164 157 9
164 157 10
164 158 1
164 158 2
164 158 3
164 158 4
164 158 5
164 158 6
164 158 7
164 158 8
164 158 9
164 158 10
164 159 1
164 159 2
164 159 3
164 159 4
164 159 5
164 159 6
164 159 7
164 159 8
164 159 9
164 159 10
164 160 1
164 160 2
164 160 3
164 160 4
164 160 5
164 160 6
164 160 7
164 160 8
164 160 9
164 160 10
164 161 1
164 161 2
164 161 3
164 161 4
164 161 5
164 161 6
164 161 7
164 161 8
164 161 9
164 161 10
164 162 1
164 162 2
164 162 3
164 162 4
164 162 5
164 162 6
164 162 7
164 162 8
164 162 9
164 162 10
164 163 1
164 163 2
164 163 3
164 163 4
164 163 5
164 163 6
164 163 7
164 163 8
164 163 9
164 163 10
164 164 1
164 164 2
164 164 3
164 164 4
164 164 5
164 164 6
164 164 7
164 164 8
164 164 9
164 164 10
164 165 1
164 165 2
164 165 3
164 165 4
164 165 5
164 165 6
164 165 7
164 165 8
164 165 9
164 165 10
