7398
157 1544 11
157 1544 12
157 1544 13
157 1544 14
157 1544 15
157 1544 16
157 1544 17
157 1544 18
157 1544 19
157 1545 11
157 1545 12
157 1545 13
157 1545 14
157 1545 15
157 1545 16
157 1545 17
157 1545 18
157 1545 19
157 1546 11
157 1546 12
157 1546 13
157 1546 14
157 1546 15
157 1546 16
157 1546 17
157 1546 18
157 1546 19
157 1547 11
157 1547 12
157 1547 13
157 1547 14
157 1547 15
157 1547 16
157 1547 17
157 1547 18
157 1547 19
157 1548 11
157 1548 12
157 1548 13
157 1548 14
157 1548 15
157 1548 16
157 1548 17
157 1548 18
157 1548 19
157 1549 11
157 1549 12
157 1549 13
157 1549 14
157 1549 15
157 1549 16
157 1549 17
157 1549 18
157 1549 19
157 1550 11
157 1550 12
157 1550 13
157 1550 14
157 1550 15
157 1550 16
157 1550 17
157 1550 18
157 1550 19
157 1551 11
157 1551 12
157 1551 13
157 1551 14
157 1551 15
157 1551 16
157 1551 17
157 1551 18
157 1551 19
157 1552 11
157 1552 12
157 1552 13
157 1552 14
157 1552 15
157 1552 16
157 1552 17
157 1552 18
157 1552 19
157 1553 11
157 1553 12
157 1553 13
157 1553 14
157 1553 15
157 1553 16
157 1553 17
157 1553 18
157 1553 19
157 1554 11
157 1554 12
157 1554 13
157 1554 14
157 1554 15
157 1554 16
157 1554 17
157 1554 18
157 1554 19
157 1555 11
157 1555 12
157 1555 13
157 1555 14
157 1555 15
157 1555 16
157 1555 17
157 1555 18
157 1555 19
157 1556 11
157 1556 12
157 1556 13
157 1556 14
157 1556 15
157 1556 16
157 1556 17
157 1556 18
157 1556 19
157 1557 11
157 1557 12
157 1557 13
157 1557 14
157 1557 15
157 1557 16
157 1557 17
157 1557 18
157 1557 19
157 1558 11
157 1558 12
157 1558 13
157 1558 14
157 1558 15
157 1558 16
157 1558 17
157 1558 18
157 1558 19
157 1559 11
157 1559 12
157 1559 13
157 1559 14
157 1559 15
157 1559 16
157 1559 17
157 1559 18
157 1559 19
157 1560 11
157 1560 12
157 1560 13
157 1560 14
157 1560 15
157 1560 16
157 1560 17
157 1560 18
157 1560 19
157 1561 11
157 1561 12
157 1561 13
157 1561 14
157 1561 15
157 1561 16
157 1561 17
157 1561 18
157 1561 19
157 1562 11
157 1562 12
157 1562 13
157 1562 14
157 1562 15
157 1562 16
157 1562 17
157 1562 18
157 1562 19
157 1563 11
157 1563 12
157 1563 13
157 1563 14
157 1563 15
157 1563 16
157 1563 17
157 1563 18
157 1563 19
157 1564 11
157 1564 12
157 1564 13
157 1564 14
157 1564 15
157 1564 16
157 1564 17
157 1564 18
157 1564 19
157 1565 11
157 1565 12
157 1565 13
157 1565 14
157 1565 15
157 1565 16
157 1565 17
157 1565 18
157 1565 19
157 1566 11
157 1566 12
157 1566 13
157 1566 14
157 1566 15
157 1566 16
157 1566 17
157 1566 18
157 1566 19
157 1567 11
157 1567 12
157 1567 13
157 1567 14
157 1567 15
157 1567 16
157 1567 17
157 1567 18
157 1567 19
157 1568 11
157 1568 12
157 1568 13
157 1568 14
157 1568 15
157 1568 16
157 1568 17
157 1568 18
157 1568 19
157 1569 11
157 1569 12
157 1569 13
157 1569 14
157 1569 15
157 1569 16
157 1569 17
157 1569 18
157 1569 19
157 1570 11
157 1570 12
157 1570 13
157 1570 14
157 1570 15
157 1570 16
157 1570 17
157 1570 18
157 1570 19
157 1571 11
157 1571 12
157 1571 13
157 1571 14
157 1571 15
157 1571 16
157 1571 17
157 1571 18
157 1571 19
157 1572 11
157 1572 12
157 1572 13
157 1572 14
157 1572 15
157 1572 16
157 1572 17
157 1572 18
157 1572 19
157 1573 11
157 1573 12
157 1573 13
157 1573 14
157 1573 15
157 1573 16
157 1573 17
157 1573 18
157 1573 19
157 1574 11
157 1574 12
157 1574 13
157 1574 14
157 1574 15
157 1574 16
157 1574 17
157 1574 18
157 1574 19
157 1575 11
157 1575 12
157 1575 13
157 1575 14
157 1575 15
157 1575 16
157 1575 17
157 1575 18
157 1575 19
157 1576 11
157 1576 12
157 1576 13
157 1576 14
157 1576 15
157 1576 16
157 1576 17
157 1576 18
157 1576 19
157 1577 11
157 1577 12
157 1577 13
157 1577 14
157 1577 15
157 1577 16
157 1577 17
157 1577 18
157 1577 19
157 1578 11
157 1578 12
157 1578 13
157 1578 14
157 1578 15
157 1578 16
157 1578 17
157 1578 18
157 1578 19
157 1579 11
157 1579 12
157 1579 13
157 1579 14
157 1579 15
157 1579 16
157 1579 17
157 1579 18
157 1579 19
157 1580 11
157 1580 12
157 1580 13
157 1580 14
157 1580 15
157 1580 16
157 1580 17
157 1580 18
157 1580 19
157 1581 11
157 1581 12
157 1581 13
157 1581 14
157 1581 15
157 1581 16
157 1581 17
157 1581 18
157 1581 19
157 1582 11
157 1582 12
157 1582 13
157 1582 14
157 1582 15
157 1582 16
157 1582 17
157 1582 18
157 1582 19
157 1583 11
157 1583 12
157 1583 13
157 1583 14
157 1583 15
157 1583 16
157 1583 17
157 1583 18
157 1583 19
157 1584 11
157 1584 12
157 1584 13
157 1584 14
157 1584 15
157 1584 16
157 1584 17
157 1584 18
157 1584 19
157 1585 11
157 1585 12
157 1585 13
157 1585 14
157 1585 15
157 1585 16
157 1585 17
157 1585 18
157 1585 19
157 1586 11
157 1586 12
157 1586 13
157 1586 14
157 1586 15
157 1586 16
157 1586 17
157 1586 18
157 1586 19
157 1587 11
157 1587 12
157 1587 13
157 1587 14
157 1587 15
157 1587 16
157 1587 17
157 1587 18
157 1587 19
157 1588 11
157 1588 12
157 1588 13
157 1588 14
157 1588 15
157 1588 16
157 1588 17
157 1588 18
157 1588 19
157 1589 11
157 1589 12
157 1589 13
157 1589 14
157 1589 15
157 1589 16
157 1589 17
157 1589 18
157 1589 19
157 1590 11
157 1590 12
157 1590 13
157 1590 14
157 1590 15
157 1590 16
157 1590 17
157 1590 18
157 1590 19
157 1591 11
157 1591 12
157 1591 13
157 1591 14
157 1591 15
157 1591 16
157 1591 17
157 1591 18
157 1591 19
157 1592 11
157 1592 12
157 1592 13
157 1592 14
157 1592 15
157 1592 16
157 1592 17
157 1592 18
157 1592 19
157 1593 11
157 1593 12
157 1593 13
157 1593 14
157 1593 15
157 1593 16
157 1593 17
157 1593 18
157 1593 19
157 1594 11
157 1594 12
157 1594 13
157 1594 14
157 1594 15
157 1594 16
157 1594 17
157 1594 18
157 1594 19
157 1595 11
157 1595 12
157 1595 13
157 1595 14
157 1595 15
157 1595 16
157 1595 17
157 1595 18
157 1595 19
157 1596 11
157 1596 12
157 1596 13
157 1596 14
157 1596 15
157 1596 16
157 1596 17
157 1596 18
157 1596 19
157 1597 11
157 1597 12
157 1597 13
157 1597 14
157 1597 15
157 1597 16
157 1597 17
157 1597 18
157 1597 19
157 1598 11
157 1598 12
157 1598 13
157 1598 14
157 1598 15
157 1598 16
157 1598 17
157 1598 18
157 1598 19
157 1599 11
157 1599 12
157 1599 13
157 1599 14
157 1599 15
157 1599 16
157 1599 17
157 1599 18
157 1599 19
157 1600 11
157 1600 12
157 1600 13
157 1600 14
157 1600 15
157 1600 16
157 1600 17
157 1600 18
157 1600 19
157 1601 11
157 1601 12
157 1601 13
157 1601 14
157 1601 15
157 1601 16
157 1601 17
157 1601 18
157 1601 19
157 1602 11
157 1602 12
157 1602 13
157 1602 14
157 1602 15
157 1602 16
157 1602 17
157 1602 18
157 1602 19
157 1603 11
157 1603 12
157 1603 13
157 1603 14
157 1603 15
157 1603 16
157 1603 17
157 1603 18
157 1603 19
157 1604 11
157 1604 12
157 1604 13
157 1604 14
157 1604 15
157 1604 16
157 1604 17
157 1604 18
157 1604 19
157 1605 11
157 1605 12
157 1605 13
157 1605 14
157 1605 15
157 1605 16
157 1605 17
157 1605 18
157 1605 19
157 1606 11
157 1606 12
157 1606 13
157 1606 14
157 1606 15
157 1606 16
157 1606 17
157 1606 18
157 1606 19
157 1607 11
157 1607 12
157 1607 13
157 1607 14
157 1607 15
157 1607 16
157 1607 17
157 1607 18
157 1607 19
157 1608 11
157 1608 12
157 1608 13
157 1608 14
157 1608 15
157 1608 16
157 1608 17
157 1608 18
157 1608 19
157 1609 11
157 1609 12
157 1609 13
157 1609 14
157 1609 15
157 1609 16
157 1609 17
157 1609 18
157 1609 19
157 1610 11
157 1610 12
157 1610 13
157 1610 14
157 1610 15
157 1610 16
157 1610 17
157 1610 18
157 1610 19
157 1611 11
157 1611 12
157 1611 13
157 1611 14
157 1611 15
157 1611 16
157 1611 17
157 1611 18
157 1611 19
157 1612 11
157 1612 12
157 1612 13
157 1612 14
157 1612 15
157 1612 16
157 1612 17
157 1612 18
157 1612 19
157 1613 11
157 1613 12
157 1613 13
157 1613 14
157 1613 15
157 1613 16
157 1613 17
157 1613 18
157 1613 19
157 1614 11
157 1614 12
157 1614 13
157 1614 14
157 1614 15
157 1614 16
157 1614 17
157 1614 18
157 1614 19
157 1615 11
157 1615 12
157 1615 13
157 1615 14
157 1615 15
157 1615 16
157 1615 17
157 1615 18
157 1615 19
157 1616 11
157 1616 12
157 1616 13
157 1616 14
157 1616 15
157 1616 16
157 1616 17
157 1616 18
157 1616 19
157 1617 11
157 1617 12
157 1617 13
157 1617 14
157 1617 15
157 1617 16
157 1617 17
157 1617 18
157 1617 19
157 1618 11
157 1618 12
157 1618 13
157 1618 14
157 1618 15
157 1618 16
157 1618 17
157 1618 18
157 1618 19
157 1619 11
157 1619 12
157 1619 13
157 1619 14
157 1619 15
157 1619 16
157 1619 17
157 1619 18
157 1619 19
157 1620 11
157 1620 12
157 1620 13
157 1620 14
157 1620 15
157 1620 16
157 1620 17
157 1620 18
157 1620 19
157 1621 11
157 1621 12
157 1621 13
157 1621 14
157 1621 15
157 1621 16
157 1621 17
157 1621 18
157 1621 19
157 1622 11
157 1622 12
157 1622 13
157 1622 14
157 1622 15
157 1622 16
157 1622 17
157 1622 18
157 1622 19
157 1623 11
157 1623 12
157 1623 13
157 1623 14
157 1623 15
157 1623 16
157 1623 17
157 1623 18
157 1623 19
157 1624 11
157 1624 12
157 1624 13
157 1624 14
157 1624 15
157 1624 16
157 1624 17
157 1624 18
157 1624 19
157 1625 11
157 1625 12
157 1625 13
157 1625 14
157 1625 15
157 1625 16
157 1625 17
157 1625 18
157 1625 19
157 1626 11
157 1626 12
157 1626 13
157 1626 14
157 1626 15
157 1626 16
157 1626 17
157 1626 18
157 1626 19
157 1627 11
157 1627 12
157 1627 13
157 1627 14
157 1627 15
157 1627 16
157 1627 17
157 1627 18
157 1627 19
157 1628 11
157 1628 12
157 1628 13
157 1628 14
157 1628 15
157 1628 16
157 1628 17
157 1628 18
157 1628 19
157 1629 11
157 1629 12
157 1629 13
157 1629 14
157 1629 15
157 1629 16
157 1629 17
157 1629 18
157 1629 19
157 1630 11
157 1630 12
157 1630 13
157 1630 14
157 1630 15
157 1630 16
157 1630 17
157 1630 18
157 1630 19
157 1631 11
157 1631 12
157 1631 13
157 1631 14
157 1631 15
157 1631 16
157 1631 17
157 1631 18
157 1631 19
157 1632 11
157 1632 12
157 1632 13
157 1632 14
157 1632 15
157 1632 16
157 1632 17
157 1632 18
157 1632 19
157 1633 11
157 1633 12
157 1633 13
157 1633 14
157 1633 15
157 1633 16
157 1633 17
157 1633 18
157 1633 19
157 1634 11
157 1634 12
157 1634 13
157 1634 14
157 1634 15
157 1634 16
157 1634 17
157 1634 18
157 1634 19
157 1635 11
157 1635 12
157 1635 13
157 1635 14
157 1635 15
157 1635 16
157 1635 17
157 1635 18
157 1635 19
157 1636 11
157 1636 12
157 1636 13
157 1636 14
157 1636 15
157 1636 16
157 1636 17
157 1636 18
157 1636 19
157 1637 11
157 1637 12
157 1637 13
157 1637 14
157 1637 15
157 1637 16
157 1637 17
157 1637 18
157 1637 19
157 1638 11
157 1638 12
157 1638 13
157 1638 14
157 1638 15
157 1638 16
157 1638 17
157 1638 18
157 1638 19
157 1639 11
157 1639 12
157 1639 13
157 1639 14
157 1639 15
157 1639 16
157 1639 17
157 1639 18
157 1639 19
157 1640 11
157 1640 12
157 1640 13
157 1640 14
157 1640 15
157 1640 16
157 1640 17
157 1640 18
157 1640 19
157 1641 11
157 1641 12
157 1641 13
157 1641 14
157 1641 15
157 1641 16
157 1641 17
157 1641 18
157 1641 19
157 1642 11
157 1642 12
157 1642 13
157 1642 14
157 1642 15
157 1642 16
157 1642 17
157 1642 18
157 1642 19
157 1643 11
157 1643 12
157 1643 13
157 1643 14
157 1643 15
157 1643 16
157 1643 17
157 1643 18
157 1643 19
157 1644 11
157 1644 12
157 1644 13
157 1644 14
157 1644 15
157 1644 16
157 1644 17
157 1644 18
157 1644 19
157 1645 11
157 1645 12
157 1645 13
157 1645 14
157 1645 15
157 1645 16
157 1645 17
157 1645 18
157 1645 19
157 1646 11
157 1646 12
157 1646 13
157 1646 14
157 1646 15
157 1646 16
157 1646 17
157 1646 18
157 1646 19
157 1647 11
157 1647 12
157 1647 13
157 1647 14
157 1647 15
157 1647 16
157 1647 17
157 1647 18
157 1647 19
157 1648 11
157 1648 12
157 1648 13
157 1648 14
157 1648 15
157 1648 16
157 1648 17
157 1648 18
157 1648 19
157 1649 11
157 1649 12
157 1649 13
157 1649 14
157 1649 15
157 1649 16
157 1649 17
157 1649 18
157 1649 19
157 1650 11
157 1650 12
157 1650 13
157 1650 14
157 1650 15
157 1650 16
157 1650 17
157 1650 18
157 1650 19
157 1651 11
157 1651 12
157 1651 13
157 1651 14
157 1651 15
157 1651 16
157 1651 17
157 1651 18
157 1651 19
157 1652 11
157 1652 12
157 1652 13
157 1652 14
157 1652 15
157 1652 16
157 1652 17
157 1652 18
157 1652 19
157 1653 11
157 1653 12
157 1653 13
157 1653 14
157 1653 15
157 1653 16
157 1653 17
157 1653 18
157 1653 19
157 1654 11
157 1654 12
157 1654 13
157 1654 14
157 1654 15
157 1654 16
157 1654 17
157 1654 18
157 1654 19
157 1655 11
157 1655 12
157 1655 13
157 1655 14
157 1655 15
157 1655 16
157 1655 17
157 1655 18
157 1655 19
157 1656 11
157 1656 12
157 1656 13
157 1656 14
157 1656 15
157 1656 16
157 1656 17
157 1656 18
157 1656 19
157 1657 11
157 1657 12
157 1657 13
157 1657 14
157 1657 15
157 1657 16
157 1657 17
157 1657 18
157 1657 19
158 1546 11
158 1546 12
158 1546 13
158 1546 14
158 1546 15
158 1546 16
158 1546 17
158 1546 18
158 1546 19
158 1547 11
158 1547 12
158 1547 13
158 1547 14
158 1547 15
158 1547 16
158 1547 17
158 1547 18
158 1547 19
158 1548 11
158 1548 12
158 1548 13
158 1548 14
158 1548 15
158 1548 16
158 1548 17
158 1548 18
158 1548 19
158 1549 11
158 1549 12
158 1549 13
158 1549 14
158 1549 15
158 1549 16
158 1549 17
158 1549 18
158 1549 19
158 1550 11
158 1550 12
158 1550 13
158 1550 14
158 1550 15
158 1550 16
158 1550 17
158 1550 18
158 1550 19
158 1551 11
158 1551 12
158 1551 13
158 1551 14
158 1551 15
158 1551 16
158 1551 17
158 1551 18
158 1551 19
158 1552 11
158 1552 12
158 1552 13
158 1552 14
158 1552 15
158 1552 16
158 1552 17
158 1552 18
158 1552 19
158 1553 11
158 1553 12
158 1553 13
158 1553 14
158 1553 15
158 1553 16
158 1553 17
158 1553 18
158 1553 19
158 1554 11
158 1554 12
158 1554 13
158 1554 14
158 1554 15
158 1554 16
158 1554 17
158 1554 18
158 1554 19
158 1555 11
158 1555 12
158 1555 13
158 1555 14
158 1555 15
158 1555 16
158 1555 17
158 1555 18
158 1555 19
158 1556 11
158 1556 12
158 1556 13
158 1556 14
158 1556 15
158 1556 16
158 1556 17
158 1556 18
158 1556 19
158 1557 11
158 1557 12
158 1557 13
158 1557 14
158 1557 15
158 1557 16
158 1557 17
158 1557 18
158 1557 19
158 1558 11
158 1558 12
158 1558 13
158 1558 14
158 1558 15
158 1558 16
158 1558 17
158 1558 18
158 1558 19
158 1559 11
158 1559 12
158 1559 13
158 1559 14
158 1559 15
158 1559 16
158 1559 17
158 1559 18
158 1559 19
158 1560 11
158 1560 12
158 1560 13
158 1560 14
158 1560 15
158 1560 16
158 1560 17
158 1560 18
158 1560 19
158 1561 11
158 1561 12
158 1561 13
158 1561 14
158 1561 15
158 1561 16
158 1561 17
158 1561 18
158 1561 19
158 1562 11
158 1562 12
158 1562 13
158 1562 14
158 1562 15
158 1562 16
158 1562 17
158 1562 18
158 1562 19
158 1563 11
158 1563 12
158 1563 13
158 1563 14
158 1563 15
158 1563 16
158 1563 17
158 1563 18
158 1563 19
158 1564 11
158 1564 12
158 1564 13
158 1564 14
158 1564 15
158 1564 16
158 1564 17
158 1564 18
158 1564 19
158 1565 11
158 1565 12
158 1565 13
158 1565 14
158 1565 15
158 1565 16
158 1565 17
158 1565 18
158 1565 19
158 1566 11
158 1566 12
158 1566 13
158 1566 14
158 1566 15
158 1566 16
158 1566 17
158 1566 18
158 1566 19
158 1567 11
158 1567 12
158 1567 13
158 1567 14
158 1567 15
158 1567 16
158 1567 17
158 1567 18
158 1567 19
158 1568 11
158 1568 12
158 1568 13
158 1568 14
158 1568 15
158 1568 16
158 1568 17
158 1568 18
158 1568 19
158 1569 11
158 1569 12
158 1569 13
158 1569 14
158 1569 15
158 1569 16
158 1569 17
158 1569 18
158 1569 19
158 1570 11
158 1570 12
158 1570 13
158 1570 14
158 1570 15
158 1570 16
158 1570 17
158 1570 18
158 1570 19
158 1571 11
158 1571 12
158 1571 13
158 1571 14
158 1571 15
158 1571 16
158 1571 17
158 1571 18
158 1571 19
158 1572 11
158 1572 12
158 1572 13
158 1572 14
158 1572 15
158 1572 16
158 1572 17
158 1572 18
158 1572 19
158 1573 11
158 1573 12
158 1573 13
158 1573 14
158 1573 15
158 1573 16
158 1573 17
158 1573 18
158 1573 19
158 1574 11
158 1574 12
158 1574 13
158 1574 14
158 1574 15
158 1574 16
158 1574 17
158 1574 18
158 1574 19
158 1575 11
158 1575 12
158 1575 13
158 1575 14
158 1575 15
158 1575 16
158 1575 17
158 1575 18
158 1575 19
158 1576 11
158 1576 12
158 1576 13
158 1576 14
158 1576 15
158 1576 16
158 1576 17
158 1576 18
158 1576 19
158 1577 11
158 1577 12
158 1577 13
158 1577 14
158 1577 15
158 1577 16
158 1577 17
158 1577 18
158 1577 19
158 1578 11
158 1578 12
158 1578 13
158 1578 14
158 1578 15
158 1578 16
158 1578 17
158 1578 18
158 1578 19
158 1579 11
158 1579 12
158 1579 13
158 1579 14
158 1579 15
158 1579 16
158 1579 17
158 1579 18
158 1579 19
158 1580 11
158 1580 12
158 1580 13
158 1580 14
158 1580 15
158 1580 16
158 1580 17
158 1580 18
158 1580 19
158 1581 11
158 1581 12
158 1581 13
158 1581 14
158 1581 15
158 1581 16
158 1581 17
158 1581 18
158 1581 19
158 1582 11
158 1582 12
158 1582 13
158 1582 14
158 1582 15
158 1582 16
158 1582 17
158 1582 18
158 1582 19
158 1583 11
158 1583 12
158 1583 13
158 1583 14
158 1583 15
158 1583 16
158 1583 17
158 1583 18
158 1583 19
158 1584 11
158 1584 12
158 1584 13
158 1584 14
158 1584 15
158 1584 16
158 1584 17
158 1584 18
158 1584 19
158 1585 11
158 1585 12
158 1585 13
158 1585 14
158 1585 15
158 1585 16
158 1585 17
158 1585 18
158 1585 19
158 1586 11
158 1586 12
158 1586 13
158 1586 14
158 1586 15
158 1586 16
158 1586 17
158 1586 18
158 1586 19
158 1587 11
158 1587 12
158 1587 13
158 1587 14
158 1587 15
158 1587 16
158 1587 17
158 1587 18
158 1587 19
158 1588 11
158 1588 12
158 1588 13
158 1588 14
158 1588 15
158 1588 16
158 1588 17
158 1588 18
158 1588 19
158 1589 11
158 1589 12
158 1589 13
158 1589 14
158 1589 15
158 1589 16
158 1589 17
158 1589 18
158 1589 19
158 1590 11
158 1590 12
158 1590 13
158 1590 14
158 1590 15
158 1590 16
158 1590 17
158 1590 18
158 1590 19
158 1591 11
158 1591 12
158 1591 13
158 1591 14
158 1591 15
158 1591 16
158 1591 17
158 1591 18
158 1591 19
158 1592 11
158 1592 12
158 1592 13
158 1592 14
158 1592 15
158 1592 16
158 1592 17
158 1592 18
158 1592 19
158 1593 11
158 1593 12
158 1593 13
158 1593 14
158 1593 15
158 1593 16
158 1593 17
158 1593 18
158 1593 19
158 1594 11
158 1594 12
158 1594 13
158 1594 14
158 1594 15
158 1594 16
158 1594 17
158 1594 18
158 1594 19
158 1595 11
158 1595 12
158 1595 13
158 1595 14
158 1595 15
158 1595 16
158 1595 17
158 1595 18
158 1595 19
158 1596 11
158 1596 12
158 1596 13
158 1596 14
158 1596 15
158 1596 16
158 1596 17
158 1596 18
158 1596 19
158 1597 11
158 1597 12
158 1597 13
158 1597 14
158 1597 15
158 1597 16
158 1597 17
158 1597 18
158 1597 19
158 1598 11
158 1598 12
158 1598 13
158 1598 14
158 1598 15
158 1598 16
158 1598 17
158 1598 18
158 1598 19
158 1599 11
158 1599 12
158 1599 13
158 1599 14
158 1599 15
158 1599 16
158 1599 17
158 1599 18
158 1599 19
158 1600 11
158 1600 12
158 1600 13
158 1600 14
158 1600 15
158 1600 16
158 1600 17
158 1600 18
158 1600 19
158 1601 11
158 1601 12
158 1601 13
158 1601 14
158 1601 15
158 1601 16
158 1601 17
158 1601 18
158 1601 19
158 1602 11
158 1602 12
158 1602 13
158 1602 14
158 1602 15
158 1602 16
158 1602 17
158 1602 18
158 1602 19
158 1603 11
158 1603 12
158 1603 13
158 1603 14
158 1603 15
158 1603 16
158 1603 17
158 1603 18
158 1603 19
158 1604 11
158 1604 12
158 1604 13
158 1604 14
158 1604 15
158 1604 16
158 1604 17
158 1604 18
158 1604 19
158 1605 11
158 1605 12
158 1605 13
158 1605 14
158 1605 15
158 1605 16
158 1605 17
158 1605 18
158 1605 19
158 1606 11
158 1606 12
158 1606 13
158 1606 14
158 1606 15
158 1606 16
158 1606 17
158 1606 18
158 1606 19
158 1607 11
158 1607 12
158 1607 13
158 1607 14
158 1607 15
158 1607 16
158 1607 17
158 1607 18
158 1607 19
158 1608 11
158 1608 12
158 1608 13
158 1608 14
158 1608 15
158 1608 16
158 1608 17
158 1608 18
158 1608 19
158 1609 11
158 1609 12
158 1609 13
158 1609 14
158 1609 15
158 1609 16
158 1609 17
158 1609 18
158 1609 19
158 1610 11
158 1610 12
158 1610 13
158 1610 14
158 1610 15
158 1610 16
158 1610 17
158 1610 18
158 1610 19
158 1611 11
158 1611 12
158 1611 13
158 1611 14
158 1611 15
158 1611 16
158 1611 17
158 1611 18
158 1611 19
158 1612 11
158 1612 12
158 1612 13
158 1612 14
158 1612 15
158 1612 16
158 1612 17
158 1612 18
158 1612 19
158 1613 11
158 1613 12
158 1613 13
158 1613 14
158 1613 15
158 1613 16
158 1613 17
158 1613 18
158 1613 19
158 1614 11
158 1614 12
158 1614 13
158 1614 14
158 1614 15
158 1614 16
158 1614 17
158 1614 18
158 1614 19
158 1615 11
158 1615 12
158 1615 13
158 1615 14
158 1615 15
158 1615 16
158 1615 17
158 1615 18
158 1615 19
158 1616 11
158 1616 12
158 1616 13
158 1616 14
158 1616 15
158 1616 16
158 1616 17
158 1616 18
158 1616 19
158 1617 11
158 1617 12
158 1617 13
158 1617 14
158 1617 15
158 1617 16
158 1617 17
158 1617 18
158 1617 19
158 1618 11
158 1618 12
158 1618 13
158 1618 14
158 1618 15
158 1618 16
158 1618 17
158 1618 18
158 1618 19
158 1619 11
158 1619 12
158 1619 13
158 1619 14
158 1619 15
158 1619 16
158 1619 17
158 1619 18
158 1619 19
158 1620 11
158 1620 12
158 1620 13
158 1620 14
158 1620 15
158 1620 16
158 1620 17
158 1620 18
158 1620 19
158 1621 11
158 1621 12
158 1621 13
158 1621 14
158 1621 15
158 1621 16
158 1621 17
158 1621 18
158 1621 19
158 1622 11
158 1622 12
158 1622 13
158 1622 14
158 1622 15
158 1622 16
158 1622 17
158 1622 18
158 1622 19
158 1623 11
158 1623 12
158 1623 13
158 1623 14
158 1623 15
158 1623 16
158 1623 17
158 1623 18
158 1623 19
158 1624 11
158 1624 12
158 1624 13
158 1624 14
158 1624 15
158 1624 16
158 1624 17
158 1624 18
158 1624 19
158 1625 11
158 1625 12
158 1625 13
158 1625 14
158 1625 15
158 1625 16
158 1625 17
158 1625 18
158 1625 19
158 1626 11
158 1626 12
158 1626 13
158 1626 14
158 1626 15
158 1626 16
158 1626 17
158 1626 18
158 1626 19
158 1627 11
158 1627 12
158 1627 13
158 1627 14
158 1627 15
158 1627 16
158 1627 17
158 1627 18
158 1627 19
158 1628 11
158 1628 12
158 1628 13
158 1628 14
158 1628 15
158 1628 16
158 1628 17
158 1628 18
158 1628 19
158 1629 11
158 1629 12
158 1629 13
158 1629 14
158 1629 15
158 1629 16
158 1629 17
158 1629 18
158 1629 19
158 1630 11
158 1630 12
158 1630 13
158 1630 14
158 1630 15
158 1630 16
158 1630 17
158 1630 18
158 1630 19
158 1631 11
158 1631 12
158 1631 13
158 1631 14
158 1631 15
158 1631 16
158 1631 17
158 1631 18
158 1631 19
158 1632 11
158 1632 12
158 1632 13
158 1632 14
158 1632 15
158 1632 16
158 1632 17
158 1632 18
158 1632 19
158 1633 11
158 1633 12
158 1633 13
158 1633 14
158 1633 15
158 1633 16
158 1633 17
158 1633 18
158 1633 19
158 1634 11
158 1634 12
158 1634 13
158 1634 14
158 1634 15
158 1634 16
158 1634 17
158 1634 18
158 1634 19
158 1635 11
158 1635 12
158 1635 13
158 1635 14
158 1635 15
158 1635 16
158 1635 17
158 1635 18
158 1635 19
158 1636 11
158 1636 12
158 1636 13
158 1636 14
158 1636 15
158 1636 16
158 1636 17
158 1636 18
158 1636 19
158 1637 11
158 1637 12
158 1637 13
158 1637 14
158 1637 15
158 1637 16
158 1637 17
158 1637 18
158 1637 19
158 1638 11
158 1638 12
158 1638 13
158 1638 14
158 1638 15
158 1638 16
158 1638 17
158 1638 18
158 1638 19
158 1639 11
158 1639 12
158 1639 13
158 1639 14
158 1639 15
158 1639 16
158 1639 17
158 1639 18
158 1639 19
158 1640 11
158 1640 12
158 1640 13
158 1640 14
158 1640 15
158 1640 16
158 1640 17
158 1640 18
158 1640 19
158 1641 11
158 1641 12
158 1641 13
158 1641 14
158 1641 15
158 1641 16
158 1641 17
158 1641 18
158 1641 19
158 1642 11
158 1642 12
158 1642 13
158 1642 14
158 1642 15
158 1642 16
158 1642 17
158 1642 18
158 1642 19
158 1643 11
158 1643 12
158 1643 13
158 1643 14
158 1643 15
158 1643 16
158 1643 17
158 1643 18
158 1643 19
158 1644 11
158 1644 12
158 1644 13
158 1644 14
158 1644 15
158 1644 16
158 1644 17
158 1644 18
158 1644 19
158 1645 11
158 1645 12
158 1645 13
158 1645 14
158 1645 15
158 1645 16
158 1645 17
158 1645 18
158 1645 19
158 1646 11
158 1646 12
158 1646 13
158 1646 14
158 1646 15
158 1646 16
158 1646 17
158 1646 18
158 1646 19
158 1647 11
158 1647 12
158 1647 13
158 1647 14
158 1647 15
158 1647 16
158 1647 17
158 1647 18
158 1647 19
158 1648 11
158 1648 12
158 1648 13
158 1648 14
158 1648 15
158 1648 16
158 1648 17
158 1648 18
158 1648 19
158 1649 11
158 1649 12
158 1649 13
158 1649 14
158 1649 15
158 1649 16
158 1649 17
158 1649 18
158 1649 19
158 1650 11
158 1650 12
158 1650 13
158 1650 14
158 1650 15
158 1650 16
158 1650 17
158 1650 18
158 1650 19
158 1651 11
158 1651 12
158 1651 13
158 1651 14
158 1651 15
158 1651 16
158 1651 17
158 1651 18
158 1651 19
158 1652 11
158 1652 12
158 1652 13
158 1652 14
158 1652 15
158 1652 16
158 1652 17
158 1652 18
158 1652 19
158 1653 11
158 1653 12
158 1653 13
158 1653 14
158 1653 15
158 1653 16
158 1653 17
158 1653 18
158 1653 19
158 1654 11
158 1654 12
158 1654 13
158 1654 14
158 1654 15
158 1654 16
158 1654 17
158 1654 18
158 1654 19
158 1655 11
158 1655 12
158 1655 13
158 1655 14
158 1655 15
158 1655 16
158 1655 17
158 1655 18
158 1655 19
159 1547 11
159 1547 12
159 1547 13
159 1547 14
159 1547 15
159 1547 16
159 1547 17
159 1547 18
159 1547 19
159 1548 11
159 1548 12
159 1548 13
159 1548 14
159 1548 15
159 1548 16
159 1548 17
159 1548 18
159 1548 19
159 1549 11
159 1549 12
159 1549 13
159 1549 14
159 1549 15
159 1549 16
159 1549 17
159 1549 18
159 1549 19
159 1550 11
159 1550 12
159 1550 13
159 1550 14
159 1550 15
159 1550 16
159 1550 17
159 1550 18
159 1550 19
159 1551 11
159 1551 12
159 1551 13
159 1551 14
159 1551 15
159 1551 16
159 1551 17
159 1551 18
159 1551 19
159 1552 11
159 1552 12
159 1552 13
159 1552 14
159 1552 15
159 1552 16
159 1552 17
159 1552 18
159 1552 19
159 1553 11
159 1553 12
159 1553 13
159 1553 14
159 1553 15
159 1553 16
159 1553 17
159 1553 18
159 1553 19
159 1554 11
159 1554 12
159 1554 13
159 1554 14
159 1554 15
159 1554 16
159 1554 17
159 1554 18
159 1554 19
159 1555 11
159 1555 12
159 1555 13
159 1555 14
159 1555 15
159 1555 16
159 1555 17
159 1555 18
159 1555 19
159 1556 11
159 1556 12
159 1556 13
159 1556 14
159 1556 15
159 1556 16
159 1556 17
159 1556 18
159 1556 19
159 1557 11
159 1557 12
159 1557 13
159 1557 14
159 1557 15
159 1557 16
159 1557 17
159 1557 18
159 1557 19
159 1558 11
159 1558 12
159 1558 13
159 1558 14
159 1558 15
159 1558 16
159 1558 17
159 1558 18
159 1558 19
159 1559 11
159 1559 12
159 1559 13
159 1559 14
159 1559 15
159 1559 16
159 1559 17
159 1559 18
159 1559 19
159 1560 11
159 1560 12
159 1560 13
159 1560 14
159 1560 15
159 1560 16
159 1560 17
159 1560 18
159 1560 19
159 1561 11
159 1561 12
159 1561 13
159 1561 14
159 1561 15
159 1561 16
159 1561 17
159 1561 18
159 1561 19
159 1562 11
159 1562 12
159 1562 13
159 1562 14
159 1562 15
159 1562 16
159 1562 17
159 1562 18
159 1562 19
159 1563 11
159 1563 12
159 1563 13
159 1563 14
159 1563 15
159 1563 16
159 1563 17
159 1563 18
159 1563 19
159 1564 11
159 1564 12
159 1564 13
159 1564 14
159 1564 15
159 1564 16
159 1564 17
159 1564 18
159 1564 19
159 1565 11
159 1565 12
159 1565 13
159 1565 14
159 1565 15
159 1565 16
159 1565 17
159 1565 18
159 1565 19
159 1566 11
159 1566 12
159 1566 13
159 1566 14
159 1566 15
159 1566 16
159 1566 17
159 1566 18
159 1566 19
159 1567 11
159 1567 12
159 1567 13
159 1567 14
159 1567 15
159 1567 16
159 1567 17
159 1567 18
159 1567 19
159 1568 11
159 1568 12
159 1568 13
159 1568 14
159 1568 15
159 1568 16
159 1568 17
159 1568 18
159 1568 19
159 1569 11
159 1569 12
159 1569 13
159 1569 14
159 1569 15
159 1569 16
159 1569 17
159 1569 18
159 1569 19
159 1570 11
159 1570 12
159 1570 13
159 1570 14
159 1570 15
159 1570 16
159 1570 17
159 1570 18
159 1570 19
159 1571 11
159 1571 12
159 1571 13
159 1571 14
159 1571 15
159 1571 16
159 1571 17
159 1571 18
159 1571 19
159 1572 11
159 1572 12
159 1572 13
159 1572 14
159 1572 15
159 1572 16
159 1572 17
159 1572 18
159 1572 19
159 1573 11
159 1573 12
159 1573 13
159 1573 14
159 1573 15
159 1573 16
159 1573 17
159 1573 18
159 1573 19
159 1574 11
159 1574 12
159 1574 13
159 1574 14
159 1574 15
159 1574 16
159 1574 17
159 1574 18
159 1574 19
159 1575 11
159 1575 12
159 1575 13
159 1575 14
159 1575 15
159 1575 16
159 1575 17
159 1575 18
159 1575 19
159 1576 11
159 1576 12
159 1576 13
159 1576 14
159 1576 15
159 1576 16
159 1576 17
159 1576 18
159 1576 19
159 1577 11
159 1577 12
159 1577 13
159 1577 14
159 1577 15
159 1577 16
159 1577 17
159 1577 18
159 1577 19
159 1578 11
159 1578 12
159 1578 13
159 1578 14
159 1578 15
159 1578 16
159 1578 17
159 1578 18
159 1578 19
159 1579 11
159 1579 12
159 1579 13
159 1579 14
159 1579 15
159 1579 16
159 1579 17
159 1579 18
159 1579 19
159 1580 11
159 1580 12
159 1580 13
159 1580 14
159 1580 15
159 1580 16
159 1580 17
159 1580 18
159 1580 19
159 1581 11
159 1581 12
159 1581 13
159 1581 14
159 1581 15
159 1581 16
159 1581 17
159 1581 18
159 1581 19
159 1582 11
159 1582 12
159 1582 13
159 1582 14
159 1582 15
159 1582 16
159 1582 17
159 1582 18
159 1582 19
159 1583 11
159 1583 12
159 1583 13
159 1583 14
159 1583 15
159 1583 16
159 1583 17
159 1583 18
159 1583 19
159 1584 11
159 1584 12
159 1584 13
159 1584 14
159 1584 15
159 1584 16
159 1584 17
159 1584 18
159 1584 19
159 1585 11
159 1585 12
159 1585 13
159 1585 14
159 1585 15
159 1585 16
159 1585 17
159 1585 18
159 1585 19
159 1586 11
159 1586 12
159 1586 13
159 1586 14
159 1586 15
159 1586 16
159 1586 17
159 1586 18
159 1586 19
159 1587 11
159 1587 12
159 1587 13
159 1587 14
159 1587 15
159 1587 16
159 1587 17
159 1587 18
159 1587 19
159 1588 11
159 1588 12
159 1588 13
159 1588 14
159 1588 15
159 1588 16
159 1588 17
159 1588 18
159 1588 19
159 1589 11
159 1589 12
159 1589 13
159 1589 14
159 1589 15
159 1589 16
159 1589 17
159 1589 18
159 1589 19
159 1590 11
159 1590 12
159 1590 13
159 1590 14
159 1590 15
159 1590 16
159 1590 17
159 1590 18
159 1590 19
159 1591 11
159 1591 12
159 1591 13
159 1591 14
159 1591 15
159 1591 16
159 1591 17
159 1591 18
159 1591 19
159 1592 11
159 1592 12
159 1592 13
159 1592 14
159 1592 15
159 1592 16
159 1592 17
159 1592 18
159 1592 19
159 1593 11
159 1593 12
159 1593 13
159 1593 14
159 1593 15
159 1593 16
159 1593 17
159 1593 18
159 1593 19
159 1594 11
159 1594 12
159 1594 13
159 1594 14
159 1594 15
159 1594 16
159 1594 17
159 1594 18
159 1594 19
159 1595 11
159 1595 12
159 1595 13
159 1595 14
159 1595 15
159 1595 16
159 1595 17
159 1595 18
159 1595 19
159 1596 11
159 1596 12
159 1596 13
159 1596 14
159 1596 15
159 1596 16
159 1596 17
159 1596 18
159 1596 19
159 1597 11
159 1597 12
159 1597 13
159 1597 14
159 1597 15
159 1597 16
159 1597 17
159 1597 18
159 1597 19
159 1598 11
159 1598 12
159 1598 13
159 1598 14
159 1598 15
159 1598 16
159 1598 17
159 1598 18
159 1598 19
159 1599 11
159 1599 12
159 1599 13
159 1599 14
159 1599 15
159 1599 16
159 1599 17
159 1599 18
159 1599 19
159 1600 11
159 1600 12
159 1600 13
159 1600 14
159 1600 15
159 1600 16
159 1600 17
159 1600 18
159 1600 19
159 1601 11
159 1601 12
159 1601 13
159 1601 14
159 1601 15
159 1601 16
159 1601 17
159 1601 18
159 1601 19
159 1602 11
159 1602 12
159 1602 13
159 1602 14
159 1602 15
159 1602 16
159 1602 17
159 1602 18
159 1602 19
159 1603 11
159 1603 12
159 1603 13
159 1603 14
159 1603 15
159 1603 16
159 1603 17
159 1603 18
159 1603 19
159 1604 11
159 1604 12
159 1604 13
159 1604 14
159 1604 15
159 1604 16
159 1604 17
159 1604 18
159 1604 19
159 1605 11
159 1605 12
159 1605 13
159 1605 14
159 1605 15
159 1605 16
159 1605 17
159 1605 18
159 1605 19
159 1606 11
159 1606 12
159 1606 13
159 1606 14
159 1606 15
159 1606 16
159 1606 17
159 1606 18
159 1606 19
159 1607 11
159 1607 12
159 1607 13
159 1607 14
159 1607 15
159 1607 16
159 1607 17
159 1607 18
159 1607 19
159 1608 11
159 1608 12
159 1608 13
159 1608 14
159 1608 15
159 1608 16
159 1608 17
159 1608 18
159 1608 19
159 1609 11
159 1609 12
159 1609 13
159 1609 14
159 1609 15
159 1609 16
159 1609 17
159 1609 18
159 1609 19
159 1610 11
159 1610 12
159 1610 13
159 1610 14
159 1610 15
159 1610 16
159 1610 17
159 1610 18
159 1610 19
159 1611 11
159 1611 12
159 1611 13
159 1611 14
159 1611 15
159 1611 16
159 1611 17
159 1611 18
159 1611 19
159 1612 11
159 1612 12
159 1612 13
159 1612 14
159 1612 15
159 1612 16
159 1612 17
159 1612 18
159 1612 19
159 1613 11
159 1613 12
159 1613 13
159 1613 14
159 1613 15
159 1613 16
159 1613 17
159 1613 18
159 1613 19
159 1614 11
159 1614 12
159 1614 13
159 1614 14
159 1614 15
159 1614 16
159 1614 17
159 1614 18
159 1614 19
159 1615 11
159 1615 12
159 1615 13
159 1615 14
159 1615 15
159 1615 16
159 1615 17
159 1615 18
159 1615 19
159 1616 11
159 1616 12
159 1616 13
159 1616 14
159 1616 15
159 1616 16
159 1616 17
159 1616 18
159 1616 19
159 1617 11
159 1617 12
159 1617 13
159 1617 14
159 1617 15
159 1617 16
159 1617 17
159 1617 18
159 1617 19
159 1618 11
159 1618 12
159 1618 13
159 1618 14
159 1618 15
159 1618 16
159 1618 17
159 1618 18
159 1618 19
159 1619 11
159 1619 12
159 1619 13
159 1619 14
159 1619 15
159 1619 16
159 1619 17
159 1619 18
159 1619 19
159 1620 11
159 1620 12
159 1620 13
159 1620 14
159 1620 15
159 1620 16
159 1620 17
159 1620 18
159 1620 19
159 1621 11
159 1621 12
159 1621 13
159 1621 14
159 1621 15
159 1621 16
159 1621 17
159 1621 18
159 1621 19
159 1622 11
159 1622 12
159 1622 13
159 1622 14
159 1622 15
159 1622 16
159 1622 17
159 1622 18
159 1622 19
159 1623 11
159 1623 12
159 1623 13
159 1623 14
159 1623 15
159 1623 16
159 1623 17
159 1623 18
159 1623 19
159 1624 11
159 1624 12
159 1624 13
159 1624 14
159 1624 15
159 1624 16
159 1624 17
159 1624 18
159 1624 19
159 1625 11
159 1625 12
159 1625 13
159 1625 14
159 1625 15
159 1625 16
159 1625 17
159 1625 18
159 1625 19
159 1626 11
159 1626 12
159 1626 13
159 1626 14
159 1626 15
159 1626 16
159 1626 17
159 1626 18
159 1626 19
159 1627 11
159 1627 12
159 1627 13
159 1627 14
159 1627 15
159 1627 16
159 1627 17
159 1627 18
159 1627 19
159 1628 11
159 1628 12
159 1628 13
159 1628 14
159 1628 15
159 1628 16
159 1628 17
159 1628 18
159 1628 19
159 1629 11
159 1629 12
159 1629 13
159 1629 14
159 1629 15
159 1629 16
159 1629 17
159 1629 18
159 1629 19
159 1630 11
159 1630 12
159 1630 13
159 1630 14
159 1630 15
159 1630 16
159 1630 17
159 1630 18
159 1630 19
159 1631 11
159 1631 12
159 1631 13
159 1631 14
159 1631 15
159 1631 16
159 1631 17
159 1631 18
159 1631 19
159 1632 11
159 1632 12
159 1632 13
159 1632 14
159 1632 15
159 1632 16
159 1632 17
159 1632 18
159 1632 19
159 1633 11
159 1633 12
159 1633 13
159 1633 14
159 1633 15
159 1633 16
159 1633 17
159 1633 18
159 1633 19
159 1634 11
159 1634 12
159 1634 13
159 1634 14
159 1634 15
159 1634 16
159 1634 17
159 1634 18
159 1634 19
159 1635 11
159 1635 12
159 1635 13
159 1635 14
159 1635 15
159 1635 16
159 1635 17
159 1635 18
159 1635 19
159 1636 11
159 1636 12
159 1636 13
159 1636 14
159 1636 15
159 1636 16
159 1636 17
159 1636 18
159 1636 19
159 1637 11
159 1637 12
159 1637 13
159 1637 14
159 1637 15
159 1637 16
159 1637 17
159 1637 18
159 1637 19
159 1638 11
159 1638 12
159 1638 13
159 1638 14
159 1638 15
159 1638 16
159 1638 17
159 1638 18
159 1638 19
159 1639 11
159 1639 12
159 1639 13
159 1639 14
159 1639 15
159 1639 16
159 1639 17
159 1639 18
159 1639 19
159 1640 11
159 1640 12
159 1640 13
159 1640 14
159 1640 15
159 1640 16
159 1640 17
159 1640 18
159 1640 19
159 1641 11
159 1641 12
159 1641 13
159 1641 14
159 1641 15
159 1641 16
159 1641 17
159 1641 18
159 1641 19
159 1642 11
159 1642 12
159 1642 13
159 1642 14
159 1642 15
159 1642 16
159 1642 17
159 1642 18
159 1642 19
159 1643 11
159 1643 12
159 1643 13
159 1643 14
159 1643 15
159 1643 16
159 1643 17
159 1643 18
159 1643 19
159 1644 11
159 1644 12
159 1644 13
159 1644 14
159 1644 15
159 1644 16
159 1644 17
159 1644 18
159 1644 19
159 1645 11
159 1645 12
159 1645 13
159 1645 14
159 1645 15
159 1645 16
159 1645 17
159 1645 18
159 1645 19
159 1646 11
159 1646 12
159 1646 13
159 1646 14
159 1646 15
159 1646 16
159 1646 17
159 1646 18
159 1646 19
159 1647 11
159 1647 12
159 1647 13
159 1647 14
159 1647 15
159 1647 16
159 1647 17
159 1647 18
159 1647 19
159 1648 11
159 1648 12
159 1648 13
159 1648 14
159 1648 15
159 1648 16
159 1648 17
159 1648 18
159 1648 19
159 1649 11
159 1649 12
159 1649 13
159 1649 14
159 1649 15
159 1649 16
159 1649 17
159 1649 18
159 1649 19
159 1650 11
159 1650 12
159 1650 13
159 1650 14
159 1650 15
159 1650 16
159 1650 17
159 1650 18
159 1650 19
159 1651 11
159 1651 12
159 1651 13
159 1651 14
159 1651 15
159 1651 16
159 1651 17
159 1651 18
159 1651 19
159 1652 11
159 1652 12
159 1652 13
159 1652 14
159 1652 15
159 1652 16
159 1652 17
159 1652 18
159 1652 19
159 1653 11
159 1653 12
159 1653 13
159 1653 14
159 1653 15
159 1653 16
159 1653 17
159 1653 18
159 1653 19
159 1654 11
159 1654 12
159 1654 13
159 1654 14
159 1654 15
159 1654 16
159 1654 17
159 1654 18
159 1654 19
160 1549 11
160 1549 12
160 1549 13
160 1549 14
160 1549 15
160 1549 16
160 1549 17
160 1549 18
160 1549 19
160 1550 11
160 1550 12
160 1550 13
160 1550 14
160 1550 15
160 1550 16
160 1550 17
160 1550 18
160 1550 19
160 1551 11
160 1551 12
160 1551 13
160 1551 14
160 1551 15
160 1551 16
160 1551 17
160 1551 18
160 1551 19
160 1552 11
160 1552 12
160 1552 13
160 1552 14
160 1552 15
160 1552 16
160 1552 17
160 1552 18
160 1552 19
160 1553 11
160 1553 12
160 1553 13
160 1553 14
160 1553 15
160 1553 16
160 1553 17
160 1553 18
160 1553 19
160 1554 11
160 1554 12
160 1554 13
160 1554 14
160 1554 15
160 1554 16
160 1554 17
160 1554 18
160 1554 19
160 1555 11
160 1555 12
160 1555 13
160 1555 14
160 1555 15
160 1555 16
160 1555 17
160 1555 18
160 1555 19
160 1556 11
160 1556 12
160 1556 13
160 1556 14
160 1556 15
160 1556 16
160 1556 17
160 1556 18
160 1556 19
160 1557 11
160 1557 12
160 1557 13
160 1557 14
160 1557 15
160 1557 16
160 1557 17
160 1557 18
160 1557 19
160 1558 11
160 1558 12
160 1558 13
160 1558 14
160 1558 15
160 1558 16
160 1558 17
160 1558 18
160 1558 19
160 1559 11
160 1559 12
160 1559 13
160 1559 14
160 1559 15
160 1559 16
160 1559 17
160 1559 18
160 1559 19
160 1560 11
160 1560 12
160 1560 13
160 1560 14
160 1560 15
160 1560 16
160 1560 17
160 1560 18
160 1560 19
160 1561 11
160 1561 12
160 1561 13
160 1561 14
160 1561 15
160 1561 16
160 1561 17
160 1561 18
160 1561 19
160 1562 11
160 1562 12
160 1562 13
160 1562 14
160 1562 15
160 1562 16
160 1562 17
160 1562 18
160 1562 19
160 1563 11
160 1563 12
160 1563 13
160 1563 14
160 1563 15
160 1563 16
160 1563 17
160 1563 18
160 1563 19
160 1564 11
160 1564 12
160 1564 13
160 1564 14
160 1564 15
160 1564 16
160 1564 17
160 1564 18
160 1564 19
160 1565 11
160 1565 12
160 1565 13
160 1565 14
160 1565 15
160 1565 16
160 1565 17
160 1565 18
160 1565 19
160 1566 11
160 1566 12
160 1566 13
160 1566 14
160 1566 15
160 1566 16
160 1566 17
160 1566 18
160 1566 19
160 1567 11
160 1567 12
160 1567 13
160 1567 14
160 1567 15
160 1567 16
160 1567 17
160 1567 18
160 1567 19
160 1568 11
160 1568 12
160 1568 13
160 1568 14
160 1568 15
160 1568 16
160 1568 17
160 1568 18
160 1568 19
160 1569 11
160 1569 12
160 1569 13
160 1569 14
160 1569 15
160 1569 16
160 1569 17
160 1569 18
160 1569 19
160 1570 11
160 1570 12
160 1570 13
160 1570 14
160 1570 15
160 1570 16
160 1570 17
160 1570 18
160 1570 19
160 1571 11
160 1571 12
160 1571 13
160 1571 14
160 1571 15
160 1571 16
160 1571 17
160 1571 18
160 1571 19
160 1572 11
160 1572 12
160 1572 13
160 1572 14
160 1572 15
160 1572 16
160 1572 17
160 1572 18
160 1572 19
160 1573 11
160 1573 12
160 1573 13
160 1573 14
160 1573 15
160 1573 16
160 1573 17
160 1573 18
160 1573 19
160 1574 11
160 1574 12
160 1574 13
160 1574 14
160 1574 15
160 1574 16
160 1574 17
160 1574 18
160 1574 19
160 1575 11
160 1575 12
160 1575 13
160 1575 14
160 1575 15
160 1575 16
160 1575 17
160 1575 18
160 1575 19
160 1576 11
160 1576 12
160 1576 13
160 1576 14
160 1576 15
160 1576 16
160 1576 17
160 1576 18
160 1576 19
160 1577 11
160 1577 12
160 1577 13
160 1577 14
160 1577 15
160 1577 16
160 1577 17
160 1577 18
160 1577 19
160 1578 11
160 1578 12
160 1578 13
160 1578 14
160 1578 15
160 1578 16
160 1578 17
160 1578 18
160 1578 19
160 1579 11
160 1579 12
160 1579 13
160 1579 14
160 1579 15
160 1579 16
160 1579 17
160 1579 18
160 1579 19
160 1580 11
160 1580 12
160 1580 13
160 1580 14
160 1580 15
160 1580 16
160 1580 17
160 1580 18
160 1580 19
160 1581 11
160 1581 12
160 1581 13
160 1581 14
160 1581 15
160 1581 16
160 1581 17
160 1581 18
160 1581 19
160 1582 11
160 1582 12
160 1582 13
160 1582 14
160 1582 15
160 1582 16
160 1582 17
160 1582 18
160 1582 19
160 1583 11
160 1583 12
160 1583 13
160 1583 14
160 1583 15
160 1583 16
160 1583 17
160 1583 18
160 1583 19
160 1584 11
160 1584 12
160 1584 13
160 1584 14
160 1584 15
160 1584 16
160 1584 17
160 1584 18
160 1584 19
160 1585 11
160 1585 12
160 1585 13
160 1585 14
160 1585 15
160 1585 16
160 1585 17
160 1585 18
160 1585 19
160 1586 11
160 1586 12
160 1586 13
160 1586 14
160 1586 15
160 1586 16
160 1586 17
160 1586 18
160 1586 19
160 1587 11
160 1587 12
160 1587 13
160 1587 14
160 1587 15
160 1587 16
160 1587 17
160 1587 18
160 1587 19
160 1588 11
160 1588 12
160 1588 13
160 1588 14
160 1588 15
160 1588 16
160 1588 17
160 1588 18
160 1588 19
160 1589 11
160 1589 12
160 1589 13
160 1589 14
160 1589 15
160 1589 16
160 1589 17
160 1589 18
160 1589 19
160 1590 11
160 1590 12
160 1590 13
160 1590 14
160 1590 15
160 1590 16
160 1590 17
160 1590 18
160 1590 19
160 1591 11
160 1591 12
160 1591 13
160 1591 14
160 1591 15
160 1591 16
160 1591 17
160 1591 18
160 1591 19
160 1592 11
160 1592 12
160 1592 13
160 1592 14
160 1592 15
160 1592 16
160 1592 17
160 1592 18
160 1592 19
160 1593 11
160 1593 12
160 1593 13
160 1593 14
160 1593 15
160 1593 16
160 1593 17
160 1593 18
160 1593 19
160 1594 11
160 1594 12
160 1594 13
160 1594 14
160 1594 15
160 1594 16
160 1594 17
160 1594 18
160 1594 19
160 1595 11
160 1595 12
160 1595 13
160 1595 14
160 1595 15
160 1595 16
160 1595 17
160 1595 18
160 1595 19
160 1596 11
160 1596 12
160 1596 13
160 1596 14
160 1596 15
160 1596 16
160 1596 17
160 1596 18
160 1596 19
160 1597 11
160 1597 12
160 1597 13
160 1597 14
160 1597 15
160 1597 16
160 1597 17
160 1597 18
160 1597 19
160 1598 11
160 1598 12
160 1598 13
160 1598 14
160 1598 15
160 1598 16
160 1598 17
160 1598 18
160 1598 19
160 1599 11
160 1599 12
160 1599 13
160 1599 14
160 1599 15
160 1599 16
160 1599 17
160 1599 18
160 1599 19
160 1600 11
160 1600 12
160 1600 13
160 1600 14
160 1600 15
160 1600 16
160 1600 17
160 1600 18
160 1600 19
160 1601 11
160 1601 12
160 1601 13
160 1601 14
160 1601 15
160 1601 16
160 1601 17
160 1601 18
160 1601 19
160 1602 11
160 1602 12
160 1602 13
160 1602 14
160 1602 15
160 1602 16
160 1602 17
160 1602 18
160 1602 19
160 1603 11
160 1603 12
160 1603 13
160 1603 14
160 1603 15
160 1603 16
160 1603 17
160 1603 18
160 1603 19
160 1604 11
160 1604 12
160 1604 13
160 1604 14
160 1604 15
160 1604 16
160 1604 17
160 1604 18
160 1604 19
160 1605 11
160 1605 12
160 1605 13
160 1605 14
160 1605 15
160 1605 16
160 1605 17
160 1605 18
160 1605 19
160 1606 11
160 1606 12
160 1606 13
160 1606 14
160 1606 15
160 1606 16
160 1606 17
160 1606 18
160 1606 19
160 1607 11
160 1607 12
160 1607 13
160 1607 14
160 1607 15
160 1607 16
160 1607 17
160 1607 18
160 1607 19
160 1608 11
160 1608 12
160 1608 13
160 1608 14
160 1608 15
160 1608 16
160 1608 17
160 1608 18
160 1608 19
160 1609 11
160 1609 12
160 1609 13
160 1609 14
160 1609 15
160 1609 16
160 1609 17
160 1609 18
160 1609 19
160 1610 11
160 1610 12
160 1610 13
160 1610 14
160 1610 15
160 1610 16
160 1610 17
160 1610 18
160 1610 19
160 1611 11
160 1611 12
160 1611 13
160 1611 14
160 1611 15
160 1611 16
160 1611 17
160 1611 18
160 1611 19
160 1612 11
160 1612 12
160 1612 13
160 1612 14
160 1612 15
160 1612 16
160 1612 17
160 1612 18
160 1612 19
160 1613 11
160 1613 12
160 1613 13
160 1613 14
160 1613 15
160 1613 16
160 1613 17
160 1613 18
160 1613 19
160 1614 11
160 1614 12
160 1614 13
160 1614 14
160 1614 15
160 1614 16
160 1614 17
160 1614 18
160 1614 19
160 1615 11
160 1615 12
160 1615 13
160 1615 14
160 1615 15
160 1615 16
160 1615 17
160 1615 18
160 1615 19
160 1616 11
160 1616 12
160 1616 13
160 1616 14
160 1616 15
160 1616 16
160 1616 17
160 1616 18
160 1616 19
160 1617 11
160 1617 12
160 1617 13
160 1617 14
160 1617 15
160 1617 16
160 1617 17
160 1617 18
160 1617 19
160 1618 11
160 1618 12
160 1618 13
160 1618 14
160 1618 15
160 1618 16
160 1618 17
160 1618 18
160 1618 19
160 1619 11
160 1619 12
160 1619 13
160 1619 14
160 1619 15
160 1619 16
160 1619 17
160 1619 18
160 1619 19
160 1620 11
160 1620 12
160 1620 13
160 1620 14
160 1620 15
160 1620 16
160 1620 17
160 1620 18
160 1620 19
160 1621 11
160 1621 12
160 1621 13
160 1621 14
160 1621 15
160 1621 16
160 1621 17
160 1621 18
160 1621 19
160 1622 11
160 1622 12
160 1622 13
160 1622 14
160 1622 15
160 1622 16
160 1622 17
160 1622 18
160 1622 19
160 1623 11
160 1623 12
160 1623 13
160 1623 14
160 1623 15
160 1623 16
160 1623 17
160 1623 18
160 1623 19
160 1624 11
160 1624 12
160 1624 13
160 1624 14
160 1624 15
160 1624 16
160 1624 17
160 1624 18
160 1624 19
160 1625 11
160 1625 12
160 1625 13
160 1625 14
160 1625 15
160 1625 16
160 1625 17
160 1625 18
160 1625 19
160 1626 11
160 1626 12
160 1626 13
160 1626 14
160 1626 15
160 1626 16
160 1626 17
160 1626 18
160 1626 19
160 1627 11
160 1627 12
160 1627 13
160 1627 14
160 1627 15
160 1627 16
160 1627 17
160 1627 18
160 1627 19
160 1628 11
160 1628 12
160 1628 13
160 1628 14
160 1628 15
160 1628 16
160 1628 17
160 1628 18
160 1628 19
160 1629 11
160 1629 12
160 1629 13
160 1629 14
160 1629 15
160 1629 16
160 1629 17
160 1629 18
160 1629 19
160 1630 11
160 1630 12
160 1630 13
160 1630 14
160 1630 15
160 1630 16
160 1630 17
160 1630 18
160 1630 19
160 1631 11
160 1631 12
160 1631 13
160 1631 14
160 1631 15
160 1631 16
160 1631 17
160 1631 18
160 1631 19
160 1632 11
160 1632 12
160 1632 13
160 1632 14
160 1632 15
160 1632 16
160 1632 17
160 1632 18
160 1632 19
160 1633 11
160 1633 12
160 1633 13
160 1633 14
160 1633 15
160 1633 16
160 1633 17
160 1633 18
160 1633 19
160 1634 11
160 1634 12
160 1634 13
160 1634 14
160 1634 15
160 1634 16
160 1634 17
160 1634 18
160 1634 19
160 1635 11
160 1635 12
160 1635 13
160 1635 14
160 1635 15
160 1635 16
160 1635 17
160 1635 18
160 1635 19
160 1636 11
160 1636 12
160 1636 13
160 1636 14
160 1636 15
160 1636 16
160 1636 17
160 1636 18
160 1636 19
160 1637 11
160 1637 12
160 1637 13
160 1637 14
160 1637 15
160 1637 16
160 1637 17
160 1637 18
160 1637 19
160 1638 11
160 1638 12
160 1638 13
160 1638 14
160 1638 15
160 1638 16
160 1638 17
160 1638 18
160 1638 19
160 1639 11
160 1639 12
160 1639 13
160 1639 14
160 1639 15
160 1639 16
160 1639 17
160 1639 18
160 1639 19
160 1640 11
160 1640 12
160 1640 13
160 1640 14
160 1640 15
160 1640 16
160 1640 17
160 1640 18
160 1640 19
160 1641 11
160 1641 12
160 1641 13
160 1641 14
160 1641 15
160 1641 16
160 1641 17
160 1641 18
160 1641 19
160 1642 11
160 1642 12
160 1642 13
160 1642 14
160 1642 15
160 1642 16
160 1642 17
160 1642 18
160 1642 19
160 1643 11
160 1643 12
160 1643 13
160 1643 14
160 1643 15
160 1643 16
160 1643 17
160 1643 18
160 1643 19
160 1644 11
160 1644 12
160 1644 13
160 1644 14
160 1644 15
160 1644 16
160 1644 17
160 1644 18
160 1644 19
160 1645 11
160 1645 12
160 1645 13
160 1645 14
160 1645 15
160 1645 16
160 1645 17
160 1645 18
160 1645 19
160 1646 11
160 1646 12
160 1646 13
160 1646 14
160 1646 15
160 1646 16
160 1646 17
160 1646 18
160 1646 19
160 1647 11
160 1647 12
160 1647 13
160 1647 14
160 1647 15
160 1647 16
160 1647 17
160 1647 18
160 1647 19
160 1648 11
160 1648 12
160 1648 13
160 1648 14
160 1648 15
160 1648 16
160 1648 17
160 1648 18
160 1648 19
160 1649 11
160 1649 12
160 1649 13
160 1649 14
160 1649 15
160 1649 16
160 1649 17
160 1649 18
160 1649 19
160 1650 11
160 1650 12
160 1650 13
160 1650 14
160 1650 15
160 1650 16
160 1650 17
160 1650 18
160 1650 19
160 1651 11
160 1651 12
160 1651 13
160 1651 14
160 1651 15
160 1651 16
160 1651 17
160 1651 18
160 1651 19
160 1652 11
160 1652 12
160 1652 13
160 1652 14
160 1652 15
160 1652 16
160 1652 17
160 1652 18
160 1652 19
161 1550 11
161 1550 12
161 1550 13
161 1550 14
161 1550 15
161 1550 16
161 1550 17
161 1550 18
161 1550 19
161 1551 11
161 1551 12
161 1551 13
161 1551 14
161 1551 15
161 1551 16
161 1551 17
161 1551 18
161 1551 19
161 1552 11
161 1552 12
161 1552 13
161 1552 14
161 1552 15
161 1552 16
161 1552 17
161 1552 18
161 1552 19
161 1553 11
161 1553 12
161 1553 13
161 1553 14
161 1553 15
161 1553 16
161 1553 17
161 1553 18
161 1553 19
161 1554 11
161 1554 12
161 1554 13
161 1554 14
161 1554 15
161 1554 16
161 1554 17
161 1554 18
161 1554 19
161 1555 11
161 1555 12
161 1555 13
161 1555 14
161 1555 15
161 1555 16
161 1555 17
161 1555 18
161 1555 19
161 1556 11
161 1556 12
161 1556 13
161 1556 14
161 1556 15
161 1556 16
161 1556 17
161 1556 18
161 1556 19
161 1557 11
161 1557 12
161 1557 13
161 1557 14
161 1557 15
161 1557 16
161 1557 17
161 1557 18
161 1557 19
161 1558 11
161 1558 12
161 1558 13
161 1558 14
161 1558 15
161 1558 16
161 1558 17
161 1558 18
161 1558 19
161 1559 11
161 1559 12
161 1559 13
161 1559 14
161 1559 15
161 1559 16
161 1559 17
161 1559 18
161 1559 19
161 1560 11
161 1560 12
161 1560 13
161 1560 14
161 1560 15
161 1560 16
161 1560 17
161 1560 18
161 1560 19
161 1561 11
161 1561 12
161 1561 13
161 1561 14
161 1561 15
161 1561 16
161 1561 17
161 1561 18
161 1561 19
161 1562 11
161 1562 12
161 1562 13
161 1562 14
161 1562 15
161 1562 16
161 1562 17
161 1562 18
161 1562 19
161 1563 11
161 1563 12
161 1563 13
161 1563 14
161 1563 15
161 1563 16
161 1563 17
161 1563 18
161 1563 19
161 1564 11
161 1564 12
161 1564 13
161 1564 14
161 1564 15
161 1564 16
161 1564 17
161 1564 18
161 1564 19
161 1565 11
161 1565 12
161 1565 13
161 1565 14
161 1565 15
161 1565 16
161 1565 17
161 1565 18
161 1565 19
161 1566 11
161 1566 12
161 1566 13
161 1566 14
161 1566 15
161 1566 16
161 1566 17
161 1566 18
161 1566 19
161 1567 11
161 1567 12
161 1567 13
161 1567 14
161 1567 15
161 1567 16
161 1567 17
161 1567 18
161 1567 19
161 1568 11
161 1568 12
161 1568 13
161 1568 14
161 1568 15
161 1568 16
161 1568 17
161 1568 18
161 1568 19
161 1569 11
161 1569 12
161 1569 13
161 1569 14
161 1569 15
161 1569 16
161 1569 17
161 1569 18
161 1569 19
161 1570 11
161 1570 12
161 1570 13
161 1570 14
161 1570 15
161 1570 16
161 1570 17
161 1570 18
161 1570 19
161 1571 11
161 1571 12
161 1571 13
161 1571 14
161 1571 15
161 1571 16
161 1571 17
161 1571 18
161 1571 19
161 1572 11
161 1572 12
161 1572 13
161 1572 14
161 1572 15
161 1572 16
161 1572 17
161 1572 18
161 1572 19
161 1573 11
161 1573 12
161 1573 13
161 1573 14
161 1573 15
161 1573 16
161 1573 17
161 1573 18
161 1573 19
161 1574 11
161 1574 12
161 1574 13
161 1574 14
161 1574 15
161 1574 16
161 1574 17
161 1574 18
161 1574 19
161 1575 11
161 1575 12
161 1575 13
161 1575 14
161 1575 15
161 1575 16
161 1575 17
161 1575 18
161 1575 19
161 1576 11
161 1576 12
161 1576 13
161 1576 14
161 1576 15
161 1576 16
161 1576 17
161 1576 18
161 1576 19
161 1577 11
161 1577 12
161 1577 13
161 1577 14
161 1577 15
161 1577 16
161 1577 17
161 1577 18
161 1577 19
161 1578 11
161 1578 12
161 1578 13
161 1578 14
161 1578 15
161 1578 16
161 1578 17
161 1578 18
161 1578 19
161 1579 11
161 1579 12
161 1579 13
161 1579 14
161 1579 15
161 1579 16
161 1579 17
161 1579 18
161 1579 19
161 1580 11
161 1580 12
161 1580 13
161 1580 14
161 1580 15
161 1580 16
161 1580 17
161 1580 18
161 1580 19
161 1581 11
161 1581 12
161 1581 13
161 1581 14
161 1581 15
161 1581 16
161 1581 17
161 1581 18
161 1581 19
161 1582 11
161 1582 12
161 1582 13
161 1582 14
161 1582 15
161 1582 16
161 1582 17
161 1582 18
161 1582 19
161 1583 11
161 1583 12
161 1583 13
161 1583 14
161 1583 15
161 1583 16
161 1583 17
161 1583 18
161 1583 19
161 1584 11
161 1584 12
161 1584 13
161 1584 14
161 1584 15
161 1584 16
161 1584 17
161 1584 18
161 1584 19
161 1585 11
161 1585 12
161 1585 13
161 1585 14
161 1585 15
161 1585 16
161 1585 17
161 1585 18
161 1585 19
161 1586 11
161 1586 12
161 1586 13
161 1586 14
161 1586 15
161 1586 16
161 1586 17
161 1586 18
161 1586 19
161 1587 11
161 1587 12
161 1587 13
161 1587 14
161 1587 15
161 1587 16
161 1587 17
161 1587 18
161 1587 19
161 1588 11
161 1588 12
161 1588 13
161 1588 14
161 1588 15
161 1588 16
161 1588 17
161 1588 18
161 1588 19
161 1589 11
161 1589 12
161 1589 13
161 1589 14
161 1589 15
161 1589 16
161 1589 17
161 1589 18
161 1589 19
161 1590 11
161 1590 12
161 1590 13
161 1590 14
161 1590 15
161 1590 16
161 1590 17
161 1590 18
161 1590 19
161 1591 11
161 1591 12
161 1591 13
161 1591 14
161 1591 15
161 1591 16
161 1591 17
161 1591 18
161 1591 19
161 1592 11
161 1592 12
161 1592 13
161 1592 14
161 1592 15
161 1592 16
161 1592 17
161 1592 18
161 1592 19
161 1593 11
161 1593 12
161 1593 13
161 1593 14
161 1593 15
161 1593 16
161 1593 17
161 1593 18
161 1593 19
161 1594 11
161 1594 12
161 1594 13
161 1594 14
161 1594 15
161 1594 16
161 1594 17
161 1594 18
161 1594 19
161 1595 11
161 1595 12
161 1595 13
161 1595 14
161 1595 15
161 1595 16
161 1595 17
161 1595 18
161 1595 19
161 1596 11
161 1596 12
161 1596 13
161 1596 14
161 1596 15
161 1596 16
161 1596 17
161 1596 18
161 1596 19
161 1597 11
161 1597 12
161 1597 13
161 1597 14
161 1597 15
161 1597 16
161 1597 17
161 1597 18
161 1597 19
161 1598 11
161 1598 12
161 1598 13
161 1598 14
161 1598 15
161 1598 16
161 1598 17
161 1598 18
161 1598 19
161 1599 11
161 1599 12
161 1599 13
161 1599 14
161 1599 15
161 1599 16
161 1599 17
161 1599 18
161 1599 19
161 1600 11
161 1600 12
161 1600 13
161 1600 14
161 1600 15
161 1600 16
161 1600 17
161 1600 18
161 1600 19
161 1601 11
161 1601 12
161 1601 13
161 1601 14
161 1601 15
161 1601 16
161 1601 17
161 1601 18
161 1601 19
161 1602 11
161 1602 12
161 1602 13
161 1602 14
161 1602 15
161 1602 16
161 1602 17
161 1602 18
161 1602 19
161 1603 11
161 1603 12
161 1603 13
161 1603 14
161 1603 15
161 1603 16
161 1603 17
161 1603 18
161 1603 19
161 1604 11
161 1604 12
161 1604 13
161 1604 14
161 1604 15
161 1604 16
161 1604 17
161 1604 18
161 1604 19
161 1605 11
161 1605 12
161 1605 13
161 1605 14
161 1605 15
161 1605 16
161 1605 17
161 1605 18
161 1605 19
161 1606 11
161 1606 12
161 1606 13
161 1606 14
161 1606 15
161 1606 16
161 1606 17
161 1606 18
161 1606 19
161 1607 11
161 1607 12
161 1607 13
161 1607 14
161 1607 15
161 1607 16
161 1607 17
161 1607 18
161 1607 19
161 1608 11
161 1608 12
161 1608 13
161 1608 14
161 1608 15
161 1608 16
161 1608 17
161 1608 18
161 1608 19
161 1609 11
161 1609 12
161 1609 13
161 1609 14
161 1609 15
161 1609 16
161 1609 17
161 1609 18
161 1609 19
161 1610 11
161 1610 12
161 1610 13
161 1610 14
161 1610 15
161 1610 16
161 1610 17
161 1610 18
161 1610 19
161 1611 11
161 1611 12
161 1611 13
161 1611 14
161 1611 15
161 1611 16
161 1611 17
161 1611 18
161 1611 19
161 1612 11
161 1612 12
161 1612 13
161 1612 14
161 1612 15
161 1612 16
161 1612 17
161 1612 18
161 1612 19
161 1613 11
161 1613 12
161 1613 13
161 1613 14
161 1613 15
161 1613 16
161 1613 17
161 1613 18
161 1613 19
161 1614 11
161 1614 12
161 1614 13
161 1614 14
161 1614 15
161 1614 16
161 1614 17
161 1614 18
161 1614 19
161 1615 11
161 1615 12
161 1615 13
161 1615 14
161 1615 15
161 1615 16
161 1615 17
161 1615 18
161 1615 19
161 1616 11
161 1616 12
161 1616 13
161 1616 14
161 1616 15
161 1616 16
161 1616 17
161 1616 18
161 1616 19
161 1617 11
161 1617 12
161 1617 13
161 1617 14
161 1617 15
161 1617 16
161 1617 17
161 1617 18
161 1617 19
161 1618 11
161 1618 12
161 1618 13
161 1618 14
161 1618 15
161 1618 16
161 1618 17
161 1618 18
161 1618 19
161 1619 11
161 1619 12
161 1619 13
161 1619 14
161 1619 15
161 1619 16
161 1619 17
161 1619 18
161 1619 19
161 1620 11
161 1620 12
161 1620 13
161 1620 14
161 1620 15
161 1620 16
161 1620 17
161 1620 18
161 1620 19
161 1621 11
161 1621 12
161 1621 13
161 1621 14
161 1621 15
161 1621 16
161 1621 17
161 1621 18
161 1621 19
161 1622 11
161 1622 12
161 1622 13
161 1622 14
161 1622 15
161 1622 16
161 1622 17
161 1622 18
161 1622 19
161 1623 11
161 1623 12
161 1623 13
161 1623 14
161 1623 15
161 1623 16
161 1623 17
161 1623 18
161 1623 19
161 1624 11
161 1624 12
161 1624 13
161 1624 14
161 1624 15
161 1624 16
161 1624 17
161 1624 18
161 1624 19
161 1625 11
161 1625 12
161 1625 13
161 1625 14
161 1625 15
161 1625 16
161 1625 17
161 1625 18
161 1625 19
161 1626 11
161 1626 12
161 1626 13
161 1626 14
161 1626 15
161 1626 16
161 1626 17
161 1626 18
161 1626 19
161 1627 11
161 1627 12
161 1627 13
161 1627 14
161 1627 15
161 1627 16
161 1627 17
161 1627 18
161 1627 19
161 1628 11
161 1628 12
161 1628 13
161 1628 14
161 1628 15
161 1628 16
161 1628 17
161 1628 18
161 1628 19
161 1629 11
161 1629 12
161 1629 13
161 1629 14
161 1629 15
161 1629 16
161 1629 17
161 1629 18
161 1629 19
161 1630 11
161 1630 12
161 1630 13
161 1630 14
161 1630 15
161 1630 16
161 1630 17
161 1630 18
161 1630 19
161 1631 11
161 1631 12
161 1631 13
161 1631 14
161 1631 15
161 1631 16
161 1631 17
161 1631 18
161 1631 19
161 1632 11
161 1632 12
161 1632 13
161 1632 14
161 1632 15
161 1632 16
161 1632 17
161 1632 18
161 1632 19
161 1633 11
161 1633 12
161 1633 13
161 1633 14
161 1633 15
161 1633 16
161 1633 17
161 1633 18
161 1633 19
161 1634 11
161 1634 12
161 1634 13
161 1634 14
161 1634 15
161 1634 16
161 1634 17
161 1634 18
161 1634 19
161 1635 11
161 1635 12
161 1635 13
161 1635 14
161 1635 15
161 1635 16
161 1635 17
161 1635 18
161 1635 19
161 1636 11
161 1636 12
161 1636 13
161 1636 14
161 1636 15
161 1636 16
161 1636 17
161 1636 18
161 1636 19
161 1637 11
161 1637 12
161 1637 13
161 1637 14
161 1637 15
161 1637 16
161 1637 17
161 1637 18
161 1637 19
161 1638 11
161 1638 12
161 1638 13
161 1638 14
161 1638 15
161 1638 16
161 1638 17
161 1638 18
161 1638 19
161 1639 11
161 1639 12
161 1639 13
161 1639 14
161 1639 15
161 1639 16
161 1639 17
161 1639 18
161 1639 19
161 1640 11
161 1640 12
161 1640 13
161 1640 14
161 1640 15
161 1640 16
161 1640 17
161 1640 18
161 1640 19
161 1641 11
161 1641 12
161 1641 13
161 1641 14
161 1641 15
161 1641 16
161 1641 17
161 1641 18
161 1641 19
161 1642 11
161 1642 12
161 1642 13
161 1642 14
161 1642 15
161 1642 16
161 1642 17
161 1642 18
161 1642 19
161 1643 11
161 1643 12
161 1643 13
161 1643 14
161 1643 15
161 1643 16
161 1643 17
161 1643 18
161 1643 19
161 1644 11
161 1644 12
161 1644 13
161 1644 14
161 1644 15
161 1644 16
161 1644 17
161 1644 18
161 1644 19
161 1645 11
161 1645 12
161 1645 13
161 1645 14
161 1645 15
161 1645 16
161 1645 17
161 1645 18
161 1645 19
161 1646 11
161 1646 12
161 1646 13
161 1646 14
161 1646 15
161 1646 16
161 1646 17
161 1646 18
161 1646 19
161 1647 11
161 1647 12
161 1647 13
161 1647 14
161 1647 15
161 1647 16
161 1647 17
161 1647 18
161 1647 19
161 1648 11
161 1648 12
161 1648 13
161 1648 14
161 1648 15
161 1648 16
161 1648 17
161 1648 18
161 1648 19
161 1649 11
161 1649 12
161 1649 13
161 1649 14
161 1649 15
161 1649 16
161 1649 17
161 1649 18
161 1649 19
161 1650 11
161 1650 12
161 1650 13
161 1650 14
161 1650 15
161 1650 16
161 1650 17
161 1650 18
161 1650 19
161 1651 11
161 1651 12
161 1651 13
161 1651 14
161 1651 15
161 1651 16
161 1651 17
161 1651 18
161 1651 19
162 1552 11
162 1552 12
162 1552 13
162 1552 14
162 1552 15
162 1552 16
162 1552 17
162 1552 18
162 1552 19
162 1553 11
162 1553 12
162 1553 13
162 1553 14
162 1553 15
162 1553 16
162 1553 17
162 1553 18
162 1553 19
162 1554 11
162 1554 12
162 1554 13
162 1554 14
162 1554 15
162 1554 16
162 1554 17
162 1554 18
162 1554 19
162 1555 11
162 1555 12
162 1555 13
162 1555 14
162 1555 15
162 1555 16
162 1555 17
162 1555 18
162 1555 19
162 1556 11
162 1556 12
162 1556 13
162 1556 14
162 1556 15
162 1556 16
162 1556 17
162 1556 18
162 1556 19
162 1557 11
162 1557 12
162 1557 13
162 1557 14
162 1557 15
162 1557 16
162 1557 17
162 1557 18
162 1557 19
162 1558 11
162 1558 12
162 1558 13
162 1558 14
162 1558 15
162 1558 16
162 1558 17
162 1558 18
162 1558 19
162 1559 11
162 1559 12
162 1559 13
162 1559 14
162 1559 15
162 1559 16
162 1559 17
162 1559 18
162 1559 19
162 1560 11
162 1560 12
162 1560 13
162 1560 14
162 1560 15
162 1560 16
162 1560 17
162 1560 18
162 1560 19
162 1561 11
162 1561 12
162 1561 13
162 1561 14
162 1561 15
162 1561 16
162 1561 17
162 1561 18
162 1561 19
162 1562 11
162 1562 12
162 1562 13
162 1562 14
162 1562 15
162 1562 16
162 1562 17
162 1562 18
162 1562 19
162 1563 11
162 1563 12
162 1563 13
162 1563 14
162 1563 15
162 1563 16
162 1563 17
162 1563 18
162 1563 19
162 1564 11
162 1564 12
162 1564 13
162 1564 14
162 1564 15
162 1564 16
162 1564 17
162 1564 18
162 1564 19
162 1565 11
162 1565 12
162 1565 13
162 1565 14
162 1565 15
162 1565 16
162 1565 17
162 1565 18
162 1565 19
162 1566 11
162 1566 12
162 1566 13
162 1566 14
162 1566 15
162 1566 16
162 1566 17
162 1566 18
162 1566 19
162 1567 11
162 1567 12
162 1567 13
162 1567 14
162 1567 15
162 1567 16
162 1567 17
162 1567 18
162 1567 19
162 1568 11
162 1568 12
162 1568 13
162 1568 14
162 1568 15
162 1568 16
162 1568 17
162 1568 18
162 1568 19
162 1569 11
162 1569 12
162 1569 13
162 1569 14
162 1569 15
162 1569 16
162 1569 17
162 1569 18
162 1569 19
162 1570 11
162 1570 12
162 1570 13
162 1570 14
162 1570 15
162 1570 16
162 1570 17
162 1570 18
162 1570 19
162 1571 11
162 1571 12
162 1571 13
162 1571 14
162 1571 15
162 1571 16
162 1571 17
162 1571 18
162 1571 19
162 1572 11
162 1572 12
162 1572 13
162 1572 14
162 1572 15
162 1572 16
162 1572 17
162 1572 18
162 1572 19
162 1573 11
162 1573 12
162 1573 13
162 1573 14
162 1573 15
162 1573 16
162 1573 17
162 1573 18
162 1573 19
162 1574 11
162 1574 12
162 1574 13
162 1574 14
162 1574 15
162 1574 16
162 1574 17
162 1574 18
162 1574 19
162 1575 11
162 1575 12
162 1575 13
162 1575 14
162 1575 15
162 1575 16
162 1575 17
162 1575 18
162 1575 19
162 1576 11
162 1576 12
162 1576 13
162 1576 14
162 1576 15
162 1576 16
162 1576 17
162 1576 18
162 1576 19
162 1577 11
162 1577 12
162 1577 13
162 1577 14
162 1577 15
162 1577 16
162 1577 17
162 1577 18
162 1577 19
162 1578 11
162 1578 12
162 1578 13
162 1578 14
162 1578 15
162 1578 16
162 1578 17
162 1578 18
162 1578 19
162 1579 11
162 1579 12
162 1579 13
162 1579 14
162 1579 15
162 1579 16
162 1579 17
162 1579 18
162 1579 19
162 1580 11
162 1580 12
162 1580 13
162 1580 14
162 1580 15
162 1580 16
162 1580 17
162 1580 18
162 1580 19
162 1581 11
162 1581 12
162 1581 13
162 1581 14
162 1581 15
162 1581 16
162 1581 17
162 1581 18
162 1581 19
162 1582 11
162 1582 12
162 1582 13
162 1582 14
162 1582 15
162 1582 16
162 1582 17
162 1582 18
162 1582 19
162 1583 11
162 1583 12
162 1583 13
162 1583 14
162 1583 15
162 1583 16
162 1583 17
162 1583 18
162 1583 19
162 1584 11
162 1584 12
162 1584 13
162 1584 14
162 1584 15
162 1584 16
162 1584 17
162 1584 18
162 1584 19
162 1585 11
162 1585 12
162 1585 13
162 1585 14
162 1585 15
162 1585 16
162 1585 17
162 1585 18
162 1585 19
162 1586 11
162 1586 12
162 1586 13
162 1586 14
162 1586 15
162 1586 16
162 1586 17
162 1586 18
162 1586 19
162 1587 11
162 1587 12
162 1587 13
162 1587 14
162 1587 15
162 1587 16
162 1587 17
162 1587 18
162 1587 19
162 1588 11
162 1588 12
162 1588 13
162 1588 14
162 1588 15
162 1588 16
162 1588 17
162 1588 18
162 1588 19
162 1589 11
162 1589 12
162 1589 13
162 1589 14
162 1589 15
162 1589 16
162 1589 17
162 1589 18
162 1589 19
162 1590 11
162 1590 12
162 1590 13
162 1590 14
162 1590 15
162 1590 16
162 1590 17
162 1590 18
162 1590 19
162 1591 11
162 1591 12
162 1591 13
162 1591 14
162 1591 15
162 1591 16
162 1591 17
162 1591 18
162 1591 19
162 1592 11
162 1592 12
162 1592 13
162 1592 14
162 1592 15
162 1592 16
162 1592 17
162 1592 18
162 1592 19
162 1593 11
162 1593 12
162 1593 13
162 1593 14
162 1593 15
162 1593 16
162 1593 17
162 1593 18
162 1593 19
162 1594 11
162 1594 12
162 1594 13
162 1594 14
162 1594 15
162 1594 16
162 1594 17
162 1594 18
162 1594 19
162 1595 11
162 1595 12
162 1595 13
162 1595 14
162 1595 15
162 1595 16
162 1595 17
162 1595 18
162 1595 19
162 1596 11
162 1596 12
162 1596 13
162 1596 14
162 1596 15
162 1596 16
162 1596 17
162 1596 18
162 1596 19
162 1597 11
162 1597 12
162 1597 13
162 1597 14
162 1597 15
162 1597 16
162 1597 17
162 1597 18
162 1597 19
162 1598 11
162 1598 12
162 1598 13
162 1598 14
162 1598 15
162 1598 16
162 1598 17
162 1598 18
162 1598 19
162 1599 11
162 1599 12
162 1599 13
162 1599 14
162 1599 15
162 1599 16
162 1599 17
162 1599 18
162 1599 19
162 1600 11
162 1600 12
162 1600 13
162 1600 14
162 1600 15
162 1600 16
162 1600 17
162 1600 18
162 1600 19
162 1601 11
162 1601 12
162 1601 13
162 1601 14
162 1601 15
162 1601 16
162 1601 17
162 1601 18
162 1601 19
162 1602 11
162 1602 12
162 1602 13
162 1602 14
162 1602 15
162 1602 16
162 1602 17
162 1602 18
162 1602 19
162 1603 11
162 1603 12
162 1603 13
162 1603 14
162 1603 15
162 1603 16
162 1603 17
162 1603 18
162 1603 19
162 1604 11
162 1604 12
162 1604 13
162 1604 14
162 1604 15
162 1604 16
162 1604 17
162 1604 18
162 1604 19
162 1605 11
162 1605 12
162 1605 13
162 1605 14
162 1605 15
162 1605 16
162 1605 17
162 1605 18
162 1605 19
162 1606 11
162 1606 12
162 1606 13
162 1606 14
162 1606 15
162 1606 16
162 1606 17
162 1606 18
162 1606 19
162 1607 11
162 1607 12
162 1607 13
162 1607 14
162 1607 15
162 1607 16
162 1607 17
162 1607 18
162 1607 19
162 1608 11
162 1608 12
162 1608 13
162 1608 14
162 1608 15
162 1608 16
162 1608 17
162 1608 18
162 1608 19
162 1609 11
162 1609 12
162 1609 13
162 1609 14
162 1609 15
162 1609 16
162 1609 17
162 1609 18
162 1609 19
162 1610 11
162 1610 12
162 1610 13
162 1610 14
162 1610 15
162 1610 16
162 1610 17
162 1610 18
162 1610 19
162 1611 11
162 1611 12
162 1611 13
162 1611 14
162 1611 15
162 1611 16
162 1611 17
162 1611 18
162 1611 19
162 1612 11
162 1612 12
162 1612 13
162 1612 14
162 1612 15
162 1612 16
162 1612 17
162 1612 18
162 1612 19
162 1613 11
162 1613 12
162 1613 13
162 1613 14
162 1613 15
162 1613 16
162 1613 17
162 1613 18
162 1613 19
162 1614 11
162 1614 12
162 1614 13
162 1614 14
162 1614 15
162 1614 16
162 1614 17
162 1614 18
162 1614 19
162 1615 11
162 1615 12
162 1615 13
162 1615 14
162 1615 15
162 1615 16
162 1615 17
162 1615 18
162 1615 19
162 1616 11
162 1616 12
162 1616 13
162 1616 14
162 1616 15
162 1616 16
162 1616 17
162 1616 18
162 1616 19
162 1617 11
162 1617 12
162 1617 13
162 1617 14
162 1617 15
162 1617 16
162 1617 17
162 1617 18
162 1617 19
162 1618 11
162 1618 12
162 1618 13
162 1618 14
162 1618 15
162 1618 16
162 1618 17
162 1618 18
162 1618 19
162 1619 11
162 1619 12
162 1619 13
162 1619 14
162 1619 15
162 1619 16
162 1619 17
162 1619 18
162 1619 19
162 1620 11
162 1620 12
162 1620 13
162 1620 14
162 1620 15
162 1620 16
162 1620 17
162 1620 18
162 1620 19
162 1621 11
162 1621 12
162 1621 13
162 1621 14
162 1621 15
162 1621 16
162 1621 17
162 1621 18
162 1621 19
162 1622 11
162 1622 12
162 1622 13
162 1622 14
162 1622 15
162 1622 16
162 1622 17
162 1622 18
162 1622 19
162 1623 11
162 1623 12
162 1623 13
162 1623 14
162 1623 15
162 1623 16
162 1623 17
162 1623 18
162 1623 19
162 1624 11
162 1624 12
162 1624 13
162 1624 14
162 1624 15
162 1624 16
162 1624 17
162 1624 18
162 1624 19
162 1625 11
162 1625 12
162 1625 13
162 1625 14
162 1625 15
162 1625 16
162 1625 17
162 1625 18
162 1625 19
162 1626 11
162 1626 12
162 1626 13
162 1626 14
162 1626 15
162 1626 16
162 1626 17
162 1626 18
162 1626 19
162 1627 11
162 1627 12
162 1627 13
162 1627 14
162 1627 15
162 1627 16
162 1627 17
162 1627 18
162 1627 19
162 1628 11
162 1628 12
162 1628 13
162 1628 14
162 1628 15
162 1628 16
162 1628 17
162 1628 18
162 1628 19
162 1629 11
162 1629 12
162 1629 13
162 1629 14
162 1629 15
162 1629 16
162 1629 17
162 1629 18
162 1629 19
162 1630 11
162 1630 12
162 1630 13
162 1630 14
162 1630 15
162 1630 16
162 1630 17
162 1630 18
162 1630 19
162 1631 11
162 1631 12
162 1631 13
162 1631 14
162 1631 15
162 1631 16
162 1631 17
162 1631 18
162 1631 19
162 1632 11
162 1632 12
162 1632 13
162 1632 14
162 1632 15
162 1632 16
162 1632 17
162 1632 18
162 1632 19
162 1633 11
162 1633 12
162 1633 13
162 1633 14
162 1633 15
162 1633 16
162 1633 17
162 1633 18
162 1633 19
162 1634 11
162 1634 12
162 1634 13
162 1634 14
162 1634 15
162 1634 16
162 1634 17
162 1634 18
162 1634 19
162 1635 11
162 1635 12
162 1635 13
162 1635 14
162 1635 15
162 1635 16
162 1635 17
162 1635 18
162 1635 19
162 1636 11
162 1636 12
162 1636 13
162 1636 14
162 1636 15
162 1636 16
162 1636 17
162 1636 18
162 1636 19
162 1637 11
162 1637 12
162 1637 13
162 1637 14
162 1637 15
162 1637 16
162 1637 17
162 1637 18
162 1637 19
162 1638 11
162 1638 12
162 1638 13
162 1638 14
162 1638 15
162 1638 16
162 1638 17
162 1638 18
162 1638 19
162 1639 11
162 1639 12
162 1639 13
162 1639 14
162 1639 15
162 1639 16
162 1639 17
162 1639 18
162 1639 19
162 1640 11
162 1640 12
162 1640 13
162 1640 14
162 1640 15
162 1640 16
162 1640 17
162 1640 18
162 1640 19
162 1641 11
162 1641 12
162 1641 13
162 1641 14
162 1641 15
162 1641 16
162 1641 17
162 1641 18
162 1641 19
162 1642 11
162 1642 12
162 1642 13
162 1642 14
162 1642 15
162 1642 16
162 1642 17
162 1642 18
162 1642 19
162 1643 11
162 1643 12
162 1643 13
162 1643 14
162 1643 15
162 1643 16
162 1643 17
162 1643 18
162 1643 19
162 1644 11
162 1644 12
162 1644 13
162 1644 14
162 1644 15
162 1644 16
162 1644 17
162 1644 18
162 1644 19
162 1645 11
162 1645 12
162 1645 13
162 1645 14
162 1645 15
162 1645 16
162 1645 17
162 1645 18
162 1645 19
162 1646 11
162 1646 12
162 1646 13
162 1646 14
162 1646 15
162 1646 16
162 1646 17
162 1646 18
162 1646 19
162 1647 11
162 1647 12
162 1647 13
162 1647 14
162 1647 15
162 1647 16
162 1647 17
162 1647 18
162 1647 19
162 1648 11
162 1648 12
162 1648 13
162 1648 14
162 1648 15
162 1648 16
162 1648 17
162 1648 18
162 1648 19
162 1649 11
162 1649 12
162 1649 13
162 1649 14
162 1649 15
162 1649 16
162 1649 17
162 1649 18
162 1649 19
163 1554 11
163 1554 12
163 1554 13
163 1554 14
163 1554 15
163 1554 16
163 1554 17
163 1554 18
163 1554 19
163 1555 11
163 1555 12
163 1555 13
163 1555 14
163 1555 15
163 1555 16
163 1555 17
163 1555 18
163 1555 19
163 1556 11
163 1556 12
163 1556 13
163 1556 14
163 1556 15
163 1556 16
163 1556 17
163 1556 18
163 1556 19
163 1557 11
163 1557 12
163 1557 13
163 1557 14
163 1557 15
163 1557 16
163 1557 17
163 1557 18
163 1557 19
163 1558 11
163 1558 12
163 1558 13
163 1558 14
163 1558 15
163 1558 16
163 1558 17
163 1558 18
163 1558 19
163 1559 11
163 1559 12
163 1559 13
163 1559 14
163 1559 15
163 1559 16
163 1559 17
163 1559 18
163 1559 19
163 1560 11
163 1560 12
163 1560 13
163 1560 14
163 1560 15
163 1560 16
163 1560 17
163 1560 18
163 1560 19
163 1561 11
163 1561 12
163 1561 13
163 1561 14
163 1561 15
163 1561 16
163 1561 17
163 1561 18
163 1561 19
163 1562 11
163 1562 12
163 1562 13
163 1562 14
163 1562 15
163 1562 16
163 1562 17
163 1562 18
163 1562 19
163 1563 11
163 1563 12
163 1563 13
163 1563 14
163 1563 15
163 1563 16
163 1563 17
163 1563 18
163 1563 19
163 1564 11
163 1564 12
163 1564 13
163 1564 14
163 1564 15
163 1564 16
163 1564 17
163 1564 18
163 1564 19
163 1565 11
163 1565 12
163 1565 13
163 1565 14
163 1565 15
163 1565 16
163 1565 17
163 1565 18
163 1565 19
163 1566 11
163 1566 12
163 1566 13
163 1566 14
163 1566 15
163 1566 16
163 1566 17
163 1566 18
163 1566 19
163 1567 11
163 1567 12
163 1567 13
163 1567 14
163 1567 15
163 1567 16
163 1567 17
163 1567 18
163 1567 19
163 1568 11
163 1568 12
163 1568 13
163 1568 14
163 1568 15
163 1568 16
163 1568 17
163 1568 18
163 1568 19
163 1569 11
163 1569 12
163 1569 13
163 1569 14
163 1569 15
163 1569 16
163 1569 17
163 1569 18
163 1569 19
163 1570 11
163 1570 12
163 1570 13
163 1570 14
163 1570 15
163 1570 16
163 1570 17
163 1570 18
163 1570 19
163 1571 11
163 1571 12
163 1571 13
163 1571 14
163 1571 15
163 1571 16
163 1571 17
163 1571 18
163 1571 19
163 1572 11
163 1572 12
163 1572 13
163 1572 14
163 1572 15
163 1572 16
163 1572 17
163 1572 18
163 1572 19
163 1573 11
163 1573 12
163 1573 13
163 1573 14
163 1573 15
163 1573 16
163 1573 17
163 1573 18
163 1573 19
163 1574 11
163 1574 12
163 1574 13
163 1574 14
163 1574 15
163 1574 16
163 1574 17
163 1574 18
163 1574 19
163 1575 11
163 1575 12
163 1575 13
163 1575 14
163 1575 15
163 1575 16
163 1575 17
163 1575 18
163 1575 19
163 1576 11
163 1576 12
163 1576 13
163 1576 14
163 1576 15
163 1576 16
163 1576 17
163 1576 18
163 1576 19
163 1577 11
163 1577 12
163 1577 13
163 1577 14
163 1577 15
163 1577 16
163 1577 17
163 1577 18
163 1577 19
163 1578 11
163 1578 12
163 1578 13
163 1578 14
163 1578 15
163 1578 16
163 1578 17
163 1578 18
163 1578 19
163 1579 11
163 1579 12
163 1579 13
163 1579 14
163 1579 15
163 1579 16
163 1579 17
163 1579 18
163 1579 19
163 1580 11
163 1580 12
163 1580 13
163 1580 14
163 1580 15
163 1580 16
163 1580 17
163 1580 18
163 1580 19
163 1581 11
163 1581 12
163 1581 13
163 1581 14
163 1581 15
163 1581 16
163 1581 17
163 1581 18
163 1581 19
163 1582 11
163 1582 12
163 1582 13
163 1582 14
163 1582 15
163 1582 16
163 1582 17
163 1582 18
163 1582 19
163 1583 11
163 1583 12
163 1583 13
163 1583 14
163 1583 15
163 1583 16
163 1583 17
163 1583 18
163 1583 19
163 1584 11
163 1584 12
163 1584 13
163 1584 14
163 1584 15
163 1584 16
163 1584 17
163 1584 18
163 1584 19
163 1585 11
163 1585 12
163 1585 13
163 1585 14
163 1585 15
163 1585 16
163 1585 17
163 1585 18
163 1585 19
163 1586 11
163 1586 12
163 1586 13
163 1586 14
163 1586 15
163 1586 16
163 1586 17
163 1586 18
163 1586 19
163 1587 11
163 1587 12
163 1587 13
163 1587 14
163 1587 15
163 1587 16
163 1587 17
163 1587 18
163 1587 19
163 1588 11
163 1588 12
163 1588 13
163 1588 14
163 1588 15
163 1588 16
163 1588 17
163 1588 18
163 1588 19
163 1589 11
163 1589 12
163 1589 13
163 1589 14
163 1589 15
163 1589 16
163 1589 17
163 1589 18
163 1589 19
163 1590 11
163 1590 12
163 1590 13
163 1590 14
163 1590 15
163 1590 16
163 1590 17
163 1590 18
163 1590 19
163 1591 11
163 1591 12
163 1591 13
163 1591 14
163 1591 15
163 1591 16
163 1591 17
163 1591 18
163 1591 19
163 1592 11
163 1592 12
163 1592 13
163 1592 14
163 1592 15
163 1592 16
163 1592 17
163 1592 18
163 1592 19
163 1593 11
163 1593 12
163 1593 13
163 1593 14
163 1593 15
163 1593 16
163 1593 17
163 1593 18
163 1593 19
163 1594 11
163 1594 12
163 1594 13
163 1594 14
163 1594 15
163 1594 16
163 1594 17
163 1594 18
163 1594 19
163 1595 11
163 1595 12
163 1595 13
163 1595 14
163 1595 15
163 1595 16
163 1595 17
163 1595 18
163 1595 19
163 1596 11
163 1596 12
163 1596 13
163 1596 14
163 1596 15
163 1596 16
163 1596 17
163 1596 18
163 1596 19
163 1597 11
163 1597 12
163 1597 13
163 1597 14
163 1597 15
163 1597 16
163 1597 17
163 1597 18
163 1597 19
163 1598 11
163 1598 12
163 1598 13
163 1598 14
163 1598 15
163 1598 16
163 1598 17
163 1598 18
163 1598 19
163 1599 11
163 1599 12
163 1599 13
163 1599 14
163 1599 15
163 1599 16
163 1599 17
163 1599 18
163 1599 19
163 1600 11
163 1600 12
163 1600 13
163 1600 14
163 1600 15
163 1600 16
163 1600 17
163 1600 18
163 1600 19
163 1601 11
163 1601 12
163 1601 13
163 1601 14
163 1601 15
163 1601 16
163 1601 17
163 1601 18
163 1601 19
163 1602 11
163 1602 12
163 1602 13
163 1602 14
163 1602 15
163 1602 16
163 1602 17
163 1602 18
163 1602 19
163 1603 11
163 1603 12
163 1603 13
163 1603 14
163 1603 15
163 1603 16
163 1603 17
163 1603 18
163 1603 19
163 1604 11
163 1604 12
163 1604 13
163 1604 14
163 1604 15
163 1604 16
163 1604 17
163 1604 18
163 1604 19
163 1605 11
163 1605 12
163 1605 13
163 1605 14
163 1605 15
163 1605 16
163 1605 17
163 1605 18
163 1605 19
163 1606 11
163 1606 12
163 1606 13
163 1606 14
163 1606 15
163 1606 16
163 1606 17
163 1606 18
163 1606 19
163 1607 11
163 1607 12
163 1607 13
163 1607 14
163 1607 15
163 1607 16
163 1607 17
163 1607 18
163 1607 19
163 1608 11
163 1608 12
163 1608 13
163 1608 14
163 1608 15
163 1608 16
163 1608 17
163 1608 18
163 1608 19
163 1609 11
163 1609 12
163 1609 13
163 1609 14
163 1609 15
163 1609 16
163 1609 17
163 1609 18
163 1609 19
163 1610 11
163 1610 12
163 1610 13
163 1610 14
163 1610 15
163 1610 16
163 1610 17
163 1610 18
163 1610 19
163 1611 11
163 1611 12
163 1611 13
163 1611 14
163 1611 15
163 1611 16
163 1611 17
163 1611 18
163 1611 19
163 1612 11
163 1612 12
163 1612 13
163 1612 14
163 1612 15
163 1612 16
163 1612 17
163 1612 18
163 1612 19
163 1613 11
163 1613 12
163 1613 13
163 1613 14
163 1613 15
163 1613 16
163 1613 17
163 1613 18
163 1613 19
163 1614 11
163 1614 12
163 1614 13
163 1614 14
163 1614 15
163 1614 16
163 1614 17
163 1614 18
163 1614 19
163 1615 11
163 1615 12
163 1615 13
163 1615 14
163 1615 15
163 1615 16
163 1615 17
163 1615 18
163 1615 19
163 1616 11
163 1616 12
163 1616 13
163 1616 14
163 1616 15
163 1616 16
163 1616 17
163 1616 18
163 1616 19
163 1617 11
163 1617 12
163 1617 13
163 1617 14
163 1617 15
163 1617 16
163 1617 17
163 1617 18
163 1617 19
163 1618 11
163 1618 12
163 1618 13
163 1618 14
163 1618 15
163 1618 16
163 1618 17
163 1618 18
163 1618 19
163 1619 11
163 1619 12
163 1619 13
163 1619 14
163 1619 15
163 1619 16
163 1619 17
163 1619 18
163 1619 19
163 1620 11
163 1620 12
163 1620 13
163 1620 14
163 1620 15
163 1620 16
163 1620 17
163 1620 18
163 1620 19
163 1621 11
163 1621 12
163 1621 13
163 1621 14
163 1621 15
163 1621 16
163 1621 17
163 1621 18
163 1621 19
163 1622 11
163 1622 12
163 1622 13
163 1622 14
163 1622 15
163 1622 16
163 1622 17
163 1622 18
163 1622 19
163 1623 11
163 1623 12
163 1623 13
163 1623 14
163 1623 15
163 1623 16
163 1623 17
163 1623 18
163 1623 19
163 1624 11
163 1624 12
163 1624 13
163 1624 14
163 1624 15
163 1624 16
163 1624 17
163 1624 18
163 1624 19
163 1625 11
163 1625 12
163 1625 13
163 1625 14
163 1625 15
163 1625 16
163 1625 17
163 1625 18
163 1625 19
163 1626 11
163 1626 12
163 1626 13
163 1626 14
163 1626 15
163 1626 16
163 1626 17
163 1626 18
163 1626 19
163 1627 11
163 1627 12
163 1627 13
163 1627 14
163 1627 15
163 1627 16
163 1627 17
163 1627 18
163 1627 19
163 1628 11
163 1628 12
163 1628 13
163 1628 14
163 1628 15
163 1628 16
163 1628 17
163 1628 18
163 1628 19
163 1629 11
163 1629 12
163 1629 13
163 1629 14
163 1629 15
163 1629 16
163 1629 17
163 1629 18
163 1629 19
163 1630 11
163 1630 12
163 1630 13
163 1630 14
163 1630 15
163 1630 16
163 1630 17
163 1630 18
163 1630 19
163 1631 11
163 1631 12
163 1631 13
163 1631 14
163 1631 15
163 1631 16
163 1631 17
163 1631 18
163 1631 19
163 1632 11
163 1632 12
163 1632 13
163 1632 14
163 1632 15
163 1632 16
163 1632 17
163 1632 18
163 1632 19
163 1633 11
163 1633 12
163 1633 13
163 1633 14
163 1633 15
163 1633 16
163 1633 17
163 1633 18
163 1633 19
163 1634 11
163 1634 12
163 1634 13
163 1634 14
163 1634 15
163 1634 16
163 1634 17
163 1634 18
163 1634 19
163 1635 11
163 1635 12
163 1635 13
163 1635 14
163 1635 15
163 1635 16
163 1635 17
163 1635 18
163 1635 19
163 1636 11
163 1636 12
163 1636 13
163 1636 14
163 1636 15
163 1636 16
163 1636 17
163 1636 18
163 1636 19
163 1637 11
163 1637 12
163 1637 13
163 1637 14
163 1637 15
163 1637 16
163 1637 17
163 1637 18
163 1637 19
163 1638 11
163 1638 12
163 1638 13
163 1638 14
163 1638 15
163 1638 16
163 1638 17
163 1638 18
163 1638 19
163 1639 11
163 1639 12
163 1639 13
163 1639 14
163 1639 15
163 1639 16
163 1639 17
163 1639 18
163 1639 19
163 1640 11
163 1640 12
163 1640 13
163 1640 14
163 1640 15
163 1640 16
163 1640 17
163 1640 18
163 1640 19
163 1641 11
163 1641 12
163 1641 13
163 1641 14
163 1641 15
163 1641 16
163 1641 17
163 1641 18
163 1641 19
163 1642 11
163 1642 12
163 1642 13
163 1642 14
163 1642 15
163 1642 16
163 1642 17
163 1642 18
163 1642 19
163 1643 11
163 1643 12
163 1643 13
163 1643 14
163 1643 15
163 1643 16
163 1643 17
163 1643 18
163 1643 19
163 1644 11
163 1644 12
163 1644 13
163 1644 14
163 1644 15
163 1644 16
163 1644 17
163 1644 18
163 1644 19
163 1645 11
163 1645 12
163 1645 13
163 1645 14
163 1645 15
163 1645 16
163 1645 17
163 1645 18
163 1645 19
163 1646 11
163 1646 12
163 1646 13
163 1646 14
163 1646 15
163 1646 16
163 1646 17
163 1646 18
163 1646 19
163 1647 11
163 1647 12
163 1647 13
163 1647 14
163 1647 15
163 1647 16
163 1647 17
163 1647 18
163 1647 19
164 1555 11
164 1555 12
164 1555 13
164 1555 14
164 1555 15
164 1555 16
164 1555 17
164 1555 18
164 1555 19
164 1556 11
164 1556 12
164 1556 13
164 1556 14
164 1556 15
164 1556 16
164 1556 17
164 1556 18
164 1556 19
164 1557 11
164 1557 12
164 1557 13
164 1557 14
164 1557 15
164 1557 16
164 1557 17
164 1557 18
164 1557 19
164 1558 11
164 1558 12
164 1558 13
164 1558 14
164 1558 15
164 1558 16
164 1558 17
164 1558 18
164 1558 19
164 1559 11
164 1559 12
164 1559 13
164 1559 14
164 1559 15
164 1559 16
164 1559 17
164 1559 18
164 1559 19
164 1560 11
164 1560 12
164 1560 13
164 1560 14
164 1560 15
164 1560 16
164 1560 17
164 1560 18
164 1560 19
164 1561 11
164 1561 12
164 1561 13
164 1561 14
164 1561 15
164 1561 16
164 1561 17
164 1561 18
164 1561 19
164 1562 11
164 1562 12
164 1562 13
164 1562 14
164 1562 15
164 1562 16
164 1562 17
164 1562 18
164 1562 19
164 1563 11
164 1563 12
164 1563 13
164 1563 14
164 1563 15
164 1563 16
164 1563 17
164 1563 18
164 1563 19
164 1564 11
164 1564 12
164 1564 13
164 1564 14
164 1564 15
164 1564 16
164 1564 17
164 1564 18
164 1564 19
164 1565 11
164 1565 12
164 1565 13
164 1565 14
164 1565 15
164 1565 16
164 1565 17
164 1565 18
164 1565 19
164 1566 11
164 1566 12
164 1566 13
164 1566 14
164 1566 15
164 1566 16
164 1566 17
164 1566 18
164 1566 19
164 1567 11
164 1567 12
164 1567 13
164 1567 14
164 1567 15
164 1567 16
164 1567 17
164 1567 18
164 1567 19
164 1568 11
164 1568 12
164 1568 13
164 1568 14
164 1568 15
164 1568 16
164 1568 17
164 1568 18
164 1568 19
164 1569 11
164 1569 12
164 1569 13
164 1569 14
164 1569 15
164 1569 16
164 1569 17
164 1569 18
164 1569 19
164 1570 11
164 1570 12
164 1570 13
164 1570 14
164 1570 15
164 1570 16
164 1570 17
164 1570 18
164 1570 19
164 1571 11
164 1571 12
164 1571 13
164 1571 14
164 1571 15
164 1571 16
164 1571 17
164 1571 18
164 1571 19
164 1572 11
164 1572 12
164 1572 13
164 1572 14
164 1572 15
164 1572 16
164 1572 17
164 1572 18
164 1572 19
164 1573 11
164 1573 12
164 1573 13
164 1573 14
164 1573 15
164 1573 16
164 1573 17
164 1573 18
164 1573 19
164 1574 11
164 1574 12
164 1574 13
164 1574 14
164 1574 15
164 1574 16
164 1574 17
164 1574 18
164 1574 19
164 1575 11
164 1575 12
164 1575 13
164 1575 14
164 1575 15
164 1575 16
164 1575 17
164 1575 18
164 1575 19
164 1576 11
164 1576 12
164 1576 13
164 1576 14
164 1576 15
164 1576 16
164 1576 17
164 1576 18
164 1576 19
164 1577 11
164 1577 12
164 1577 13
164 1577 14
164 1577 15
164 1577 16
164 1577 17
164 1577 18
164 1577 19
164 1578 11
164 1578 12
164 1578 13
164 1578 14
164 1578 15
164 1578 16
164 1578 17
164 1578 18
164 1578 19
164 1579 11
164 1579 12
164 1579 13
164 1579 14
164 1579 15
164 1579 16
164 1579 17
164 1579 18
164 1579 19
164 1580 11
164 1580 12
164 1580 13
164 1580 14
164 1580 15
164 1580 16
164 1580 17
164 1580 18
164 1580 19
164 1581 11
164 1581 12
164 1581 13
164 1581 14
164 1581 15
164 1581 16
164 1581 17
164 1581 18
164 1581 19
164 1582 11
164 1582 12
164 1582 13
164 1582 14
164 1582 15
164 1582 16
164 1582 17
164 1582 18
164 1582 19
164 1583 11
164 1583 12
164 1583 13
164 1583 14
164 1583 15
164 1583 16
164 1583 17
164 1583 18
164 1583 19
164 1584 11
164 1584 12
164 1584 13
164 1584 14
164 1584 15
164 1584 16
164 1584 17
164 1584 18
164 1584 19
164 1585 11
164 1585 12
164 1585 13
164 1585 14
164 1585 15
164 1585 16
164 1585 17
164 1585 18
164 1585 19
164 1586 11
164 1586 12
164 1586 13
164 1586 14
164 1586 15
164 1586 16
164 1586 17
164 1586 18
164 1586 19
164 1587 11
164 1587 12
164 1587 13
164 1587 14
164 1587 15
164 1587 16
164 1587 17
164 1587 18
164 1587 19
164 1588 11
164 1588 12
164 1588 13
164 1588 14
164 1588 15
164 1588 16
164 1588 17
164 1588 18
164 1588 19
164 1589 11
164 1589 12
164 1589 13
164 1589 14
164 1589 15
164 1589 16
164 1589 17
164 1589 18
164 1589 19
164 1590 11
164 1590 12
164 1590 13
164 1590 14
164 1590 15
164 1590 16
164 1590 17
164 1590 18
164 1590 19
164 1591 11
164 1591 12
164 1591 13
164 1591 14
164 1591 15
164 1591 16
164 1591 17
164 1591 18
164 1591 19
164 1592 11
164 1592 12
164 1592 13
164 1592 14
164 1592 15
164 1592 16
164 1592 17
164 1592 18
164 1592 19
164 1593 11
164 1593 12
164 1593 13
164 1593 14
164 1593 15
164 1593 16
164 1593 17
164 1593 18
164 1593 19
164 1594 11
164 1594 12
164 1594 13
164 1594 14
164 1594 15
164 1594 16
164 1594 17
164 1594 18
164 1594 19
164 1595 11
164 1595 12
164 1595 13
164 1595 14
164 1595 15
164 1595 16
164 1595 17
164 1595 18
164 1595 19
164 1596 11
164 1596 12
164 1596 13
164 1596 14
164 1596 15
164 1596 16
164 1596 17
164 1596 18
164 1596 19
164 1597 11
164 1597 12
164 1597 13
164 1597 14
164 1597 15
164 1597 16
164 1597 17
164 1597 18
164 1597 19
164 1598 11
164 1598 12
164 1598 13
164 1598 14
164 1598 15
164 1598 16
164 1598 17
164 1598 18
164 1598 19
164 1599 11
164 1599 12
164 1599 13
164 1599 14
164 1599 15
164 1599 16
164 1599 17
164 1599 18
164 1599 19
164 1600 11
164 1600 12
164 1600 13
164 1600 14
164 1600 15
164 1600 16
164 1600 17
164 1600 18
164 1600 19
164 1601 11
164 1601 12
164 1601 13
164 1601 14
164 1601 15
164 1601 16
164 1601 17
164 1601 18
164 1601 19
164 1602 11
164 1602 12
164 1602 13
164 1602 14
164 1602 15
164 1602 16
164 1602 17
164 1602 18
164 1602 19
164 1603 11
164 1603 12
164 1603 13
164 1603 14
164 1603 15
164 1603 16
164 1603 17
164 1603 18
164 1603 19
164 1604 11
164 1604 12
164 1604 13
164 1604 14
164 1604 15
164 1604 16
164 1604 17
164 1604 18
164 1604 19
164 1605 11
164 1605 12
164 1605 13
164 1605 14
164 1605 15
164 1605 16
164 1605 17
164 1605 18
164 1605 19
164 1606 11
164 1606 12
164 1606 13
164 1606 14
164 1606 15
164 1606 16
164 1606 17
164 1606 18
164 1606 19
164 1607 11
164 1607 12
164 1607 13
164 1607 14
164 1607 15
164 1607 16
164 1607 17
164 1607 18
164 1607 19
164 1608 11
164 1608 12
164 1608 13
164 1608 14
164 1608 15
164 1608 16
164 1608 17
164 1608 18
164 1608 19
164 1609 11
164 1609 12
164 1609 13
164 1609 14
164 1609 15
164 1609 16
164 1609 17
164 1609 18
164 1609 19
164 1610 11
164 1610 12
164 1610 13
164 1610 14
164 1610 15
164 1610 16
164 1610 17
164 1610 18
164 1610 19
164 1611 11
164 1611 12
164 1611 13
164 1611 14
164 1611 15
164 1611 16
164 1611 17
164 1611 18
164 1611 19
164 1612 11
164 1612 12
164 1612 13
164 1612 14
164 1612 15
164 1612 16
164 1612 17
164 1612 18
164 1612 19
164 1613 11
164 1613 12
164 1613 13
164 1613 14
164 1613 15
164 1613 16
164 1613 17
164 1613 18
164 1613 19
164 1614 11
164 1614 12
164 1614 13
164 1614 14
164 1614 15
164 1614 16
164 1614 17
164 1614 18
164 1614 19
164 1615 11
164 1615 12
164 1615 13
164 1615 14
164 1615 15
164 1615 16
164 1615 17
164 1615 18
164 1615 19
164 1616 11
164 1616 12
164 1616 13
164 1616 14
164 1616 15
164 1616 16
164 1616 17
164 1616 18
164 1616 19
164 1617 11
164 1617 12
164 1617 13
164 1617 14
164 1617 15
164 1617 16
164 1617 17
164 1617 18
164 1617 19
164 1618 11
164 1618 12
164 1618 13
164 1618 14
164 1618 15
164 1618 16
164 1618 17
164 1618 18
164 1618 19
164 1619 11
164 1619 12
164 1619 13
164 1619 14
164 1619 15
164 1619 16
164 1619 17
164 1619 18
164 1619 19
164 1620 11
164 1620 12
164 1620 13
164 1620 14
164 1620 15
164 1620 16
164 1620 17
164 1620 18
164 1620 19
164 1621 11
164 1621 12
164 1621 13
164 1621 14
164 1621 15
164 1621 16
164 1621 17
164 1621 18
164 1621 19
164 1622 11
164 1622 12
164 1622 13
164 1622 14
164 1622 15
164 1622 16
164 1622 17
164 1622 18
164 1622 19
164 1623 11
164 1623 12
164 1623 13
164 1623 14
164 1623 15
164 1623 16
164 1623 17
164 1623 18
164 1623 19
164 1624 11
164 1624 12
164 1624 13
164 1624 14
164 1624 15
164 1624 16
164 1624 17
164 1624 18
164 1624 19
164 1625 11
164 1625 12
164 1625 13
164 1625 14
164 1625 15
164 1625 16
164 1625 17
164 1625 18
164 1625 19
164 1626 11
164 1626 12
164 1626 13
164 1626 14
164 1626 15
164 1626 16
164 1626 17
164 1626 18
164 1626 19
164 1627 11
164 1627 12
164 1627 13
164 1627 14
164 1627 15
164 1627 16
164 1627 17
164 1627 18
164 1627 19
164 1628 11
164 1628 12
164 1628 13
164 1628 14
164 1628 15
164 1628 16
164 1628 17
164 1628 18
164 1628 19
164 1629 11
164 1629 12
164 1629 13
164 1629 14
164 1629 15
164 1629 16
164 1629 17
164 1629 18
164 1629 19
164 1630 11
164 1630 12
164 1630 13
164 1630 14
164 1630 15
164 1630 16
164 1630 17
164 1630 18
164 1630 19
164 1631 11
164 1631 12
164 1631 13
164 1631 14
164 1631 15
164 1631 16
164 1631 17
164 1631 18
164 1631 19
164 1632 11
164 1632 12
164 1632 13
164 1632 14
164 1632 15
164 1632 16
164 1632 17
164 1632 18
164 1632 19
164 1633 11
164 1633 12
164 1633 13
164 1633 14
164 1633 15
164 1633 16
164 1633 17
164 1633 18
164 1633 19
164 1634 11
164 1634 12
164 1634 13
164 1634 14
164 1634 15
164 1634 16
164 1634 17
164 1634 18
164 1634 19
164 1635 11
164 1635 12
164 1635 13
164 1635 14
164 1635 15
164 1635 16
164 1635 17
164 1635 18
164 1635 19
164 1636 11
164 1636 12
164 1636 13
164 1636 14
164 1636 15
164 1636 16
164 1636 17
164 1636 18
164 1636 19
164 1637 11
164 1637 12
164 1637 13
164 1637 14
164 1637 15
164 1637 16
164 1637 17
164 1637 18
164 1637 19
164 1638 11
164 1638 12
164 1638 13
164 1638 14
164 1638 15
164 1638 16
164 1638 17
164 1638 18
164 1638 19
164 1639 11
164 1639 12
164 1639 13
164 1639 14
164 1639 15
164 1639 16
164 1639 17
164 1639 18
164 1639 19
164 1640 11
164 1640 12
164 1640 13
164 1640 14
164 1640 15
164 1640 16
164 1640 17
164 1640 18
164 1640 19
164 1641 11
164 1641 12
164 1641 13
164 1641 14
164 1641 15
164 1641 16
164 1641 17
164 1641 18
164 1641 19
164 1642 11
164 1642 12
164 1642 13
164 1642 14
164 1642 15
164 1642 16
164 1642 17
164 1642 18
164 1642 19
164 1643 11
164 1643 12
164 1643 13
164 1643 14
164 1643 15
164 1643 16
164 1643 17
164 1643 18
164 1643 19
164 1644 11
164 1644 12
164 1644 13
164 1644 14
164 1644 15
164 1644 16
164 1644 17
164 1644 18
164 1644 19
164 1645 11
164 1645 12
164 1645 13
164 1645 14
164 1645 15
164 1645 16
164 1645 17
164 1645 18
164 1645 19
164 1646 11
164 1646 12
164 1646 13
164 1646 14
164 1646 15
164 1646 16
164 1646 17
164 1646 18
164 1646 19
